# 	 t 	 T	E	K
2.05	1862.6255429	-296.863073735	25.7616647903
2.1	1837.55853001	-296.446986696	25.4149670947
2.15	1810.91097375	-296.112867471	25.0464091662
2.2	1825.84154082	-296.356490894	25.2529113616
2.25	1825.62217535	-296.338717884	25.2498773542
2.3	1730.11060961	-295.008964786	23.9288727382
2.35	1725.59468218	-294.930894161	23.8664136953
2.4	1753.43056422	-295.3609225	24.2514071606
2.45	1672.37604099	-294.182499251	23.1303555004
2.5	1703.73133852	-294.595012792	23.5640254172
2.55	1731.79685079	-295.000301836	23.9521948601
2.6	1937.22856075	-297.879105823	26.7934867501
2.65	1857.81961561	-296.750391741	25.6951948075
2.7	1854.68035408	-296.786721395	25.6517762022
2.75	1516.70379692	-292.04487848	20.9772785257
2.8	1773.2144329	-295.594760872	24.5250345652
2.85	1846.33899951	-296.625053118	25.5364083113
2.9	1754.46672571	-295.33200226	24.2657381382
2.95	1705.32561483	-294.671551793	23.5860755883
3.0	1930.81922801	-297.806557578	26.7048403327
3.05	1759.61150696	-295.437405582	24.336894754
3.1	1700.43183574	-294.606211012	23.5183905418
3.15	1801.23578538	-295.965121041	24.9125932413
3.2	1860.64198408	-296.779415602	25.7342305175
3.25	1751.76042264	-295.262087216	24.2283077095
3.3	1782.73665753	-295.727269561	24.6567348739
3.35	1798.01180098	-295.944064002	24.8680028481
3.4	1639.15604967	-293.692130293	22.670895313
3.45	1959.91874984	-298.216113879	27.1073109901
3.5	1684.23805035	-294.35151295	23.2944169833
3.55	1842.87917039	-296.528596439	25.4885559889
3.6	1860.81745059	-296.809293949	25.7366573655
3.65	1783.23209433	-295.723510476	24.663587178
3.7	1648.22444473	-293.859603256	22.7963187803
3.75	1570.03582352	-292.765867698	21.7149049353
3.8	1859.99548763	-296.784560198	25.7252889323
3.85	1857.7226709	-296.726343327	25.6938539813
3.9	1676.5230236	-294.184988132	23.1877117286
3.95	1595.19463948	-293.089196968	22.062872344
4.0	1865.28248213	-296.881349603	25.7984124759
4.05	1956.80591201	-298.185293594	27.0642578466
4.1	1824.1078421	-296.318965104	25.2289328623
4.15	1583.37712802	-292.923721952	21.899426304
4.2	1802.56720937	-296.023723448	24.9310079456
4.25	1785.45503375	-295.739145869	24.6943322843
4.3	1922.843085	-297.653370999	26.5945236222
4.35	1847.38359421	-296.661200394	25.5508559273
4.4	1779.20982633	-295.686109171	24.6079558568
4.45	1705.35575919	-294.588264726	23.58649251
4.5	1713.35475311	-294.822430283	23.6971252675
4.55	1835.45464652	-296.508431669	25.3858686313
4.6	1796.07207766	-295.934828648	24.8411748567
4.65	1875.96173269	-297.060977959	25.9461154182
4.7	1728.20135523	-294.988221484	23.9024661577
4.75	1858.57994476	-296.793434123	25.7057107937
4.8	1791.47468827	-295.852291196	24.777589127
4.85	1764.68412301	-295.535268638	24.4070532646
4.9	1646.7069271	-293.781870441	22.7753302458
4.95	1763.59580009	-295.455772936	24.392000851
5.0	1867.7577436	-296.9287497	25.8326474065
5.05	1777.24404376	-295.679747587	24.5807674444
5.1	1784.29451409	-295.792379362	24.6782813295
5.15	1683.72344772	-294.396473172	23.2872995998
5.2	2008.03675474	-298.925087444	27.772823131
5.25	1728.99230599	-294.964689685	23.9134056663
5.3	1653.40295005	-293.90504964	22.867941828
5.35	1788.19703765	-295.803291482	24.7322564853
5.4	1723.70097464	-294.876585896	23.8402221405
5.45	1836.90625524	-296.459047361	25.4059455907
5.5	1815.21438736	-296.161313889	25.1059289657
5.55	1748.58105536	-295.205747864	24.1843344083
5.6	1766.71849254	-295.526007637	24.4351902921
5.65	1656.59368586	-293.986103585	22.9120723656
5.7	1810.66694917	-296.14808415	25.0430341026
5.75	1900.89403038	-297.387649151	26.2909498902
5.8	1915.96917854	-297.567322417	26.4994517627
5.85	1634.28221263	-293.632996281	22.6034860818
5.9	1717.85940943	-294.853471991	23.7594284215
5.95	1873.9972809	-297.05383053	25.9189454115
6.0	1752.8379374	-295.329445291	24.2432106373
6.05	1658.92596752	-293.987903341	22.9443297662
6.1	1668.65430581	-294.150232318	23.0788807987
6.15	1710.72512928	-294.756729874	23.6607553767
6.2	2021.48704741	-299.101312757	27.9588518969
6.25	1916.18539861	-297.622934393	26.5024422666
6.3	1742.8107764	-295.154878079	24.1045266374
6.35	1812.48011861	-296.135338166	25.0681117483
6.4	1855.10848954	-296.704348247	25.6576976727
6.45	1637.05298227	-293.660422042	22.641808137
6.5	1629.96190595	-293.62457874	22.5437326371
6.55	1707.05297306	-294.681955555	23.6099663933
6.6	1712.54035043	-294.7339919	23.6858613991
6.65	1824.88564414	-296.327472855	25.2396905134
6.7	1789.17960635	-295.795464116	24.7458462298
6.75	1906.92371903	-297.491114458	26.3743455133
6.8	1771.97613351	-295.589248992	24.5079078518
6.85	1671.88190024	-294.155331856	23.1235211216
6.9	1842.45513274	-296.589331088	25.4826911945
6.95	1729.16408262	-294.959914354	23.9157814805
7.0	1798.48727521	-295.937318466	24.8745790533
7.05	1741.38014146	-295.156638959	24.0847397631
7.1	1704.94925471	-294.646709436	23.5808702139
7.15	1721.16267351	-294.873214229	23.8051153188
7.2	2031.08193307	-299.239500878	28.0915571682
7.25	1732.16530654	-295.023246405	23.9572909105
7.3	1774.27729746	-295.657083133	24.5397348686
7.35	1841.41563802	-296.562112634	25.4683141156
7.4	1576.87088238	-292.810116443	21.8094395002
7.45	1688.09843194	-294.399385213	23.3478092805
7.5	1813.07868859	-296.14305607	25.0763904704
7.55	1816.7870744	-296.210669321	25.1276805392
7.6	1886.57719203	-297.174489017	26.0929360748
7.65	1845.80737233	-296.643859098	25.5290554641
7.7	1756.32643608	-295.372441427	24.2914594837
7.75	1905.53270025	-297.433272221	26.3551065633
7.8	1679.93580516	-294.283136649	23.234913344
7.85	1714.35097026	-294.754864463	23.7109037815
7.9	1842.42441122	-296.588431463	25.4822662902
7.95	1716.09162207	-294.786918261	23.7349784479
8.0	1907.16334721	-297.511592082	26.3776597708
8.05	1640.88497829	-293.762796837	22.694807838
8.1	1688.85069341	-294.476301175	23.3582136841
8.15	1781.64070837	-295.775386488	24.641576983
8.2	1979.02803141	-298.461911632	27.3716082924
8.25	1657.59547167	-293.929295783	22.9259278989
8.3	1838.72948557	-296.495066748	25.4311623868
8.35	1841.63914775	-296.536405441	25.4714054415
8.4	1585.15612139	-292.936614981	21.924031266
8.45	1738.04765288	-295.09265622	24.0386486665
8.5	1844.42546548	-296.554566325	25.5099425398
8.55	1748.55122301	-295.262400572	24.183921802
8.6	1667.79655686	-294.130703577	23.0670174153
8.65	1825.06181842	-296.334777848	25.2421271505
8.7	1742.9161098	-295.198514507	24.1059834863
8.75	1858.9269959	-296.850552999	25.7105108005
8.8	1760.31169632	-295.371527937	24.3465789568
8.85	1778.15918948	-295.691886596	24.593424673
8.9	1976.88578968	-298.478875004	27.3419793026
8.95	1787.17684928	-295.794562866	24.7181464292
9.0	1780.34211414	-295.706924662	24.6236163417
9.05	1710.5700864	-294.681253084	23.6586110043
9.1	1791.88280371	-295.842027908	24.783233704
9.15	1800.25865071	-295.968751271	24.8990786539
9.2	1552.99122839	-292.54432063	21.4791639686
9.25	1774.93638678	-295.665254727	24.5488506236
9.3	1785.36769718	-295.834876777	24.6931243467
9.35	1863.34942306	-296.883245648	25.7716766567
9.4	1883.99316312	-297.140510871	26.0571967997
9.45	1739.66521595	-295.13216694	24.0610209129
9.5	1688.90128778	-294.387119496	23.3589134464
9.55	1849.52367466	-296.621882929	25.5804550248
9.6	1806.03399626	-296.040378492	24.9789564998
9.65	1784.33530289	-295.790282007	24.6788454725
9.7	1639.62363626	-293.733452406	22.6773624256
9.75	1913.48195614	-297.556055061	26.4650514024
9.8	1683.92723827	-294.320024317	23.2901181931
9.85	1727.15793758	-294.906488789	23.8880348213
9.9	1902.92228189	-297.373347157	26.3190023003
9.95	1685.78887938	-294.284366934	23.3158662423
10.0	1868.59431137	-296.904963874	25.8442178365
10.05	1732.56248703	-295.054013153	23.9627842479
10.1	1851.83548001	-296.740769003	25.6124292211
10.15	1799.56488727	-295.964553014	24.8894833269
10.2	1723.7748491	-294.898602199	23.841243886
10.25	1890.03179776	-297.287092009	26.1407161533
10.3	1823.03012666	-296.308622759	25.2140271589
10.35	1817.20667679	-296.220973167	25.1334839901
10.4	1637.53373071	-293.682540558	22.6484572887
10.45	1873.11048268	-297.001246666	25.9066802525
10.5	1864.32244849	-296.885506912	25.78513441
10.55	1808.57928555	-296.071927776	25.0141599736
10.6	1731.86299104	-294.967734178	23.953109635
10.65	1843.24322299	-296.554609155	25.49359114
10.7	1653.09996525	-293.921612862	22.8637512955
10.75	1813.02482648	-296.18856565	25.0756455125
10.8	1696.72027007	-294.490474505	23.4670564929
10.85	1819.11048366	-296.204132934	25.159815227
10.9	1819.56305456	-296.231024891	25.16607466
10.95	1621.3296833	-293.470016965	22.424341798
11.0	1731.79854455	-294.980366017	23.9522182862
11.05	1926.90215374	-297.771958505	26.6506639285
11.1	1683.04256334	-294.330928407	23.277882401
11.15	1791.8699541	-295.833801044	24.7830559831
11.2	1787.20991028	-295.753974314	24.7186036904
11.25	1845.82646242	-296.591207788	25.5293194959
11.3	1644.35833468	-293.784763889	22.7428472537
11.35	1932.01533793	-297.838821862	26.7213835304
11.4	1765.57278303	-295.507227577	24.419344174
11.45	1784.84764692	-295.79664803	24.6859316178
11.5	1758.02050054	-295.401271028	24.3148898082
11.55	1699.24955518	-294.587882754	23.5020386156
11.6	1810.65817049	-296.123400789	25.0429126863
11.65	1831.15113726	-296.399225587	25.3263475089
11.7	1729.7944526	-294.959744147	23.9245000231
11.75	1887.76296352	-297.202198494	26.1093362835
11.8	1896.56456057	-297.312242791	26.2310697116
11.85	1711.31348608	-294.68977539	23.6688928419
11.9	1739.98214892	-295.120237866	24.0654043602
11.95	1568.64830655	-292.710223263	21.6957144184
12.0	1754.57912018	-295.301701688	24.2672926474
12.05	1710.96707794	-294.730255048	23.6641017285
12.1	1695.89012027	-294.598834903	23.4555748288
12.15	1628.51820618	-293.571830598	22.5237650651
12.2	1966.48053526	-298.277687562	27.1980659554
12.25	1812.30804029	-296.140395666	25.0657317617
12.3	1834.02659856	-296.421868639	25.366117537
12.35	1764.98766957	-295.442163173	24.4112515668
12.4	1739.50950197	-295.131449407	24.0588672586
12.45	1712.99228078	-294.770656502	23.6921119728
12.5	1759.7571931	-295.411078574	24.3389097147
12.55	1691.78409923	-294.422213287	23.3987851331
12.6	1955.35117794	-298.191988843	27.0441376612
12.65	1759.76691015	-295.413119034	24.3390441096
12.7	1851.75968485	-296.715673843	25.6113809108
12.75	1814.35482569	-296.210719689	25.0940405109
12.8	1751.20762147	-295.281848299	24.2206620082
12.85	1656.08575808	-293.99127663	22.9050473008
12.9	1901.56489091	-297.440107292	26.3002284508
12.95	1873.02730823	-296.942597616	25.9055298805
13.0	1714.52362878	-294.732717824	23.7132917929
13.05	1591.85734259	-293.047900111	22.0167147445
13.1	1703.29775423	-294.63481266	23.5580285848
13.15	1812.76952358	-296.132332074	25.0721144605
13.2	1791.41342156	-295.785491148	24.7767417574
13.25	1969.62304077	-298.352081564	27.2415294276
13.3	1583.91933049	-292.933497366	21.9069254163
13.35	1762.81503377	-295.42613904	24.3812022016
13.4	1814.00293337	-296.122253152	25.0891735466
13.45	1712.15515433	-294.773313037	23.6805338159
13.5	1670.04707806	-294.15770731	23.0981440006
13.55	1935.6980783	-297.878449868	26.7723189014
13.6	1806.48576432	-296.068908288	24.9852048288
13.65	1775.07820923	-295.626743973	24.5508121464
13.7	1853.96098252	-296.707959143	25.6418266935
13.75	1675.57928728	-294.227007367	23.1746590682
13.8	1670.79688494	-294.17072182	23.1085144551
13.85	1789.67459083	-295.828325387	24.7526922781
13.9	1799.52776545	-295.94833293	24.8889699011
13.95	1779.87169866	-295.683520557	24.6171101032
14.0	1770.12773954	-295.47576702	24.4823430216
14.05	1781.80261617	-295.686291862	24.6438163028
14.1	1760.495505	-295.479009342	24.3491211841
14.15	1848.88691294	-296.763926115	25.5716480792
14.2	1832.20786528	-296.423753042	25.3409629387
14.25	1797.17569249	-295.891770203	24.8564387703
14.3	1607.40939706	-293.25464519	22.231812629
14.35	1742.76999979	-295.186403803	24.103962663
14.4	1776.14609352	-295.643233761	24.5655818767
14.45	1667.94324419	-294.089718804	23.0690462234
14.5	1816.89761303	-296.174388662	25.1292093806
14.55	1949.20298913	-298.073630014	26.959103082
14.6	1730.52090694	-295.007711662	23.9345474924
14.65	1641.37513453	-293.786335661	22.7015871075
14.7	1919.40752038	-297.684031828	26.5470068981
14.75	1641.01388949	-293.679332445	22.6965907873
14.8	1931.76986575	-297.800192482	26.7179884455
14.85	1912.88991421	-297.570637292	26.4568629687
14.9	1745.97138395	-295.213030365	24.1482404761
14.95	1668.08696026	-294.115922156	23.0710339365
15.0	1678.04280485	-294.232609774	23.208731571
15.05	1671.90084473	-294.197131988	23.1237831397
15.1	1823.91962169	-296.344813287	25.2263296171
15.15	1896.88437601	-297.344317069	26.235493026
15.2	1751.27315478	-295.291211378	24.2215683886
15.25	1721.1434951	-294.844589443	23.8048500655
15.3	1741.44460564	-295.160677457	24.0856313564
15.35	1815.10294171	-296.182654086	25.1043875794
15.4	1866.63156343	-296.918713434	25.8170713955
15.45	1700.29148781	-294.619356807	23.5164494129
15.5	1894.92778954	-297.314063212	26.2084318031
15.55	1886.97714817	-297.202496114	26.0984678018
15.6	1733.81411895	-295.070998986	23.9800953613
15.65	1725.62495439	-294.919901767	23.8668323852
15.7	1732.71337949	-295.015539392	23.9648712164
15.75	1822.79986271	-296.32472114	25.2108424165
15.8	1717.58654441	-294.822235826	23.7556544707
15.85	1768.49258983	-295.552976049	24.4597275373
15.9	1894.89884988	-297.322888584	26.2080315435
15.95	1862.20221124	-296.879005359	25.7558097604
16.0	1844.65248711	-296.650975803	25.5130824382
16.05	1898.965745	-297.391544408	26.264280095
16.1	1603.86875658	-293.227715565	22.1828426181
16.15	1869.50120806	-297.002776745	25.8567609741
16.2	1968.28358493	-298.370080317	27.2230036362
16.25	1671.26144411	-294.12303777	23.1149396959
16.3	1683.1640396	-294.311186191	23.2795625189
16.35	1784.36947583	-295.749456103	24.6793181129
16.4	1747.06428686	-295.192357175	24.1633562349
16.45	2003.67258377	-298.810845947	27.7124630065
16.5	1745.66481365	-295.182341554	24.144000353
16.55	1690.32550214	-294.427201989	23.3786115189
16.6	1700.83331102	-294.605110762	23.5239432798
16.65	2013.21419986	-299.017922662	27.8444315153
16.7	1671.55537184	-294.133714727	23.1190049615
16.75	1845.77744013	-296.646164779	25.5286414767
16.8	1688.95942157	-294.467658086	23.3597174852
16.85	1953.05837651	-298.121327772	27.0124263051
16.9	1764.19313186	-295.463240646	24.4002624476
16.95	1757.08583908	-295.35688085	24.3019626605
17.0	1613.23093867	-293.291705085	22.312329405
17.05	1876.40927764	-297.060003053	25.9523053382
17.1	1763.00399767	-295.497275089	24.38381573
17.15	1769.36958101	-295.577908229	24.4718570568
17.2	1750.22136279	-295.281439702	24.2070212281
17.25	1854.07562532	-296.694540384	25.6434122991
17.3	1954.96979592	-298.160537425	27.0388628298
17.35	1644.24689744	-293.776700018	22.7413059838
17.4	1631.61586672	-293.635109359	22.566608294
17.45	1749.84016852	-295.320582425	24.2017489934
17.5	1811.63946609	-296.127108362	25.0564848229
17.55	1713.37855011	-294.723705274	23.6974543998
17.6	2014.03250952	-298.983968431	27.8557494204
17.65	1683.99194718	-294.339092219	23.2910131713
17.7	1865.76505962	-296.926056221	25.805086925
17.75	1570.57644808	-292.807354876	21.7223822239
17.8	1899.00615863	-297.403871849	26.2648390493
17.85	1833.95785949	-296.452128692	25.3651668183
17.9	1883.29009958	-297.135821813	26.0474728446
17.95	1909.43410497	-297.52450295	26.4090662447
18.0	1652.21198261	-293.843310261	22.8514697551
18.05	1729.29986064	-294.997092012	23.9176594037
18.1	1673.44184092	-294.196667309	23.1450964023
18.15	1986.33686737	-298.571545163	27.4726955897
18.2	1785.54510591	-295.738468982	24.6955780574
18.25	1724.18025378	-294.894032993	23.8468509708
18.3	1775.66131429	-295.651566874	24.5588769757
18.35	1830.47565639	-296.453812877	25.3170050451
18.4	1755.29672762	-295.377556892	24.2772177568
18.45	1824.08380851	-296.322177305	25.2286004578
18.5	1769.7461644	-295.5200665	24.4770655192
18.55	1907.75767095	-297.514031843	26.3858797639
18.6	1536.58512999	-292.291643478	21.2522539442
18.65	1621.25531722	-293.429734993	22.4233132531
18.7	1827.00183764	-296.327351395	25.2689592344
18.75	1846.33159152	-296.593060634	25.5363058527
18.8	1636.94053008	-293.657575426	22.6402528293
18.85	1892.47298492	-297.304151351	26.1744798079
18.9	1774.44351113	-295.621819858	24.5420337423
18.95	1658.08739606	-293.978650427	22.9327316234
19.0	1772.04898093	-295.600802644	24.5089153924
19.05	1836.8228072	-296.472979657	25.4047914347
19.1	1824.54479567	-296.324879341	25.2349762947
19.15	1749.87907774	-295.261436165	24.2022871403
19.2	1836.81290973	-296.493995019	25.4046545444
19.25	1770.39408387	-295.557487926	24.4860267858
19.3	1833.33321292	-296.449944667	25.3565274353
19.35	1677.36945143	-294.239457446	23.1994185315
19.4	1690.42863007	-294.439292309	23.3800378642
19.45	1846.52113937	-296.624146373	25.5389274576
19.5	1789.01083639	-295.752438795	24.7435120005
19.55	1558.18016502	-292.569184212	21.55093129
19.6	1818.63376037	-296.255098946	25.1532217463
19.65	1768.95657664	-295.545601647	24.4661448618
19.7	1818.05238254	-296.277322004	25.1451808061
19.75	1808.21514157	-296.145410874	25.0091235586
19.8	1831.27493385	-296.419994999	25.3280597189
19.85	1838.13521281	-296.512228148	25.4229430989
19.9	1784.23528102	-295.744263921	24.6774620867
19.95	1809.83983767	-296.134974503	25.0315944607
20.0	1700.00774535	-294.576553761	23.512525018
20.05	1719.93403809	-294.907684782	23.7881222662
20.1	1807.8717045	-296.128865474	25.0043735375
20.15	1849.64791246	-296.643633946	25.5821733373
20.2	1923.39735121	-297.707472329	26.6021895863
20.25	1897.45182848	-297.370965137	26.243341367
20.3	1687.78744614	-294.441510299	23.3435080876
20.35	1787.08550233	-295.777297509	24.7168830247
20.4	1776.45664031	-295.597854154	24.5698769979
20.45	1776.6010071	-295.655581011	24.571873711
20.5	1872.99192283	-297.01829176	25.9050404708
20.55	1926.22288061	-297.771469323	26.6412690145
20.6	1793.3866856	-295.890081837	24.8040336449
20.65	1584.89564871	-292.933415979	21.9204287117
20.7	1835.91544805	-296.462071681	25.3922419008
20.75	1830.5819143	-296.43078694	25.3184746806
20.8	1592.9947339	-293.097035222	22.0324458149
20.85	1826.76458769	-296.332397289	25.2656778697
20.9	1820.04750429	-296.188292715	25.1727750039
20.95	1973.47576574	-298.41361326	27.2948158273
21.0	1557.88222396	-292.640102098	21.5468105167
21.05	1953.59026332	-298.117189037	27.0197827433
21.1	1750.39300676	-295.238463059	24.2093952074
21.15	1659.44695513	-294.012096348	22.9515354593
21.2	1856.31894243	-296.810500804	25.6744392458
21.25	1693.81515821	-294.475526565	23.4268763729
21.3	1765.29073302	-295.484651553	24.4154431871
21.35	1814.96505642	-296.20954575	25.1024805108
21.4	1697.53930542	-294.559705145	23.478384435
21.45	1750.49480542	-295.270033323	24.2108031677
21.5	1759.53999114	-295.359371914	24.3359056304
21.55	1869.7988088	-296.922473961	25.8608770406
21.6	1808.93577604	-296.061174425	25.0190905344
21.65	1684.12411386	-294.330456361	23.2928411467
21.7	1644.37117037	-293.819190114	22.7430247821
21.75	1687.5086421	-294.39419971	23.3396519951
21.8	1476.24067625	-291.411338178	20.4176398183
21.85	1962.46630451	-298.243238359	27.142545796
21.9	1925.3799248	-297.685026964	26.6296102326
21.95	1823.96143723	-296.269544384	25.2269079609
22.0	1654.03143794	-293.886196255	22.8766343398
22.05	1794.49715439	-295.925425116	24.8193923545
22.1	1837.2936016	-296.507466112	25.4113029139
22.15	1810.68643821	-296.12574167	25.0433036523
22.2	1707.98261368	-294.688692762	23.6228240985
22.25	1795.76590244	-295.909619441	24.8369401981
22.3	1773.43076336	-295.589575612	24.5280265959
22.35	1812.58942772	-296.172949909	25.0696235844
22.4	1858.33227032	-296.828929769	25.7022852497
22.45	1665.11557731	-294.07963887	23.0299372321
22.5	1874.01292656	-297.04572689	25.919161804
22.55	1817.33486716	-296.230963265	25.1352569699
22.6	1637.00200665	-293.68804248	22.6411031016
22.65	1714.19909279	-294.769064651	23.7088031894
22.7	1932.67975764	-297.790698168	26.7305730092
22.75	1820.51880073	-296.259373755	25.1792934268
22.8	1717.00266314	-294.817341049	23.7475789057
22.85	1724.10316829	-294.902517975	23.8457848141
22.9	1919.62773127	-297.646681966	26.5500525984
22.95	1822.88576405	-296.279061296	25.2120305036
23.0	1739.76132606	-295.099698462	24.0623501959
23.05	1812.76964505	-296.183705555	25.0721161404
23.1	1693.5687888	-294.533277511	23.4234688785
23.15	1842.0513568	-296.592172866	25.4771066366
23.2	1790.5147332	-295.803707989	24.7643121477
23.25	1898.33889637	-297.365741523	26.2556102557
23.3	1641.517936	-293.774931313	22.703562171
23.35	1779.62731438	-295.716184738	24.6137300648
23.4	1818.89247279	-296.270912801	25.1567999549
23.45	1869.65243565	-296.970530106	25.8588525779
23.5	1652.84258387	-293.921021876	22.8601914964
23.55	1798.6346606	-295.926804439	24.8766175161
23.6	2032.12018708	-299.215557346	28.1059170871
23.65	1660.66004674	-294.006049492	22.9683135281
23.7	1616.4425299	-293.408453882	22.3567483904
23.75	1784.70147108	-295.740366755	24.6839098841
23.8	1727.95221669	-294.919796218	23.8990203638
23.85	1886.54887433	-297.258529284	26.0925444173
23.9	1828.78839122	-296.414788815	25.2936687605
23.95	1807.11851066	-296.034261156	24.9939562385
24.0	1787.9260857	-295.813181259	24.7285089938
24.05	1811.98407758	-296.15401576	25.0612510872
24.1	1791.13770557	-295.852579201	24.7729283753
24.15	1769.97434616	-295.579024457	24.4802214631
24.2	1825.80009124	-296.317640186	25.2523380794
24.25	1799.91562566	-296.016342406	24.8943343314
24.3	1776.80802583	-295.687829222	24.5747369527
24.35	1879.66392055	-297.078873539	25.9973197641
24.4	1809.17549393	-296.103769089	25.0224060328
24.45	1677.00550144	-294.240595492	23.1943847996
24.5	1708.44723399	-294.700985353	23.6292501849
24.55	1950.71727947	-298.095515219	26.9800469804
24.6	1803.74550177	-296.04501198	24.9473047122
24.65	1655.1818716	-293.980731769	22.8925457967
24.7	1977.90236414	-298.494068233	27.3560393753
24.75	1700.70212869	-294.537323171	23.5221289188
24.8	1806.0684888	-296.068793074	24.9794335603
24.85	1693.82289124	-294.477490538	23.4269833272
24.9	1803.20234071	-295.986702894	24.9397923418
24.95	1836.23942969	-296.475802449	25.3967228372
25.0	1640.67472151	-293.762830486	22.6918998112
25.05	1584.24019667	-292.938109377	21.9113632633
25.1	1894.11054753	-297.317074434	26.1971286645
25.15	1723.18544856	-294.860802935	23.8330919849
25.2	1737.70973464	-295.102936056	24.0339749754
25.25	1976.25510922	-298.44781606	27.3332564658
25.3	1728.94484102	-294.980212994	23.9127491862
25.35	1677.11093016	-294.26059577	23.1958429668
25.4	1886.21477451	-297.220935411	26.0879235382
25.45	1642.67649878	-293.762376043	22.7195860606
25.5	1711.25849331	-294.732394183	23.6681322461
25.55	1803.65506665	-296.039010332	24.9460539192
25.6	1749.25974375	-295.284794287	24.1937212347
25.65	1702.26466347	-294.575906638	23.543740078
25.7	1802.97097541	-296.014176723	24.9365923667
25.75	1754.33333648	-295.307540844	24.2638932538
25.8	1726.28831145	-294.972137921	23.8760071666
25.85	1815.90060997	-296.251603145	25.1154199968
25.9	1835.15474546	-296.473012001	25.3817207496
25.95	1810.79082072	-296.118189582	25.0447473495
26.0	1755.11355308	-295.329639726	24.2746843002
26.05	1824.89739589	-296.350477365	25.2398530499
26.1	1799.22473261	-295.999731446	24.8847787042
26.15	1763.96279888	-295.463397738	24.3970767504
26.2	1728.83466721	-294.981084751	23.9112253906
26.25	1825.7342409	-296.320650366	25.2514273143
26.3	1686.09355089	-294.343910385	23.3200801034
26.35	1927.94814202	-297.751296247	26.6651308187
26.4	1759.36858176	-295.428496304	24.3335348957
26.45	1701.04063948	-294.596997893	23.5268108053
26.5	1806.03911391	-296.047036492	24.9790272812
26.55	1772.07214978	-295.540653485	24.5092358369
26.6	1749.2291229	-295.213460382	24.1932977229
26.65	1725.46658592	-294.912804752	23.8646420171
26.7	1966.08330133	-298.280578385	27.1925718788
26.75	1693.0816203	-294.415656952	23.4167309318
26.8	1646.54795155	-293.824600531	22.7731314813
26.85	1715.43940292	-294.807303921	23.7259577131
26.9	1764.4118316	-295.456177447	24.4032872473
26.95	1854.03498807	-296.719477018	25.642850252
27.0	1876.42345364	-297.035155084	25.9525014041
27.05	1600.20528106	-293.125028856	22.1321736961
27.1	1934.8824305	-297.873206279	26.761037812
27.15	1796.48790261	-295.900885299	24.8469260626
27.2	1642.09742999	-293.733685452	22.7115770562
27.25	1780.29815939	-295.714057277	24.6230084107
27.3	1794.19354376	-295.865079497	24.8151931661
27.35	1801.64918903	-296.022656392	24.9183109586
27.4	1888.72704097	-297.256957276	26.1226702786
27.45	1589.60413026	-292.981250457	21.9855509386
27.5	1780.42591202	-295.681956527	24.6247753363
27.55	1626.05600804	-293.513455614	22.4897108112
27.6	1790.75493754	-295.859361092	24.7676343741
27.65	1713.60071946	-294.741615986	23.7005271873
27.7	1691.94611374	-294.436254709	23.401025929
27.75	1847.01797148	-296.618136305	25.54579906
27.8	1714.38152463	-294.790403965	23.711326374
27.85	1732.7460481	-295.07190782	23.9653230505
27.9	1726.77414448	-294.895462525	23.8827266426
27.95	1795.72876642	-295.843827446	24.836426576
28.0	1657.56661627	-293.963816568	22.9255288047
28.05	1799.56536051	-295.967862778	24.8894898722
28.1	1662.8597134	-294.052388525	22.9987367526
28.15	1853.28252906	-296.762647269	25.6324431163
28.2	1835.79008312	-296.437672535	25.3905079993
28.25	1791.96424685	-295.823761289	24.7843601305
28.3	1629.2760075	-293.569247505	22.5342460894
28.35	1767.79506097	-295.506082339	24.4500801314
28.4	1734.44460332	-295.033878957	23.988815486
28.45	1804.42756456	-296.042440421	24.9567382096
28.5	1700.07260632	-294.604899579	23.5134220993
28.55	1834.83297512	-296.477662608	25.3772703974
28.6	1786.58507063	-295.764569956	24.7099616369
28.65	1602.0022933	-293.174232771	22.1570278743
28.7	1834.54683453	-296.439867109	25.3733128344
28.75	1852.67944287	-296.640810831	25.6241019313
28.8	1845.30329357	-296.61184252	25.5220836343
28.85	1724.55749923	-294.988909133	23.8520685901
28.9	1828.06587131	-296.371262562	25.2836757075
28.95	1758.17088357	-295.376778487	24.3169697308
29.0	1720.44518141	-294.899171823	23.7951918046
29.05	1814.86747012	-296.20373784	25.1011308109
29.1	1853.9837272	-296.751993875	25.6421412714
29.15	1956.87164767	-298.185840191	27.0651670257
29.2	1641.89206553	-293.711451864	22.7087366944
29.25	1624.09299977	-293.515449322	22.4625607695
29.3	1915.99208355	-297.644701378	26.4997685582
29.35	1653.91276047	-293.925899192	22.8749929313
29.4	1825.95264798	-296.350469155	25.2544480663
29.45	1898.62973307	-297.343235567	26.2596327699
29.5	1788.43417228	-295.78455687	24.735536255
29.55	1781.73677421	-295.695422595	24.6429056537
29.6	1851.64606734	-296.688471842	25.6098094858
29.65	1697.50488739	-294.602242982	23.4779084049
29.7	1846.53890183	-296.620680688	25.5391731272
29.75	1943.9908979	-297.969400719	26.8870155131
29.8	1754.86924417	-295.394357565	24.2713053042
29.85	1818.8744686	-296.207148236	25.1565509419
29.9	1737.88435402	-295.062003532	24.0363901071
29.95	1718.48417515	-294.841377316	23.7680694525
30.0	1715.97100606	-294.817665876	23.7333102279
30.05	1763.12641693	-295.448091959	24.3855088904
30.1	1702.72110037	-294.53158438	23.550052981
30.15	1821.24951156	-296.253534974	25.189399767
30.2	1962.65224935	-298.234455554	27.1451175683
30.25	1883.72059947	-297.139181395	26.0534270171
30.3	1598.69864178	-293.214927944	22.1113356182
30.35	1756.64971602	-295.375631156	24.2959307149
30.4	1826.44130013	-296.27193607	25.2612065332
30.45	1882.89446583	-297.127076406	26.0420008998
30.5	1634.0749023	-293.611864757	22.600618807
30.55	1854.59726189	-296.750876864	25.6506269678
30.6	1722.05444069	-294.855284516	23.8174492027
30.65	1705.59615695	-294.578850854	23.5898174115
30.7	1758.18359958	-295.392875364	24.3171456038
30.75	1818.1952748	-296.246496472	25.1471571252
30.8	1778.82938407	-295.712717876	24.602694023
30.85	1792.63927761	-295.886239846	24.7936963689
30.9	1802.91037993	-296.044552511	24.9357542807
30.95	1910.40100242	-297.513304714	26.4224392428
31.0	1747.85848702	-295.216843758	24.1743406854
31.05	1709.0469958	-294.698744412	23.637545391
31.1	1754.28214444	-295.314658932	24.2631852252
31.15	1750.95822529	-295.280706812	24.217212651
31.2	1777.99085343	-295.671297071	24.591096445
31.25	1708.39752758	-294.669864665	23.6285627038
31.3	1825.38621765	-296.308419323	25.2466138624
31.35	1667.90606647	-294.134773699	23.0685320246
31.4	1919.69644746	-297.659932618	26.5510030006
31.45	1797.45795036	-295.918266306	24.8603426322
31.5	1778.32350733	-295.687208754	24.5956973259
31.55	1784.63161568	-295.819727834	24.6829437256
31.6	1848.53591348	-296.662195757	25.5667934639
31.65	1841.4022112	-296.574340568	25.4681284115
31.7	1738.7240721	-295.161165643	24.0480041085
31.75	1913.94473515	-297.580361865	26.4714520222
31.8	1808.57617678	-296.048718562	25.0141169767
31.85	1820.24128169	-296.223030478	25.1754551069
31.9	1586.64950195	-292.986251688	21.9446859649
31.95	1786.52568511	-295.793884556	24.7091402856
32.0	1737.68085353	-295.09365965	24.0335755256
32.05	1781.40070891	-295.677460965	24.6382575902
32.1	1848.62663164	-296.613005652	25.5680481717
32.15	1830.04050702	-296.385935804	25.3109865664
32.2	1793.92078108	-295.901215144	24.8114206308
32.25	1660.19436476	-294.023369467	22.9618727579
32.3	1654.08793263	-293.923838695	22.8774157084
32.35	1807.94697833	-296.040489866	25.0054146373
32.4	1847.54608089	-296.647141574	25.5531032537
32.45	1718.96113395	-294.874403198	23.7746661905
32.5	1769.54753967	-295.559889568	24.4743183735
32.55	1818.34179615	-296.212462964	25.1491836376
32.6	1895.83497297	-297.308370676	26.2209789066
32.65	1720.06740861	-294.868063281	23.7899668917
32.7	1751.44652511	-295.283348263	24.2239662448
32.75	1837.77198492	-296.525904717	25.4179193542
32.8	1718.98918746	-294.888543867	23.7750541939
32.85	1746.8306309	-295.251113775	24.1601245781
32.9	1892.50887325	-297.255510192	26.1749761734
32.95	1766.18132699	-295.442397387	24.4277608445
33.0	1743.44811518	-295.115554669	24.1133415644
33.05	1741.33114103	-295.174695972	24.0840620463
33.1	1652.89168332	-293.93288506	22.8608705828
33.15	1818.32122675	-296.228255059	25.1488991457
33.2	1810.2723769	-296.049925985	25.0375768391
33.25	1885.87140621	-297.120993506	26.0831744683
33.3	1625.4002297	-293.490582569	22.4806408497
33.35	1743.72273205	-295.161972387	24.1171397448
33.4	1707.96343443	-294.720283183	23.6225588335
33.45	1915.13339983	-297.594618686	26.4878922461
33.5	1804.62762406	-296.038478794	24.9595051993
33.55	1646.32127075	-293.823121515	22.7699962969
33.6	1841.39758239	-296.547703763	25.4680643912
33.65	1789.10152253	-295.813051315	24.7447662655
33.7	1646.30415949	-293.830399967	22.7697596339
33.75	1878.30057079	-297.0840172	25.9784634999
33.8	1838.82128315	-296.491131207	25.432432024
33.85	1915.19900768	-297.624108714	26.4887996574
33.9	1702.42314572	-294.611211641	23.5459320197
33.95	1766.83783852	-295.520968992	24.4368409465
34.0	1783.7345298	-295.748583251	24.6705362797
34.05	1624.17495447	-293.502624495	22.4636942714
34.1	1715.46349965	-294.831157008	23.726290991
34.15	1765.34370243	-295.47719062	24.4161757982
34.2	1878.57982999	-297.067527216	25.9823258875
34.25	1729.89016252	-294.91260065	23.925823771
34.3	1824.62777658	-296.323189289	25.2361239899
34.35	1805.92127562	-296.108951129	24.9773974793
34.4	1732.67065079	-295.07242335	23.9642802429
34.45	1833.58987393	-296.46666377	25.3600772711
34.5	1803.65683908	-296.015659689	24.9460784334
34.55	1736.17681246	-295.09307631	24.0127733831
34.6	1908.13992172	-297.51222298	26.3911666109
34.65	1719.48176395	-294.818187289	23.7818669377
34.7	1803.3830671	-296.021972463	24.9422919385
34.75	1839.87406189	-296.57400131	25.4469928319
34.8	1645.36936786	-293.839231217	22.7568306859
34.85	1904.4722395	-297.453883464	26.3404395067
34.9	1712.7283734	-294.752693053	23.6884619136
34.95	1727.23608227	-294.98136122	23.8891156276
35.0	1879.22202608	-297.130270406	25.9912079951
35.05	1716.08729342	-294.786233742	23.7349185791
35.1	1805.33627893	-296.066266608	24.9693064872
35.15	1795.43922517	-295.890302138	24.832421979
35.2	1720.18014917	-294.844118691	23.7915261877
35.25	1912.12683095	-297.531747288	26.4463088909
35.3	1805.97292436	-296.044555116	24.9781118244
35.35	1763.19630741	-295.459260853	24.386475534
35.4	1737.06844891	-295.076293271	24.0251054589
35.45	1836.83997836	-296.521346986	25.4050289261
35.5	1804.78752622	-296.054950854	24.9617167795
35.55	1891.67788804	-297.251707906	26.1634829549
35.6	1698.07563114	-294.543854249	23.485802267
35.65	1674.1661854	-294.177958559	23.1551146906
35.7	1808.90448086	-296.067830943	25.018657696
35.75	1738.49443372	-295.094545577	24.0448280182
35.8	1820.89995119	-296.214882543	25.1845650555
35.85	1735.4037908	-295.00199952	24.0020818488
35.9	1764.84791512	-295.482534233	24.4093186462
35.95	1905.14283424	-297.506743016	26.3497143913
36.0	1699.63544897	-294.588633339	23.5073758486
36.05	1870.11218834	-296.975391593	25.865211341
36.1	1800.05469888	-295.937085742	24.89625783
36.15	1777.48110727	-295.596383431	24.5840462304
36.2	1727.30652215	-294.972097909	23.8900898698
36.25	1669.41191406	-294.152927356	23.0893591526
36.3	1708.3605572	-294.652706083	23.6280513725
36.35	1728.62315879	-295.006321272	23.9083000527
36.4	1836.93704198	-296.497835921	25.4063713969
36.45	1820.26758198	-296.258981284	25.1758188619
36.5	1790.16012633	-295.809520451	24.759407639
36.55	1798.99447146	-295.945814543	24.8815940005
36.6	1805.65458486	-296.037754062	24.9737089236
36.65	1596.96417406	-293.034524332	22.0873464831
36.7	1893.88028687	-297.291083399	26.1939439676
36.75	1732.60497867	-295.01628362	23.9633719427
36.8	1831.35730504	-296.36785634	25.3291989812
36.85	1832.24453621	-296.421762551	25.3414701283
36.9	1881.24063423	-297.090599721	26.0191270294
36.95	1790.93686043	-295.824097611	24.7701505195
37.0	1666.64558185	-294.090506465	23.0510984709
37.05	1793.2150661	-295.866235444	24.8016600039
37.1	1693.13175479	-294.455181075	23.4174243335
37.15	1787.98657454	-295.783591006	24.7293456048
37.2	1733.93950009	-294.987482586	23.981829487
37.25	1845.67989203	-296.633564489	25.5272923052
37.3	1649.85004568	-293.853092215	22.8188021973
37.35	1801.39033436	-295.972020551	24.9147307827
37.4	1916.55550395	-297.624713912	26.5075611322
37.45	1652.26444059	-293.906882867	22.8521952926
37.5	1828.07274072	-296.423977611	25.2837707172
37.55	1883.39560565	-297.149813185	26.0489320814
37.6	1808.983522	-296.038234564	25.0197509008
37.65	1910.42878256	-297.52170061	26.4228234654
37.7	1589.63913125	-293.042488586	21.9860350315
37.75	1698.66515398	-294.524543021	23.4939558596
37.8	1699.60415885	-294.521363721	23.5069430801
37.85	1851.13985725	-296.681812392	25.6028081781
37.9	1798.97779583	-295.949603645	24.8813633626
37.95	1729.21852837	-294.984753045	23.9165345105
38.0	1881.30780452	-297.117505117	26.0200560505
38.05	1724.05258314	-294.86858063	23.8450851793
38.1	1847.87389707	-296.652522027	25.5576372248
38.15	1682.85040354	-294.331168694	23.2752246706
38.2	1620.25004296	-293.408371518	22.4094094716
38.25	1822.81195385	-296.259533178	25.211009647
38.3	1794.77214963	-295.883529057	24.8231957679
38.35	1835.86459825	-296.474659844	25.3915386057
38.4	1807.68151472	-296.061522828	25.0017430542
38.45	1831.62497447	-296.380498369	25.3329010728
38.5	1691.33839561	-294.439801282	23.3926206805
38.55	1819.31459083	-296.225278431	25.1626381995
38.6	1672.56631854	-294.156068983	23.1329871976
38.65	1820.34673787	-296.235365538	25.1769136538
38.7	1782.59495779	-295.671344853	24.6547750484
38.75	1820.46355651	-296.278368021	25.1785293531
38.8	1732.04603787	-295.046699391	23.9556413252
38.85	1776.06632939	-295.634880178	24.5644786723
38.9	1884.98162026	-297.180896538	26.0708679864
38.95	1678.27727237	-294.278939552	23.2119744523
39.0	1671.96508277	-294.171834684	23.1246716055
39.05	1842.47621575	-296.56267895	25.4829827902
39.1	2004.82146788	-298.878592787	27.728353032
39.15	1796.7943845	-295.935894447	24.8511649628
39.2	1877.55622847	-297.045664243	25.9681686247
39.25	1646.8920881	-293.847661986	22.7778911768
39.3	1881.15171064	-297.167656674	26.017897142
39.35	1697.30210921	-294.513119959	23.4751038136
39.4	1741.34362958	-295.100154544	24.0842347734
39.45	1752.23792636	-295.32039253	24.2349119842
39.5	1922.82378825	-297.739501561	26.5942567322
39.55	1881.63008375	-297.131516371	26.0245134411
39.6	1731.84884452	-295.025990255	23.9529139768
39.65	1753.01645915	-295.323235384	24.245679742
39.7	1694.81541639	-294.547973054	23.4407107777
39.75	1691.63201871	-294.52670795	23.3966817328
39.8	1756.14717609	-295.3818525	24.2889801685
39.85	1912.68670359	-297.550909124	26.4540523964
39.9	1783.62767921	-295.697671956	24.669058447
39.95	1833.32859934	-296.44271853	25.3564636256
40.0	1704.21507111	-294.660135969	23.5707158425
40.05	1721.89342503	-294.893947866	23.8152222219
40.1	1758.38486639	-295.417935388	24.3199292918
40.15	1750.64361715	-295.302396973	24.2128613581
40.2	1863.65886028	-296.888218974	25.7759564315
40.25	1920.42782637	-297.675566884	26.561118581
40.3	1643.04694105	-293.723926228	22.724709586
40.35	1879.36787066	-297.083261879	25.9932251473
40.4	1667.19100879	-294.137173533	23.0586421804
40.45	1766.36380189	-295.480508072	24.4302846245
40.5	1718.80570549	-294.804419583	23.7725164853
40.55	1905.70326919	-297.451956106	26.3574656741
40.6	1719.8196663	-294.914641967	23.786540409
40.65	1820.81323236	-296.288546167	25.1833656618
40.7	1911.55933063	-297.472932364	26.4384598881
40.75	1769.04715434	-295.532610557	24.467397627
40.8	1695.72307798	-294.520416672	23.4532644946
40.85	1728.64431242	-294.982170333	23.908592625
40.9	1783.70921688	-295.725384935	24.6701861809
40.95	1658.44585006	-293.961386429	22.9376893412
41.0	1881.80709664	-297.147375964	26.026961677
41.05	1797.72118141	-295.949673936	24.8639833371
41.1	1733.83769401	-295.038490011	23.980421424
41.15	1924.65898108	-297.715921924	26.6196389797
41.2	1764.78943538	-295.494107543	24.4085098227
41.25	1663.00346337	-294.106527524	23.0007249347
41.3	1788.9739627	-295.775109441	24.7430020066
41.35	1748.41634954	-295.232020428	24.1820563894
41.4	1776.3236678	-295.652488589	24.5680378772
41.45	1897.25285347	-297.343796729	26.2405893766
41.5	1879.42706608	-297.067982146	25.9940438693
41.55	1735.4564115	-295.069735149	24.002809637
41.6	1578.60487837	-292.892301891	21.833422111
41.65	1788.41546767	-295.803508704	24.7352775546
41.7	1966.7743463	-298.298093362	27.2021296071
41.75	1679.23250437	-294.262908775	23.2251861076
41.8	1702.22955167	-294.612224113	23.5432544525
41.85	1693.94271067	-294.479489773	23.4286405298
41.9	1805.3623807	-296.063212671	24.9696674964
41.95	1729.0066032	-294.982326861	23.9136034087
42.0	1861.36150798	-296.806034569	25.744182133
42.05	1680.8973406	-294.303785458	23.2482121812
42.1	1658.83870065	-293.937296834	22.9431227926
42.15	1721.32816484	-294.788279259	23.8074042019
42.2	1801.59175604	-295.965593684	24.9175166125
42.25	1847.8164829	-296.658821145	25.5568431389
42.3	1772.61132055	-295.60763708	24.5166930184
42.35	1932.24099324	-297.837771926	26.7245045316
42.4	1665.43339801	-294.035122169	23.0343329574
42.45	1770.50221141	-295.593322714	24.4875222798
42.5	1931.27838646	-297.84347464	26.711190877
42.55	1734.1041083	-295.00525201	23.9841061559
42.6	1817.74061174	-296.229838425	25.1408687558
42.65	1996.5895646	-298.747807364	27.6144989438
42.7	1706.26831007	-294.672604301	23.5991138497
42.75	1787.29156233	-295.791458894	24.7197330063
42.8	1640.05799052	-293.682124662	22.6833699073
42.85	1624.90802435	-293.506003439	22.4738332393
42.9	1776.95905459	-295.624624616	24.5768258064
42.95	1857.0471221	-296.75858948	25.684510578
43.0	1928.18507611	-297.805378513	26.6684078149
43.05	1662.58870642	-294.036354458	22.9949885001
43.1	1900.91968853	-297.363118592	26.2913047638
43.15	1733.31004894	-295.034811564	23.9731236525
43.2	1761.13227303	-295.47530952	24.357928217
43.25	1831.68881995	-296.481571839	25.333784109
43.3	1842.93500293	-296.575265339	25.4893281995
43.35	1794.93382815	-295.903517165	24.8254319168
43.4	1802.75935242	-296.00600524	24.9336654442
43.45	1640.96224904	-293.743541759	22.6958765568
43.5	1807.66610601	-296.069285964	25.0015299389
43.55	1821.44677739	-296.261986977	25.192128118
43.6	1741.14620079	-295.100145749	24.0815041685
43.65	1876.81633642	-297.055449329	25.9579353006
43.7	1821.22145601	-296.310396449	25.1890117354
43.75	1663.97030753	-294.062076863	23.0140971957
43.8	1869.08857904	-296.940812742	25.8510539706
43.85	1731.11552977	-295.00652661	23.9427716221
43.9	1770.30839256	-295.561813053	24.4848416036
43.95	1684.21450325	-294.330152449	23.2940913073
44.0	1868.36199944	-296.92801971	25.8410047688
44.05	1708.70032859	-294.670413708	23.6327506943
44.1	1746.82743349	-295.216558432	24.1600803551
44.15	1739.10291384	-295.090490326	24.0532438058
44.2	1919.74849135	-297.637254817	26.551722811
44.25	1660.93832034	-293.984529858	22.9721622841
44.3	1668.53303866	-294.090860345	23.0772035729
44.35	1928.31366267	-297.796809557	26.6701862742
44.4	1704.17218034	-294.615948719	23.5701226273
44.45	1858.94853862	-296.741031095	25.7108087543
44.5	1633.33832526	-293.602487983	22.5904313321
44.55	1908.43372526	-297.511237975	26.3952301589
44.6	1693.56308617	-294.463605162	23.4233900064
44.65	1679.73332889	-294.289099162	23.2321129284
44.7	1953.76920938	-298.149674212	27.0222577165
44.75	1780.17662499	-295.730311574	24.6213274887
44.8	1842.52878772	-296.568488435	25.4837099043
44.85	1619.85096246	-293.41708313	22.4038898554
44.9	1778.98060715	-295.694849744	24.6047855644
44.95	1803.35233487	-296.034816319	24.9418668861
45.0	1837.02291521	-296.553067729	25.4075590954
45.05	1820.38212254	-296.254750075	25.1774030533
45.1	1951.83622947	-298.134822955	26.9955229922
45.15	1723.6807635	-294.9077691	23.8399426036
45.2	1663.83373169	-294.059553184	23.012208238
45.25	1945.37799199	-298.010702297	26.9062001813
45.3	1822.32611355	-296.248983834	25.2042900704
45.35	1662.96687915	-294.043129967	23.0002189444
45.4	1712.793477	-294.736527254	23.6893623507
45.45	1783.57922656	-295.751121833	24.6683883063
45.5	1742.51605689	-295.1769095	24.1004504209
45.55	1855.36997901	-296.747864621	25.6613142902
45.6	1869.99324827	-296.929802063	25.8635663006
45.65	1688.68953272	-294.407020427	23.3559846973
45.7	1836.57182656	-296.525211681	25.4013201631
45.75	1856.37724902	-296.774439359	25.6752456745
45.8	1681.96890466	-294.314323303	23.2630328059
45.85	1818.97545768	-296.247929249	25.1579477051
45.9	1743.82305575	-295.165060769	24.1185273052
45.95	1696.54910519	-294.537970738	23.4646891399
46.0	1752.13863683	-295.317174123	24.2335387272
46.05	1872.89232963	-297.000293339	25.9036630139
46.1	1856.6435103	-296.777552942	25.6789282902
46.15	1971.28376327	-298.374880276	27.2644986049
46.2	1811.50682461	-296.144527409	25.0546502805
46.25	1655.63788784	-293.966611618	22.8988528818
46.3	1759.51602829	-295.450883844	24.3355742043
46.35	1717.42307728	-294.800900255	23.7533935839
46.4	1812.48531357	-296.10936396	25.0681835989
46.45	1882.79104427	-297.136895342	26.0405704934
46.5	1647.56597814	-293.785186081	22.7872116382
46.55	1760.3654145	-295.424122422	24.347321924
46.6	1882.87725108	-297.164185562	26.0417628055
46.65	1678.18637372	-294.246467689	23.2107172481
46.7	1810.45798844	-296.123901844	25.0401440015
46.75	1829.58255691	-296.46703867	25.3046527343
46.8	1792.55377196	-295.86038206	24.7925137545
46.85	1961.99214232	-298.215498587	27.1359877375
46.9	1720.60942297	-294.826191517	23.7974634024
46.95	1625.4003795	-293.520481098	22.4806429217
47.0	1761.82291888	-295.440088611	24.3674804251
47.05	1748.85470103	-295.272302792	24.1881191561
47.1	1841.10683156	-296.552553341	25.4640430647
47.15	1801.64633255	-295.982100176	24.9182714511
47.2	1777.79395748	-295.662028545	24.5883732098
47.25	1749.49208028	-295.266573186	24.1969346428
47.3	1845.64724646	-296.601416103	25.5268407896
47.35	1895.68114584	-297.303061734	26.2188513492
47.4	1718.5463679	-294.840492873	23.7689296301
47.45	1795.01886687	-295.906134808	24.8266080731
47.5	1775.58561927	-295.615681276	24.5578300504
47.55	1757.97062619	-295.373009248	24.3142000043
47.6	1677.15162723	-294.269077311	23.1964058411
47.65	1677.30021576	-294.24069933	23.1984609445
47.7	1822.33223054	-296.258548503	25.2043746736
47.75	1854.26540629	-296.760342333	25.6460371282
47.8	1673.31330188	-294.189753406	23.1433186002
47.85	1712.30796784	-294.745471955	23.682647354
47.9	1833.39096929	-296.461764235	25.3573262541
47.95	1769.94523398	-295.556926054	24.4798188175
48.0	1896.22053275	-297.31868223	26.2263115199
48.05	1782.22533148	-295.752785974	24.6496628082
48.1	1570.49865771	-292.775614271	21.7213063182
48.15	1928.96229064	-297.845641802	26.67915734
48.2	1855.46188447	-296.721271499	25.6625854193
48.25	1723.47702461	-294.903378526	23.8371247249
48.3	1700.99617815	-294.610276165	23.526195868
48.35	1842.2083112	-296.536982319	25.4792774468
48.4	1816.76566429	-296.209389595	25.1273844195
48.45	1817.64892084	-296.261413204	25.1396005943
48.5	1797.1773359	-295.96624224	24.8564615001
48.55	1862.8994525	-296.863235744	25.7654531886
48.6	1889.81923269	-297.284049941	26.1377762011
48.65	1788.04647462	-295.85637974	24.730174073
48.7	1767.93356054	-295.573787321	24.4519956959
48.75	1894.90769513	-297.328735538	26.2081538807
48.8	1769.86265397	-295.590310017	24.4786766671
48.85	1777.64228536	-295.627928223	24.5862754578
48.9	1815.74579176	-296.164138479	25.1132787317
48.95	1748.99662477	-295.272171521	24.1900820797
49.0	1745.05715126	-295.214158685	24.1355958755
49.05	1897.96226123	-297.340636843	26.2504010776
49.1	1709.99173481	-294.70998491	23.6506119194
49.15	1789.91594023	-295.822547925	24.7560303416
49.2	1766.16171571	-295.48165165	24.4274896041
49.25	1746.46542846	-295.225053809	24.1550735236
49.3	1785.72219818	-295.761732402	24.6980273912
49.35	1755.62257039	-295.294030061	24.2817244341
49.4	1840.29335711	-296.513384163	25.4527920346
49.45	1715.54351113	-294.792187373	23.7273976165
49.5	1769.49997373	-295.520300056	24.4736604969
49.55	1796.87829804	-295.892189101	24.8523255571
49.6	1886.98177178	-297.186480766	26.0985317502
49.65	1766.51104868	-295.488846602	24.4323211704
49.7	1698.66171755	-294.532454488	23.4939083309
49.75	1859.86971466	-296.871020451	25.7235493872
49.8	1708.7060539	-294.721281619	23.6328298802
49.85	1755.96185979	-295.33139164	24.2864170895
49.9	1695.80463646	-294.524835813	23.4543925164
49.95	1946.25834181	-298.031103846	26.9183761536
50.0	1772.5815288	-295.578335182	24.5162809736
50.05	1792.73480902	-295.912518841	24.795017648
50.1	1672.67980105	-294.203733583	23.1345567553
50.15	1849.08060109	-296.670516597	25.5743269478
50.2	1852.41602107	-296.71562391	25.620458588
50.25	1776.78260321	-295.647305986	24.5743853367
50.3	1753.43187624	-295.316159602	24.2514253069
50.35	1708.53550664	-294.723414857	23.6304710693
50.4	1843.38812533	-296.595266283	25.4955952603
50.45	1735.26266042	-295.0089304	24.0001298979
50.5	1892.79307666	-297.253279718	26.1789069436
50.55	1853.5786232	-296.739193435	25.6365383452
50.6	1725.15423147	-294.919800311	23.8603218946
50.65	1775.80873525	-295.627307705	24.5609159306
50.7	1854.34555349	-296.723409064	25.6471456308
50.75	1739.4733406	-295.127386078	24.0583671168
50.8	1812.17463855	-296.134116359	25.0638867043
50.85	1767.79588527	-295.526179383	24.4500915322
50.9	1784.89828095	-295.746753857	24.6866319287
50.95	1743.45850976	-295.170518595	24.1134853301
51.0	1635.62203721	-293.657890338	22.6220169733
51.05	1832.69101563	-296.426319925	25.3476453111
51.1	1881.81563389	-297.059261262	26.0270797543
51.15	1837.69471127	-296.467546986	25.4168505952
51.2	1759.14740649	-295.409445819	24.3304758573
51.25	1619.35981748	-293.421559979	22.3970969107
51.3	1727.52604168	-294.960122541	23.893126008
51.35	1778.26336616	-295.704560889	24.5948655233
51.4	1781.52023769	-295.684014671	24.639910773
51.45	1777.02720523	-295.642430633	24.5777683865
51.5	1846.26577393	-296.632614711	25.5353955405
51.55	1722.35654794	-294.899457994	23.8216275979
51.6	1821.09072516	-296.302424824	25.1872036187
51.65	1679.7701026	-294.25606859	23.2326215395
51.7	1532.0850143	-292.178585984	21.1900135907
51.75	1812.24053598	-296.172125989	25.0647981207
51.8	1758.41440469	-295.396419867	24.320337831
51.85	1781.98332739	-295.682916855	24.6463156897
51.9	1954.64760219	-298.165761789	27.0344066218
51.95	1825.77076923	-296.349960299	25.2519325315
52.0	1733.9275417	-295.045804373	23.9816640926
52.05	1900.63375845	-297.459242211	26.2873501124
52.1	1662.50671673	-294.052592482	22.9938545142
52.15	1907.6318383	-297.515031305	26.3841393934
52.2	1771.1387627	-295.558887481	24.4963263151
52.25	1763.18335634	-295.433660874	24.3862964099
52.3	1682.8687189	-294.338925327	23.2754779872
52.35	1882.1716403	-297.159818334	26.0320036199
52.4	1718.17741508	-294.822131449	23.7638267049
52.45	1760.31640691	-295.398812846	24.3466441081
52.5	1852.49000023	-296.767607443	25.6214817815
52.55	1817.2948002	-296.276533915	25.1347028105
52.6	1772.70199589	-295.59207248	24.517947134
52.65	1915.02956354	-297.638901442	26.4864561036
52.7	1796.6867525	-295.954996528	24.8496763225
52.75	1846.30529502	-296.617287569	25.5359421502
52.8	1664.27491465	-294.131448535	23.0183101663
52.85	1771.65152298	-295.636021659	24.5034182175
52.9	1647.98342912	-293.815379358	22.7929853334
52.95	1858.65624099	-296.818734835	25.7067660343
53.0	1835.56177726	-296.512799148	25.3873503388
53.05	1900.59728401	-297.388630429	26.2868456403
53.1	1632.4615836	-293.618369778	22.5783052638
53.15	1806.15121463	-296.045995693	24.9805777277
53.2	1833.13754246	-296.436762573	25.3538211496
53.25	1800.87938545	-295.972157039	24.9076639331
53.3	1751.81535619	-295.31310675	24.2290674863
53.35	1623.12137449	-293.503814565	22.4491223816
53.4	1854.06638386	-296.719928134	25.643284482
53.45	1893.62582969	-297.264371755	26.1904246125
53.5	1735.66520304	-295.114772667	24.0056973982
53.55	1767.05140895	-295.539516838	24.4397948038
53.6	1667.34248445	-294.107581796	23.0607372152
53.65	1772.98791851	-295.618948402	24.5219016823
53.7	1868.96718528	-296.931144186	25.8493749937
53.75	1735.27436728	-295.048062712	24.0002918135
53.8	1877.55615964	-297.071491972	25.9681676728
53.85	1729.09795805	-295.025550386	23.9148669224
53.9	1653.97096294	-293.982734696	22.8757979201
53.95	1804.42808894	-296.066301593	24.9567454622
54.0	1783.59570248	-295.729095464	24.6686161821
54.05	1908.50687076	-297.476837179	26.3962418221
54.1	1843.29155326	-296.549337111	25.494259588
54.15	1723.49655795	-294.885588107	23.8373948872
54.2	1682.17093896	-294.34689864	23.2658271088
54.25	1748.95602838	-295.257447792	24.1895205979
54.3	1860.35009075	-296.827797908	25.7301933892
54.35	1868.8157815	-296.938836873	25.8472809531
54.4	1720.76386935	-294.864021482	23.7995995247
54.45	1818.04722465	-296.247867982	25.1451094681
54.5	1684.01845704	-294.327015888	23.2913798247
54.55	1801.23764867	-295.993840953	24.9126190122
54.6	1731.31960839	-295.022478086	23.9455941997
54.65	1871.95553608	-297.008017515	25.8907063777
54.7	1696.2666748	-294.486795922	23.4607828921
54.75	1832.4222735	-296.426431509	25.3439283833
54.8	1748.20533024	-295.301760536	24.1791378165
54.85	1825.72751227	-296.338357501	25.2513342517
54.9	1837.03773706	-296.508704198	25.4077640939
54.95	1853.14431187	-296.74752959	25.6305314573
55.0	1752.06583273	-295.355510891	24.2325317858
55.05	1847.57082089	-296.660753925	25.5534454285
55.1	1684.88077928	-294.3355276	23.3033064606
55.15	1819.31207746	-296.26358336	25.1626034375
55.2	1886.1276903	-297.176436008	26.086719091
55.25	1717.3973212	-294.808372111	23.7530373559
55.3	1650.00332123	-293.854089664	22.820922126
55.35	1798.39680148	-295.94584305	24.8733277261
55.4	1739.95059688	-295.135230519	24.0649679692
55.45	1823.32225255	-296.277524257	25.2180675037
55.5	1942.04565616	-297.972740441	26.8601111974
55.55	1749.99495158	-295.257585134	24.2038897723
55.6	1726.43504756	-294.943343393	23.8780366494
55.65	1822.55508206	-296.307109022	25.2074568959
55.7	1831.43974006	-296.44173965	25.3303391263
55.75	1629.41840759	-293.59917927	22.5362156014
55.8	1892.47080857	-297.290924314	26.1744497071
55.85	1831.89176141	-296.414479584	25.3365909586
55.9	1855.28328472	-296.767216428	25.6601152358
55.95	1715.07989942	-294.802755444	23.7209854798
56.0	1791.38916365	-295.891925463	24.7764062502
56.05	1709.70335998	-294.689171802	23.646623455
56.1	1972.60416744	-298.423526658	27.2827608959
56.15	1856.80690257	-296.796224989	25.6811881415
56.2	1712.70468259	-294.733211441	23.68813425
56.25	1670.00256669	-294.124238906	23.0975283712
56.3	1762.13573323	-295.467797778	24.3718069085
56.35	1896.91693867	-297.326691544	26.2359433946
56.4	1869.15310044	-296.896416568	25.8519463554
56.45	1676.5981329	-294.208669096	23.1887505529
56.5	1786.87796489	-295.746452954	24.7140126088
56.55	1831.61211652	-296.42847652	25.3327232365
56.6	1579.07793032	-292.876051278	21.8399648141
56.65	1943.29667131	-298.042125984	26.8774137804
56.7	1852.28327393	-296.727833225	25.6186225844
56.75	1717.246999	-294.788172501	23.7509582745
56.8	1801.73446493	-296.035063291	24.9194903955
56.85	1812.56746565	-296.169673596	25.0693198308
56.9	1846.82724158	-296.602624011	25.5431611064
56.95	1750.72591675	-295.25576071	24.2139996302
57.0	1626.96063161	-293.548127545	22.5022225097
57.05	1781.33929932	-295.712422252	24.6374082444
57.1	1830.74450605	-296.369507206	25.3207234602
57.15	1698.20179026	-294.525198996	23.4875471528
57.2	1758.51061478	-295.377522516	24.3216684969
57.25	1872.91788493	-296.953730886	25.904016465
57.3	1753.44323182	-295.340299655	24.251582364
57.35	1857.00244032	-296.811427423	25.6838925917
57.4	1663.50226558	-294.05357564	23.0076237852
57.45	1890.39828315	-297.267929515	26.145784952
57.5	1893.0055836	-297.268014776	26.1818460919
57.55	1834.52116355	-296.488181584	25.3729577833
57.6	1701.46314341	-294.590854008	23.5326543871
57.65	1737.81063599	-295.14389452	24.0353705252
57.7	1608.59993197	-293.327026382	22.2482787198
57.75	2015.98543826	-298.982131209	27.8827600537
57.8	1774.40587673	-295.573507091	24.5415132271
57.85	1903.98921614	-297.400970351	26.3337588908
57.9	1723.84974661	-294.885569272	23.8422797809
57.95	1654.88300579	-293.958811107	22.8884122334
58.0	1824.73967897	-296.315143845	25.2376716932
58.05	1837.61282008	-296.490709328	25.4157179717
58.1	1757.28441482	-295.380955588	24.3047091287
58.15	1746.22293469	-295.24382474	24.1517196325
58.2	1768.8676575	-295.511208528	24.464915036
58.25	1763.80390637	-295.46278867	24.3948791344
58.3	1808.77858623	-296.102143074	25.0169164682
58.35	1764.80855384	-295.459831373	24.4087742468
58.4	1844.66787417	-296.632844732	25.513295254
58.45	1923.14631038	-297.720014021	26.5987174822
58.5	1739.06361911	-295.118780365	24.0527003268
58.55	1759.87394579	-295.427021601	24.3405245018
58.6	1858.30156538	-296.841853572	25.7018605748
58.65	1726.43172068	-294.927828722	23.8779906358
58.7	1779.34243421	-295.706752131	24.6097899345
58.75	1717.1212906	-294.820109605	23.7492196224
58.8	1843.67112687	-296.566514138	25.4995094076
58.85	1734.16605052	-295.041923894	23.9849628684
58.9	1671.49317226	-294.154601389	23.1181446894
58.95	1869.82585743	-296.942955319	25.8612511457
59.0	1886.80497154	-297.14784249	26.0960864554
59.05	1842.9671183	-296.603761852	25.4897723819
59.1	1650.3000038	-293.90683641	22.8250254934
59.15	1709.51347656	-294.758252993	23.643997209
59.2	1742.09894841	-295.207983272	24.0946814628
59.25	1862.12859909	-296.84880096	25.7547916429
59.3	1610.58834542	-293.239691304	22.2757801363
59.35	1940.1444612	-297.898104431	26.8338160854
59.4	1760.61264854	-295.388688617	24.350741377
59.45	1723.85928056	-294.879248307	23.8424116434
59.5	1593.39486104	-293.088209709	22.037979907
59.55	1907.18996469	-297.478366016	26.3780279128
59.6	1953.74402479	-298.138826335	27.0219093927
59.65	1701.91923674	-294.638893324	23.5389625383
59.7	1817.24596949	-296.2448546	25.134027441
59.75	1828.0184965	-296.369605412	25.2830204744
59.8	1706.48310007	-294.687538252	23.6020845745
59.85	1913.88742403	-297.571991625	26.4706593616
59.9	1755.71962125	-295.321476868	24.2830667285
59.95	1786.21428838	-295.790902815	24.7048334091
60.0	1677.37021781	-294.277265675	23.1994291312
60.05	1890.98452224	-297.25278745	26.1538931276
60.1	1756.1924704	-295.368097791	24.2896066266
60.15	1636.87057874	-293.675695306	22.6392853439
60.2	1579.61966878	-292.837850429	21.8474575087
60.25	1995.29213737	-298.706450599	27.596554443
60.3	1618.04308022	-293.356556746	22.3788853363
60.35	1846.18827693	-296.612524958	25.5343236923
60.4	1790.25626937	-295.859859142	24.7607373775
60.45	1876.79798585	-297.030177206	25.9576814969
60.5	1914.13043973	-297.56135972	26.4740204713
60.55	1663.02341809	-294.055657856	23.001000925
60.6	1797.04728227	-295.940235124	24.8546627499
60.65	1716.66985426	-294.824142687	23.7429758813
60.7	1871.24738444	-296.996454637	25.8809120498
60.75	1756.87531533	-295.375970866	24.2990509416
60.8	1696.98480109	-294.492588481	23.4707151776
60.85	1923.62700778	-297.730710644	26.6053659281
60.9	1664.8088609	-294.036666975	23.0256950883
60.95	1789.79565859	-295.800790987	24.7543667462
61.0	1682.91741958	-294.336935791	23.2761515584
61.05	1784.96695161	-295.768468905	24.6875817013
61.1	1697.27426398	-294.504905539	23.4747186908
61.15	1971.78457757	-298.387401652	27.2714252844
61.2	1825.95682393	-296.374359379	25.2545058232
61.25	1836.92412753	-296.525324586	25.4061927794
61.3	1757.32984247	-295.378634151	24.305337431
61.35	1755.5236634	-295.368140717	24.280356468
61.4	1660.41569381	-294.007763112	22.9649339232
61.45	1808.02977528	-296.094266257	25.0065597883
61.5	1885.02259395	-297.172204257	26.0714346867
61.55	1750.65127667	-295.265570766	24.2129672957
61.6	1691.29592231	-294.427607489	23.3920332392
61.65	1883.33524514	-297.126478369	26.0480972452
61.7	1637.92934815	-293.728740818	22.6539290079
61.75	1809.84033482	-296.143731121	25.0316013368
61.8	1981.44437363	-298.488720165	27.4050283207
61.85	1708.20039697	-294.675587359	23.625836223
61.9	1753.41936358	-295.356014022	24.2512522463
61.95	1794.93764648	-295.866325954	24.8254847274
62.0	1749.90320446	-295.24963178	24.202620833
