# 	 t 	 T	E	K
2.05	1558.351493	-297.701575296	21.5533008989
2.1	1789.57311933	-300.927578879	24.7512888425
2.15	1371.22740037	-295.081372642	18.9652186261
2.2	1635.38468746	-298.817172914	22.6187342283
2.25	1625.46489395	-298.615865657	22.4815352103
2.3	1576.38431558	-297.961490327	21.8027098756
2.35	1548.03644656	-297.562411007	21.4106352033
2.4	1565.44986047	-297.777201545	21.6514772414
2.45	1558.3078885	-297.700802348	21.5526978123
2.5	1675.96508774	-299.375331519	23.1799950104
2.55	1675.44156694	-299.371247727	23.172754281
2.6	1426.12699727	-295.798548273	19.7245258405
2.65	1661.55036957	-299.145843564	22.9806274353
2.7	1592.24647786	-298.176401401	22.0220968098
2.75	1469.77067343	-296.455219084	20.3281542829
2.8	1604.26250636	-298.37087124	22.188288506
2.85	1656.18470068	-299.067083549	22.9064157594
2.9	1489.50216642	-296.722704662	20.6010572882
2.95	1776.97461984	-300.807419285	24.5770410867
3.0	1709.94188448	-299.819515692	23.6499224478
3.05	1464.09628303	-296.428011896	20.249672731
3.1	1407.49085461	-295.629812299	19.4667724439
3.15	1523.05283043	-297.212844881	21.0650909546
3.2	1540.90442695	-297.470143876	21.3119934236
3.25	1679.06546349	-299.370777415	23.2228757928
3.3	1649.62019789	-298.962639299	22.8156232106
3.35	1622.32994533	-298.6242705	22.4381762561
3.4	1614.99057879	-298.493134648	22.3366666955
3.45	1594.17278128	-298.200417632	22.0487391928
3.5	1517.74466785	-297.134406276	20.9916746388
3.55	1626.44995938	-298.685935186	22.4951594868
3.6	1494.85795597	-296.841221919	20.6751323247
3.65	1749.58689469	-300.433453291	24.1982460051
3.7	1649.21948536	-298.963470384	22.8100810222
3.75	1551.67305138	-297.641594737	21.4609324811
3.8	1611.57148043	-298.479390849	22.2893777135
3.85	1498.71722436	-296.911967123	20.7285092254
3.9	1539.74583859	-297.461945355	21.2959691803
3.95	1803.5557271	-301.128716942	24.9446799703
4.0	1539.55494892	-297.379438878	21.2933290169
4.05	1548.90877509	-297.577406866	21.4227002345
4.1	1562.27937979	-297.772370587	21.6076268493
4.15	1549.55599177	-297.578836508	21.4316517809
4.2	1577.18200484	-298.006082251	21.8137425834
4.25	1604.73781583	-298.398686086	22.1948624324
4.3	1737.99776379	-300.262162322	24.0379586588
4.35	1597.26336696	-298.279558502	22.0914845704
4.4	1617.31083937	-298.52881115	22.3687578345
4.45	1658.52652393	-299.074374822	22.9388051282
4.5	1498.76307961	-296.827287524	20.7291434417
4.55	1541.58136908	-297.476297447	21.3213560979
4.6	1486.90831398	-296.726765642	20.5651821455
4.65	1641.27516415	-298.880482132	22.7002044338
4.7	1636.18935359	-298.813655804	22.6298634319
4.75	1547.8573775	-297.540881432	21.4081585289
4.8	1594.51079414	-298.22924407	22.0534141925
4.85	1623.61397117	-298.641943828	22.4559354045
4.9	1561.89481994	-297.785161233	21.6023080658
4.95	1680.55916408	-299.452479263	23.2435349179
5.0	1620.06991604	-298.582865237	22.4069181661
5.05	1693.32531366	-299.60919991	23.4201014142
5.1	1493.22866853	-296.835177047	20.6525979204
5.15	1549.77902202	-297.627160064	21.4347364753
5.2	1521.65498719	-297.137192715	21.0457576166
5.25	1791.53425324	-300.98752612	24.7784129603
5.3	1486.17887202	-296.708821918	20.5550933549
5.35	1548.49282888	-297.573580226	21.4169473514
5.4	1657.07781212	-299.063085982	22.9187682355
5.45	1537.1682996	-297.40562788	21.2603196662
5.5	1677.87176169	-299.43021738	23.2063659013
5.55	1553.43960347	-297.626424511	21.4853653699
5.6	1650.96889623	-299.004553065	22.8342768336
5.65	1665.27087059	-299.214178059	23.0320850676
5.7	1354.61475773	-294.845716255	18.7354519225
5.75	1761.56544859	-300.567011904	24.3639193963
5.8	1569.60838846	-297.873570283	21.7089931521
5.85	1566.30338435	-297.837749752	21.6632821886
5.9	1608.02563937	-298.365448435	22.2403357741
5.95	1513.96136201	-297.079703347	20.9393483635
6.0	1718.40724387	-299.969570742	23.7670054288
6.05	1559.65611643	-297.73745666	21.5713449291
6.1	1610.56218934	-298.487672841	22.2754183759
6.15	1523.09928751	-297.225031985	21.0657334947
6.2	1601.61483347	-298.329546093	22.1516689816
6.25	1634.94431383	-298.790049802	22.6126434937
6.3	1700.37957201	-299.710409378	23.5176676908
6.35	1536.3516134	-297.370996829	21.249024215
6.4	1590.06890273	-298.149698926	21.9919791295
6.45	1465.85853263	-296.391990451	20.2740461128
6.5	1615.51569859	-298.47277906	22.3439295402
6.55	1543.86018364	-297.495532735	21.352874004
6.6	1569.21509779	-297.870590847	21.703553614
6.65	1608.49272571	-298.424427488	22.2467959679
6.7	1693.30259024	-299.600752352	23.4197871303
6.75	1530.35569283	-297.334325355	21.1660956325
6.8	1601.30261284	-298.327854817	22.1473507099
6.85	1590.92416905	-298.179677395	22.0038081761
6.9	1708.8768475	-299.826477691	23.6351920981
6.95	1493.56327912	-296.758696969	20.657225864
7.0	1581.50951003	-298.050771548	21.8735955895
7.05	1550.31863693	-297.605117895	21.4421997997
7.1	1581.77588681	-298.02515995	21.8772798025
7.15	1707.83233072	-299.792210135	23.6207455599
7.2	1627.02114015	-298.698107999	22.5030593932
7.25	1608.20016368	-298.441439824	22.2427495909
7.3	1607.69927082	-298.420868645	22.2358218249
7.35	1576.34718204	-297.981388621	21.8021962878
7.4	1518.80983097	-297.156250902	21.0064067332
7.45	1780.51068376	-300.794249467	24.6259478001
7.5	1496.06924105	-296.8180006	20.6918854076
7.55	1681.43097953	-299.492329675	23.2555928527
7.6	1699.00860816	-299.686903265	23.4987061173
7.65	1559.45752022	-297.719953176	21.5685981779
7.7	1497.96345904	-296.913166368	20.7180840223
7.75	1601.44089677	-298.352655264	22.149263292
7.8	1571.43774012	-297.850427536	21.7342946112
7.85	1653.5703513	-299.052007103	22.870257127
7.9	1610.32655733	-298.455051216	22.2721593886
7.95	1816.55126231	-301.296401623	25.1244190613
8.0	1493.52661667	-296.793391349	20.6567187917
8.05	1519.18909106	-297.208937129	21.0116522164
8.1	1558.19432318	-297.727837791	21.5511271092
8.15	1585.71041608	-298.075694655	21.931697624
8.2	1591.35098294	-298.130646118	22.0097113681
8.25	1550.1172603	-297.563442486	21.4394145929
8.3	1572.49906224	-297.927421197	21.7489735814
8.35	1781.98814223	-300.846324698	24.646382283
8.4	1464.3236791	-296.388543708	20.2528178084
8.45	1660.38939535	-299.173695761	22.9645701936
8.5	1602.90867563	-298.355574263	22.1695638979
8.55	1528.22999237	-297.292708181	21.1366954222
8.6	1413.15569242	-295.67626966	19.5451218756
8.65	1711.37907792	-299.849099791	23.6698000318
8.7	1646.4636555	-298.960778468	22.7719655967
8.75	1497.28595713	-296.855508468	20.7087136058
8.8	1697.76342525	-299.666448899	23.4814841991
8.85	1575.34134579	-297.920445025	21.7882847335
8.9	1525.71853353	-297.262526269	21.1019598518
8.95	1412.22518923	-295.642834732	19.5322522404
9.0	1550.25738596	-297.594694441	21.4413526477
9.05	1746.54852924	-300.328093817	24.1562228767
9.1	1680.89422565	-299.391357499	23.2481690989
9.15	1609.26600928	-298.425946714	22.2574911246
9.2	1622.65031755	-298.627634324	22.4426072712
9.25	1514.3990415	-297.092425073	20.9454018359
9.3	1530.06624242	-297.355224445	21.1620922919
9.35	1665.19566618	-299.231933857	23.0310449279
9.4	1547.69381984	-297.553363828	21.40589639
9.45	1937.50086143	-303.045268516	26.7972528957
9.5	1516.1147445	-297.144973693	20.9691314394
9.55	1458.16540788	-296.355202843	20.167643781
9.6	1576.10871639	-297.980420463	21.7988981089
9.65	1647.33698438	-298.955890707	22.7840444635
9.7	1692.18043785	-299.597834922	23.4042668268
9.75	1574.58705745	-297.9497639	21.7778522966
9.8	1602.69146559	-298.35551042	22.1665597017
9.85	1621.92848474	-298.617505862	22.4326237214
9.9	1727.91940865	-300.084828743	23.8985666013
9.95	1535.27557421	-297.380202269	21.2341416955
10.0	1699.71202557	-299.681411354	23.5084349668
10.05	1496.52494036	-296.862508502	20.6981881092
10.1	1487.00752088	-296.728007927	20.5665542598
10.15	1686.67620042	-299.484123832	23.3281386324
10.2	1680.5005137	-299.386013914	23.2427237342
10.25	1727.62361048	-300.095159614	23.8944754659
10.3	1468.39730459	-296.467105408	20.3091594465
10.35	1545.27515926	-297.540530694	21.3724442969
10.4	1631.69598589	-298.748350879	22.5677164089
10.45	1732.18927451	-300.186617518	23.9576224075
10.5	1415.91397976	-295.705294945	19.5832712901
10.55	1745.89519326	-300.314591532	24.1471866952
10.6	1556.20498036	-297.649597196	21.5236128389
10.65	1478.61994803	-296.613365275	20.4505471315
10.7	1512.16334476	-297.046910963	20.9144802853
10.75	1839.59691134	-301.643638941	25.4431596086
10.8	1604.46766852	-298.370085904	22.1911260698
10.85	1524.37653988	-297.262537756	21.0833989602
10.9	1555.30731782	-297.657644182	21.5111974172
10.95	1524.75430613	-297.219022279	21.0886237826
11.0	1764.85239871	-300.612935978	24.409380658
11.05	1474.79841936	-296.520882129	20.3976922026
11.1	1685.61269404	-299.479047439	23.3134294522
11.15	1598.98040977	-298.276035839	22.1152327046
11.2	1516.85273948	-297.096378069	20.9793385255
11.25	1583.5829217	-298.07885196	21.9022726022
11.3	1576.90001844	-297.951525793	21.8098424762
11.35	1749.41830445	-300.40819717	24.1959142615
11.4	1631.32848874	-298.748092581	22.5626336169
11.45	1531.57912421	-297.330470398	21.1830167089
11.5	1503.88882539	-296.939470936	20.800036781
11.55	1665.23709658	-299.202005315	23.0316179449
11.6	1595.71752023	-298.210015148	22.0701042208
11.65	1561.11595526	-297.799755563	21.5915357177
11.7	1730.00211095	-300.194925461	23.9273721112
11.75	1629.90226481	-298.750268065	22.5429077503
11.8	1516.39825682	-297.135822117	20.9730526513
11.85	1714.77967387	-299.918548506	23.7168331101
11.9	1649.62561719	-299.031647543	22.815698164
11.95	1471.03297659	-296.465196409	20.3456129885
12.0	1678.89689029	-299.39653305	23.2205442849
12.05	1656.88937808	-299.119755371	22.9161620356
12.1	1611.49197704	-298.453691486	22.2882781153
12.15	1609.27724143	-298.417815785	22.2576464745
12.2	1568.94724579	-297.85469547	21.6998489975
12.25	1647.92586547	-298.992701438	22.7921891801
12.3	1443.55203568	-296.06610405	19.9655286552
12.35	1626.18713888	-298.673873669	22.4915244601
12.4	1646.8830033	-298.97532634	22.7777655266
12.45	1435.91576084	-296.004204271	19.8599126051
12.5	1665.22812557	-299.200854603	23.0314938684
12.55	1552.73866185	-297.633209716	21.4756707628
12.6	1749.44834974	-300.459158297	24.1963298129
12.65	1686.3222594	-299.506860759	23.3232433328
12.7	1724.28668623	-300.023265382	23.8483230203
12.75	1418.29890875	-295.782794616	19.6162568471
12.8	1482.86430611	-296.683805218	20.5092501438
12.85	1490.77811364	-296.768772584	20.6187047024
12.9	1661.62790497	-299.145842113	22.9816998147
12.95	1528.66299376	-297.248945599	21.1426841926
13.0	1624.12242715	-298.636743339	22.4629677748
13.05	1516.55948669	-297.136379913	20.9752825949
13.1	1629.34024354	-298.699168643	22.5351345274
13.15	1605.33924464	-298.401094445	22.2031806945
13.2	1663.54946181	-299.20209044	23.0082765484
13.25	1616.43160184	-298.50512884	22.3565972461
13.3	1624.75717508	-298.66689824	22.4717468681
13.35	1496.94478467	-296.829017533	20.7039949062
13.4	1564.11541499	-297.766891843	21.6330207475
13.45	1711.75409962	-299.891459823	23.6749868947
13.5	1601.56806776	-298.352986631	22.1510221728
13.55	1566.15451356	-297.817378323	21.6612231814
13.6	1571.79942115	-297.855886322	21.7392969615
13.65	1631.90207033	-298.71910445	22.5705667286
13.7	1450.94366945	-296.215243606	20.0677611152
13.75	1750.5615064	-300.437609707	24.211725698
13.8	1532.92903955	-297.355157113	21.2016871639
13.85	1671.82262461	-299.318012377	23.1227012903
13.9	1632.52572434	-298.807870044	22.5791923837
13.95	1686.42732091	-299.500008954	23.3246964212
14.0	1613.47197207	-298.497574635	22.3156630979
14.05	1475.92032153	-296.531888073	20.4132090454
14.1	1607.9844117	-298.45925581	22.2397655611
14.15	1687.4404547	-299.568608984	23.3387089065
14.2	1667.53205264	-299.243211613	23.0633591013
14.25	1480.43743134	-296.582491932	20.4756844415
14.3	1631.90661174	-298.73854282	22.5706295401
14.35	1670.85023175	-299.269567122	23.1092522859
14.4	1596.8491259	-298.232554238	22.0857552711
14.45	1548.10107742	-297.593528547	21.411529102
14.5	1486.37978941	-296.740695752	20.5578722099
14.55	1667.79970032	-299.245253569	23.067060892
14.6	1713.70948503	-299.868485707	23.7020315058
14.65	1497.60241134	-296.835580339	20.7130904315
14.7	1472.99946098	-296.475533378	20.3728111078
14.75	1643.53528375	-298.914539113	22.731463773
14.8	1504.56327432	-297.005410423	20.8093649722
14.85	1623.98066744	-298.663123184	22.4610071197
14.9	1627.01358929	-298.65249303	22.5029549585
14.95	1725.85238836	-300.03848365	23.8699779867
15.0	1503.45554678	-296.935263526	20.7940441764
15.05	1638.01093318	-298.880287568	22.6550573969
15.1	1540.53418983	-297.451789894	21.3068727354
15.15	1742.13966724	-300.290859464	24.095244638
15.2	1452.20358109	-296.198009828	20.085186744
15.25	1714.9424592	-299.909916488	23.7190845669
15.3	1580.15994057	-298.018450531	21.8549299183
15.35	1492.42330974	-296.798541542	20.6414591366
15.4	1640.24267265	-298.87523119	22.6859242153
15.45	1583.00682433	-298.049487264	21.8943046951
15.5	1581.01545102	-298.026398273	21.8667623414
15.55	1612.10414284	-298.476165236	22.2967448789
15.6	1668.73384663	-299.255902527	23.0799809146
15.65	1484.19904461	-296.697401241	20.5277106905
15.7	1557.23536462	-297.726100978	21.5378639126
15.75	1538.24548956	-297.41932519	21.2752181019
15.8	1656.90169523	-299.099789	22.9163323921
15.85	1701.32050132	-299.706863318	23.530681528
15.9	1517.75651744	-297.128340388	20.9918385285
15.95	1583.94706651	-298.078719946	21.9073090287
16.0	1544.18914952	-297.452579145	21.3574238764
16.05	1448.8626606	-296.130638329	20.0389790271
16.1	1482.00437709	-296.66493135	20.4973566082
16.15	1572.19199938	-297.890974433	21.7447266458
16.2	1830.06405417	-301.529812341	25.311312243
16.25	1562.03549377	-297.778310792	21.6042537023
16.3	1491.67823048	-296.780059375	20.631154069
16.35	1638.56580852	-298.819021491	22.6627317857
16.4	1708.13380033	-299.808689516	23.6249151359
16.45	1573.95919377	-297.947093867	21.7691684183
16.5	1602.10592511	-298.371158759	22.1584611886
16.55	1683.03022379	-299.47456185	23.2777117346
16.6	1515.01891386	-297.08138269	20.9539751877
16.65	1633.41571792	-298.748489174	22.5915017372
16.7	1663.09839443	-299.194074872	23.0020379104
16.75	1610.44409494	-298.469841534	22.2737850318
16.8	1538.85264572	-297.434207288	21.283615578
16.85	1662.24840172	-299.191084155	22.9902818022
16.9	1539.71758068	-297.458731973	21.2955783499
16.95	1628.07845719	-298.679488238	22.5176829698
17.0	1674.40107396	-299.300804157	23.1583633953
17.05	1564.08028186	-297.733173879	21.632534827
17.1	1537.58626341	-297.433855941	21.2661004544
17.15	1555.28917572	-297.653547167	21.5109464968
17.2	1608.73519754	-298.392442119	22.2501495554
17.25	1725.82867116	-300.072206896	23.869649958
17.3	1555.01872373	-297.66244403	21.5072059203
17.35	1471.32941093	-296.460557581	20.3497129227
17.4	1653.44894638	-299.05542138	22.8685779956
17.45	1604.26451119	-298.362140362	22.1883162345
17.5	1508.73612399	-296.991744578	20.8670789635
17.55	1607.02955804	-298.411458461	22.2265591387
17.6	1650.15877252	-299.014685708	22.823072147
17.65	1660.19224515	-299.146259475	22.961843442
17.7	1525.87245973	-297.240747313	21.1040887795
17.75	1600.41334791	-298.295347348	22.1350514342
17.8	1635.90315915	-298.7886516	22.6259051241
17.85	1466.80019767	-296.427625525	20.2870701257
17.9	1624.40528541	-298.666087058	22.4668799404
17.95	1681.44044772	-299.448974904	23.2557238057
18.0	1546.44939235	-297.559881928	21.38868492
18.05	1582.34978633	-298.046251771	21.8852173116
18.1	1645.0394797	-298.952065052	22.7522680576
18.15	1568.4607872	-297.891930497	21.6931208694
18.2	1600.389518	-298.316565977	22.1347218467
18.25	1541.4682634	-297.476533624	21.319791752
18.3	1734.68829522	-300.225302131	23.9921859482
18.35	1630.92039367	-298.762944761	22.5569893216
18.4	1640.49031468	-298.886191262	22.689349311
18.45	1402.19385641	-295.535229396	19.3935105408
18.5	1696.98346741	-299.664199453	23.4706967317
18.55	1569.93270369	-297.878808004	21.7134787021
18.6	1481.90106737	-296.631257411	20.4959277485
18.65	1523.925652	-297.218129473	21.0771628049
18.7	1720.93496473	-299.957349259	23.8019659165
18.75	1611.14460785	-298.437581647	22.2834737097
18.8	1581.79705953	-298.060158738	21.8775726389
18.85	1515.54793257	-297.0803311	20.9612919576
18.9	1510.53913557	-297.044242218	20.8920161176
18.95	1592.54119832	-298.218640383	22.0261730395
19.0	1684.55542118	-299.47749102	23.2988064866
19.05	1549.30488521	-297.584452201	21.4281787678
19.1	1789.86838723	-300.982865776	24.755372644
19.15	1587.37732968	-298.105040005	21.9547524293
19.2	1560.93008977	-297.756578327	21.588965043
19.25	1568.67613838	-297.852089743	21.6960993559
19.3	1522.71112206	-297.212559941	21.0603648427
19.35	1387.29768908	-295.345278132	19.1874841224
19.4	1667.40016298	-299.22416378	23.0615349573
19.45	1765.96356435	-300.603129095	24.4247490055
19.5	1501.66685729	-296.960592814	20.7693051089
19.55	1624.55543589	-298.671776045	22.4689566469
19.6	1541.31283856	-297.445210891	21.3176420969
19.65	1747.5371041	-300.39166197	24.1698956917
19.7	1549.99740529	-297.610910271	21.4377568982
19.75	1523.93866893	-297.196978281	21.0773428399
19.8	1612.44878302	-298.512138156	22.30151154
19.85	1491.17309294	-296.797823915	20.6241675956
19.9	1502.27972574	-296.936985848	20.7777815907
19.95	1578.90668897	-297.978244193	21.8375964033
20.0	1734.03684205	-300.181159294	23.9831758075
20.05	1573.15961956	-297.956040198	21.7581096401
20.1	1468.46882901	-296.435265279	20.3101486888
20.15	1653.85429918	-299.057062667	22.874184363
20.2	1434.44015402	-295.998145462	19.8395037319
20.25	1771.12591528	-300.715156735	24.4961486245
20.3	1614.06422579	-298.498157407	22.3238544608
20.35	1569.12556162	-297.891358757	21.7023152541
20.4	1739.98941953	-300.255586506	24.0655049188
20.45	1624.2429301	-298.679655347	22.4646344311
20.5	1546.88341667	-297.598190604	21.3946878383
20.55	1540.04625659	-297.467970723	21.3001242117
20.6	1601.05809146	-298.306895597	22.1439687753
20.65	1618.38608087	-298.526457372	22.3836293214
20.7	1624.75615239	-298.644266231	22.4717327234
20.75	1467.82812531	-296.45998965	20.3012872222
20.8	1658.08331178	-299.09768026	22.9326751344
20.85	1628.49625079	-298.711764024	22.5234614037
20.9	1627.50760704	-298.730486607	22.509787636
20.95	1555.58319361	-297.65940089	21.5150130094
21.0	1706.48064974	-299.773504971	23.6020506845
21.05	1575.57982576	-297.973243777	21.7915831104
21.1	1490.56805702	-296.752193011	20.6157994442
21.15	1743.39040869	-300.301273132	24.1125434355
21.2	1552.37815694	-297.645761626	21.4706846792
21.25	1526.189622	-297.331634356	21.1084753982
21.3	1620.35325219	-298.586854421	22.4108369414
21.35	1678.70489726	-299.3914747	23.2178888612
21.4	1579.00692154	-298.000402828	21.8389827034
21.45	1666.83362485	-299.22985082	23.0536992625
21.5	1656.40029819	-299.121535187	22.9093976528
21.55	1569.52566038	-297.865346913	21.7078489537
21.6	1463.84301685	-296.41177441	20.2461698486
21.65	1702.65025847	-299.77712179	23.5490731785
21.7	1739.86820741	-300.226812953	24.0638284541
21.75	1513.73721989	-297.100970667	20.936248291
21.8	1549.47050599	-297.640322119	21.4304694413
21.85	1556.73541641	-297.686396596	21.5309492117
21.9	1546.84527847	-297.50226813	21.3941603551
21.95	1676.66042864	-299.377576643	23.1896121549
22.0	1627.91606827	-298.713451905	22.5154369956
22.05	1551.56585177	-297.599944661	21.4594498211
22.1	1596.41603745	-298.257712301	22.0797652965
22.15	1560.17298076	-297.758209018	21.5784935938
22.2	1663.53070863	-299.201645439	23.0080171763
22.25	1625.72079516	-298.666604584	22.4850745375
22.3	1619.66627097	-298.570074368	22.4013354181
22.35	1608.62892562	-298.423897275	22.2486797263
22.4	1500.22403523	-296.916565911	20.7493496765
22.45	1574.62570607	-297.945790497	21.7783868392
22.5	1650.93901339	-299.02242967	22.833863529
22.55	1523.13498672	-297.177428021	21.0662272446
22.6	1735.24618049	-300.171864579	23.9999019668
22.65	1546.22891809	-297.580884455	21.385635577
22.7	1586.13633886	-298.118037436	21.9375884912
22.75	1587.9197463	-298.076930084	21.9622545035
22.8	1685.86338504	-299.520457327	23.3168967178
22.85	1585.88029274	-298.142950283	21.9340471599
22.9	1541.86731251	-297.481920067	21.325310934
22.95	1583.26617344	-298.057290718	21.8978917096
23.0	1660.20450744	-299.151144454	22.9620130396
23.05	1589.80294193	-298.151737247	21.9883006699
23.1	1665.33187357	-299.20289675	23.0329287897
23.15	1714.91750247	-299.89125443	23.7187393945
23.2	1497.12714388	-296.829583097	20.7065170861
23.25	1521.11550898	-297.255075951	21.038296183
23.3	1516.89940115	-297.173078587	20.9799838953
23.35	1654.05339535	-299.038761168	22.8769380291
23.4	1803.64368733	-301.173335001	24.9458965336
23.45	1577.08878531	-297.99758106	21.8124532795
23.5	1576.90847111	-297.999566959	21.8099593838
23.55	1573.63684244	-297.951970621	21.7647100305
23.6	1527.71729253	-297.281612187	21.1296043558
23.65	1561.12246454	-297.753580433	21.5916257464
23.7	1612.67661154	-298.482733991	22.3046625984
23.75	1652.47037641	-299.002873975	22.8550435567
23.8	1650.80855122	-299.046170096	22.8320591284
23.85	1590.11874388	-298.172534839	21.9926684742
23.9	1543.82244704	-297.454458292	21.3523520752
23.95	1694.06991791	-299.627876116	23.430399912
24.0	1554.67511918	-297.636774446	21.5024535827
24.05	1650.98248887	-299.023175796	22.8344648311
24.1	1474.27037468	-296.514288565	20.3903889043
24.15	1730.75047322	-300.12188777	23.9377225855
24.2	1504.55543841	-296.95660026	20.8092565951
24.25	1656.93749562	-299.129206613	22.9168275413
24.3	1677.88999188	-299.391806388	23.2066180401
24.35	1524.46174283	-297.213416144	21.0845773882
24.4	1540.78115021	-297.478341643	21.3102884035
24.45	1550.77915657	-297.645662231	21.4485691704
24.5	1688.50944625	-299.520141248	23.3534939512
24.55	1604.51478622	-298.354614792	22.1917777469
24.6	1568.31193939	-297.830082708	21.69106218
24.65	1664.31599759	-299.209318117	23.0188783777
24.7	1518.43721439	-297.141438765	21.001253135
24.75	1632.38346927	-298.72438787	22.5772248775
24.8	1574.17621346	-297.941377546	21.7721699816
24.85	1666.84649789	-299.250550111	23.0538773074
24.9	1508.93321755	-297.006444024	20.869804932
24.95	1689.60734252	-299.563199772	23.3686787724
25.0	1669.68594146	-299.289147659	23.0931491802
25.05	1521.47430052	-297.207170017	21.0432585693
25.1	1588.78303284	-298.140349136	21.9741944765
25.15	1674.30895844	-299.373134893	23.1570893608
25.2	1407.29383348	-295.617883072	19.4640474773
25.25	1732.58383971	-300.180578962	23.9630795732
25.3	1612.42345755	-298.468391279	22.3011612676
25.35	1552.84544946	-297.66410969	21.4771477245
25.4	1512.05216392	-297.06543578	20.9129425615
25.45	1769.051238	-300.671092797	24.4674541074
25.5	1408.85198808	-295.607984882	19.4855980551
25.55	1666.46766784	-299.24803908	23.0486377717
25.6	1703.86152615	-299.779864333	23.5658260207
25.65	1585.82552498	-298.089019498	21.9332896761
25.7	1593.95506707	-298.217330913	22.0457280237
25.75	1510.00442934	-297.000596187	20.8846206844
25.8	1625.92826555	-298.650637248	22.487944026
25.85	1584.06340223	-298.063811126	21.9089180487
25.9	1531.31009502	-297.301994643	21.1792958108
25.95	1698.40690211	-299.697639291	23.4903840208
26.0	1596.91715611	-298.269557714	22.0866961856
26.05	1563.15222868	-297.809398657	21.6196990774
26.1	1743.49640462	-300.356795069	24.1140094476
26.15	1514.88300849	-297.123125334	20.952095503
26.2	1623.22781595	-298.650793657	22.4505945557
26.25	1592.16871842	-298.177444321	22.0210213319
26.3	1659.71976143	-299.122676047	22.955308598
26.35	1526.97771615	-297.282528508	21.1193753976
26.4	1632.97414754	-298.774611519	22.5853944506
26.45	1643.51200196	-298.938424835	22.7311417664
26.5	1578.1712195	-297.978451372	21.8274242472
26.55	1579.92701995	-298.043485592	21.8517084318
26.6	1613.72862532	-298.525157616	22.3192128264
26.65	1639.91941195	-298.846811887	22.6814532502
26.7	1558.77078395	-297.695027701	21.5591000425
26.75	1696.35194782	-299.64541137	23.461962289
26.8	1622.52013978	-298.587134393	22.440806804
26.85	1526.65854312	-297.270176612	21.1149609684
26.9	1437.02863992	-296.069669114	19.875304651
26.95	1664.92792977	-299.264232856	23.0273419101
27.0	1513.85930921	-297.086384824	20.9379368882
27.05	1609.51409	-298.409015815	22.2609222878
27.1	1681.31863429	-299.424725916	23.2540390244
27.15	1689.38185117	-299.55676704	23.3655600389
27.2	1677.31775454	-299.398413748	23.1987035204
27.25	1605.55941895	-298.360969636	22.2062258888
27.3	1507.64197861	-296.978698722	20.8519460203
27.35	1404.12344855	-295.539203315	19.4201984095
27.4	1608.94692566	-298.438650055	22.253077932
27.45	1466.0785537	-296.414835954	20.2770891877
27.5	1749.96196251	-300.383119442	24.2034335059
27.55	1617.36659114	-298.469653997	22.369528928
27.6	1720.76353938	-300.000272923	23.7995949609
27.65	1556.23916539	-297.712207872	21.5240856463
27.7	1547.09232727	-297.564601792	21.3975772462
27.75	1556.01299188	-297.644149324	21.520957478
27.8	1690.01723376	-299.560664693	23.3743479101
27.85	1498.57660586	-296.86808856	20.7265643542
27.9	1630.42011674	-298.713503731	22.5500700744
27.95	1475.73193366	-296.577300399	20.4106034839
28.0	1738.27355973	-300.261325809	24.0417731467
28.05	1579.15795612	-297.985235991	21.8410716377
28.1	1553.41854414	-297.660736456	21.4850741018
28.15	1646.18253637	-298.946154204	22.7680774846
28.2	1549.73808364	-297.550655642	21.4341702634
28.25	1562.14716922	-297.756152943	21.6057982669
28.3	1376.81917103	-295.159450156	19.0425574782
28.35	1706.79491977	-299.82922811	23.6063973011
28.4	1650.76592807	-299.011270858	22.8314696147
28.45	1693.07728564	-299.635922711	23.4166709798
28.5	1592.72830218	-298.187969079	22.0287608421
28.55	1562.51889352	-297.736495909	21.6109395239
28.6	1569.53799207	-297.868417123	21.7080195112
28.65	1527.67738639	-297.277933264	21.1290524207
28.7	1617.24507503	-298.561574336	22.3678482589
28.75	1607.32664337	-298.417680321	22.2306680765
28.8	1500.57535546	-296.857676471	20.7542087282
28.85	1747.71878712	-300.364421892	24.1724085194
28.9	1684.94557685	-299.494800594	23.3042026649
28.95	1583.5441728	-298.063674635	21.9017366727
29.0	1507.13791532	-296.984377749	20.8449744047
29.05	1579.45764001	-298.028857008	21.8452165157
29.1	1709.23048275	-299.839883928	23.6400831685
29.15	1545.86093107	-297.512594447	21.3805460096
29.2	1500.28375409	-296.885310088	20.750175638
29.25	1579.26119057	-298.043874328	21.8424994562
29.3	1441.03990774	-296.074784703	19.9307838304
29.35	1535.85351009	-297.400006389	21.2421350307
29.4	1691.43510335	-299.5804757	23.3939582291
29.45	1786.09157826	-300.953711375	24.7031362258
29.5	1540.30670086	-297.467760843	21.3037263733
29.55	1651.53461093	-299.015017682	22.8421011398
29.6	1417.30166125	-295.699733766	19.6024640826
29.65	1735.99778876	-300.234669803	24.010297336
29.7	1534.94285841	-297.382220334	21.2295399585
29.75	1554.77804058	-297.636132283	21.5038770715
29.8	1688.42502178	-299.529707708	23.3523262905
29.85	1407.81356126	-295.591195826	19.4712357461
29.9	1527.05854452	-297.25973628	21.1204933213
29.95	1686.77486379	-299.543469528	23.3295032291
30.0	1512.26738627	-297.093708697	20.9159192662
30.05	1742.70888378	-300.282534094	24.1031173776
30.1	1435.43675337	-295.937373295	19.8532875322
30.15	1647.08860388	-298.967209973	22.7806091539
30.2	1627.0712305	-298.689535612	22.5037521845
30.25	1486.43227308	-296.69230935	20.5585981028
30.3	1594.02392485	-298.220693386	22.0466803842
30.35	1660.82330029	-299.154866935	22.9705714609
30.4	1595.06491977	-298.244826473	22.0610782121
30.45	1570.35879052	-297.878263879	21.7193718384
30.5	1514.4687714	-297.073547876	20.9463662586
30.55	1755.72739467	-300.494716587	24.2831742413
30.6	1521.06361136	-297.215553446	21.0375783957
30.65	1566.95086599	-297.817238349	21.6722373998
30.7	1716.20772692	-299.941579063	23.7365842748
30.75	1535.72690638	-297.379350926	21.2403839958
30.8	1616.09988553	-298.479661985	22.3520093329
30.85	1606.05796019	-298.387742518	22.21312113
30.9	1684.8881746	-299.507602579	23.303408744
30.95	1434.32355804	-295.94323385	19.8378911123
31.0	1732.14140052	-300.145954445	23.9569602703
31.05	1454.97776984	-296.237099282	20.1235560882
31.1	1671.1936959	-299.342686651	23.1140026817
31.15	1460.48625132	-296.34763548	20.1997429815
31.2	1557.69524967	-297.692200749	21.5442245064
31.25	1791.16537261	-301.014532562	24.7733110334
31.3	1644.01558639	-298.919579011	22.738106759
31.35	1556.26700122	-297.691654548	21.524470639
31.4	1567.32988474	-297.831978157	21.6774795451
31.45	1563.17968214	-297.772899536	21.6200787818
31.5	1708.1784715	-299.826395279	23.6255329755
31.55	1567.58163347	-297.857956799	21.6809614401
31.6	1580.60775424	-298.050803563	21.8611235549
31.65	1664.37184049	-299.202943334	23.0196507315
31.7	1630.30417656	-298.747104862	22.548466525
31.75	1527.22674933	-297.307320143	21.1228197342
31.8	1571.50801561	-297.884284052	21.7352665799
31.85	1794.87695661	-301.062301329	24.8246453359
31.9	1603.08036826	-298.330762322	22.1719385501
31.95	1616.6780775	-298.54587339	22.3600062102
32.0	1653.01928742	-299.068805026	22.8626354539
32.05	1331.37281545	-294.48607756	18.4139964757
32.1	1559.26043868	-297.713739877	21.5658723757
32.15	1724.60331036	-300.059199166	23.8527021961
32.2	1557.21485344	-297.690452253	21.5375802258
32.25	1749.63333726	-300.410206527	24.1988883446
32.3	1683.43185286	-299.467672353	23.2832665996
32.35	1532.73245453	-297.36605946	21.1989682292
32.4	1514.41912868	-297.099778642	20.9456796584
32.45	1561.99154084	-297.735269644	21.6036457966
32.5	1508.44831892	-297.023956677	20.8630983794
32.55	1570.83917588	-297.923209241	21.7260159686
32.6	1668.99457478	-299.302366131	23.0835870024
32.65	1736.00893039	-300.216141953	24.0104514341
32.7	1543.8144351	-297.493992147	21.3522412635
32.75	1636.01161831	-298.832273883	22.6274052047
32.8	1635.80010333	-298.812835862	22.6244797762
32.85	1530.67225371	-297.347119413	21.1704739336
32.9	1647.5630381	-298.984050367	22.787170975
32.95	1643.79204592	-298.887844269	22.7350150079
33.0	1602.5250974	-298.309929157	22.164258691
33.05	1610.07714437	-298.427641861	22.2687097994
33.1	1588.05636263	-298.120624523	21.9641440214
33.15	1511.76761405	-297.133136662	20.9090069996
33.2	1535.71068065	-297.433346642	21.2401595804
33.25	1562.80365217	-297.752386432	21.6148779735
33.3	1815.400783	-301.331145154	25.1085069729
33.35	1579.39590922	-298.016311922	21.8443627274
33.4	1566.7010287	-297.79941329	21.6687819416
33.45	1632.22588324	-298.776881797	22.5750453312
33.5	1439.48568905	-296.037777431	19.9092876897
33.55	1654.35123828	-299.061789485	22.8810574452
33.6	1535.4602744	-297.389092034	21.2366962531
33.65	1754.1382205	-300.471127729	24.2611946371
33.7	1472.52004584	-296.492596505	20.3661803966
33.75	1613.93101151	-298.521684621	22.3220119963
33.8	1612.23511384	-298.469918563	22.298556317
33.85	1659.49359584	-299.106771379	22.9521805392
33.9	1543.6654762	-297.48554021	21.3501810376
33.95	1588.52934608	-298.143962831	21.970685777
34.0	1719.26606078	-299.981805566	23.778883583
34.05	1526.53004948	-297.288302508	21.1131837942
34.1	1610.28360528	-298.446615268	22.271565326
34.15	1502.7157872	-296.842879931	20.7838126845
34.2	1695.65154118	-299.641498648	23.452275081
34.25	1642.7808028	-298.918186776	22.7210286721
34.3	1514.86846914	-297.13135482	20.9518944117
34.35	1604.17624834	-298.375997903	22.1870954857
34.4	1592.23827668	-298.171633859	22.0219833807
34.45	1615.58765647	-298.498111293	22.3449247779
34.5	1774.36103406	-300.752442327	24.5408930156
34.55	1548.63188763	-297.600550712	21.41887065
34.6	1498.13208212	-296.856484813	20.7204162202
34.65	1516.9979927	-297.079505103	20.9813474986
34.7	1704.71978919	-299.750464378	23.5776965145
34.75	1521.66452584	-297.179435942	21.0458895442
34.8	1657.8493536	-299.11109544	22.9294392977
34.85	1434.61919843	-295.938144711	19.8419800654
34.9	1628.52159361	-298.717141005	22.5238119161
34.95	1463.06104247	-296.380892516	20.2353544906
35.0	1639.89895094	-298.805894845	22.6811702573
35.05	1714.1145744	-299.859066033	23.7076342296
35.1	1542.44940159	-297.502552809	21.3333617115
35.15	1552.18706612	-297.663219909	21.4680417338
35.2	1529.70215194	-297.300481752	21.1570566169
35.25	1610.40554786	-298.428072455	22.2732518936
35.3	1656.35132016	-299.111708661	22.9087202458
35.35	1607.66261111	-298.398510982	22.2353147905
35.4	1577.31673689	-297.955884098	21.81560604
35.45	1554.06197491	-297.669372053	21.4939732861
35.5	1768.18347728	-300.698803503	24.4554522529
35.55	1516.8733482	-297.14572597	20.9796235613
35.6	1682.78311589	-299.458411441	23.2742940263
35.65	1592.48196165	-298.177377938	22.025353747
35.7	1592.04779659	-298.201311833	22.0193488821
35.75	1538.17056037	-297.45148626	21.2741817687
35.8	1445.54682088	-296.119315311	19.9931181981
35.85	1610.10155198	-298.420880438	22.2690473769
35.9	1631.30503227	-298.711848297	22.5623091943
35.95	1519.85962359	-297.167253876	21.0209262407
36.0	1540.10736298	-297.454997903	21.3009693641
36.05	1686.49757766	-299.514443692	23.3256681307
36.1	1692.6527222	-299.604703899	23.4107989134
36.15	1571.56685734	-297.918802013	21.7360804101
36.2	1524.60404289	-297.260028174	21.0865455166
36.25	1658.58668763	-299.118700521	22.9396372423
36.3	1553.9589918	-297.616031959	21.4925489438
36.35	1720.54962247	-299.964778233	23.7966363117
36.4	1611.29034994	-298.477589021	22.2854894444
36.45	1516.66238036	-297.144253765	20.9767057002
36.5	1489.80462209	-296.760986252	20.6052405024
36.55	1630.25702691	-298.719973641	22.5478144061
36.6	1594.4645982	-298.235730155	22.0527752642
36.65	1640.28376822	-298.86686673	22.6864926013
36.7	1644.97207291	-298.908021736	22.7513357654
36.75	1635.39188307	-298.806174918	22.6188337495
36.8	1591.80094671	-298.173703668	22.0159347425
36.85	1645.92581341	-298.957552877	22.764526792
36.9	1495.6487807	-296.827987414	20.6860700904
36.95	1531.20265783	-297.333061467	21.1778098649
37.0	1641.20099797	-298.895840106	22.6991786537
37.05	1681.61189233	-299.437084272	23.2580950276
37.1	1531.97253413	-297.379238931	21.1884578962
37.15	1730.37716301	-300.146763009	23.932559394
37.2	1516.93375067	-297.16406951	20.9804589778
37.25	1413.74280992	-295.678162996	19.5532422003
37.3	1783.56266439	-300.841533352	24.6681592377
37.35	1555.97682012	-297.629008639	21.5204571924
37.4	1489.23790889	-296.738198207	20.5974023861
37.45	1678.37477149	-299.428926935	23.2133229464
37.5	1430.00704261	-295.897791391	19.7781901038
37.55	1704.71567211	-299.741398277	23.5776395718
37.6	1695.31022616	-299.619655948	23.4475544096
37.65	1576.45123574	-297.983024904	21.8036354372
37.7	1559.900597	-297.737822606	21.5747262993
37.75	1644.79059539	-298.927667058	22.7488257799
37.8	1571.71135986	-297.885122716	21.7380790004
37.85	1641.61449919	-298.877599609	22.7048977205
37.9	1503.37210616	-296.943643003	20.7928901231
37.95	1609.77129042	-298.465882306	22.2644795842
38.0	1631.35280915	-298.718247237	22.5629699884
38.05	1620.86269748	-298.586220828	22.4178829946
38.1	1641.89882946	-298.905345316	22.7088302452
38.15	1487.67425285	-296.704854117	20.5757757189
38.2	1674.76986583	-299.345606584	23.1634640945
38.25	1608.00798095	-298.411618484	22.2400915435
38.3	1630.06013303	-298.726353114	22.5450911995
38.35	1621.1537149	-298.606966526	22.4219080083
38.4	1601.67131408	-298.328835353	22.1524501555
38.45	1599.07751971	-298.329211144	22.116575816
38.5	1468.02586484	-296.480061952	20.3040221249
38.55	1597.13887916	-298.251079518	22.0897628004
38.6	1585.8605355	-298.095951079	21.9337739007
38.65	1759.28737269	-300.497616209	24.3324117066
38.7	1600.87062787	-298.269810783	22.1413759975
38.75	1517.72595603	-297.159515341	20.9914158387
38.8	1557.9053911	-297.681783747	21.5471309375
38.85	1685.76254646	-299.48430019	23.3155020362
38.9	1556.82410854	-297.695706589	21.5321758979
38.95	1585.24351301	-298.059638516	21.925239965
39.0	1657.61644272	-299.079897883	22.926217946
39.05	1669.40991219	-299.280302932	23.0893314652
39.1	1495.13782019	-296.789649199	20.6790030802
39.15	1555.49628507	-297.650990898	21.5138109918
39.2	1628.65274262	-298.716027208	22.5256258162
39.25	1599.70382209	-298.246668194	22.1252381003
39.3	1614.45360338	-298.502385073	22.3292398777
39.35	1598.41137052	-298.305253603	22.1073624172
39.4	1490.55182711	-296.727741524	20.615574971
39.45	1511.89914314	-297.032725834	20.9108261566
39.5	1786.85356204	-300.903778751	24.713675097
39.55	1730.73999385	-300.088737591	23.9375776471
39.6	1497.80953451	-296.862390738	20.7159551177
39.65	1567.89615478	-297.85284809	21.685311532
39.7	1516.0858825	-297.108535201	20.9687322539
39.75	1471.45009568	-296.466796728	20.3513820935
39.8	1483.56088795	-296.631060429	20.5188844516
39.85	1676.7395053	-299.386436529	23.1907058512
39.9	1575.23611232	-297.945884867	21.7868292668
39.95	1652.02266117	-299.046383359	22.8488512816
40.0	1537.96252039	-297.438681327	21.2713044022
40.05	1717.75387734	-299.953043714	23.7579688247
40.1	1537.06126506	-297.411756823	21.2588392893
40.15	1554.14825049	-297.65436261	21.4951665492
40.2	1635.48885785	-298.794655927	22.6201749915
40.25	1632.92260629	-298.763516314	22.5846815921
40.3	1737.40539659	-300.216893278	24.0297657263
40.35	1518.70687829	-297.15522969	21.0049828117
40.4	1377.71512098	-295.155424185	19.0549492132
40.45	1589.23561872	-298.153467363	21.9804541167
40.5	1534.73927002	-297.400145034	21.2267241611
40.55	1584.83878455	-298.069049032	21.9196422329
40.6	1579.44126296	-297.987143894	21.8449900075
40.65	1722.83750192	-300.033488501	23.8282795926
40.7	1701.23071179	-299.721242745	23.5294396639
40.75	1484.17103614	-296.675768337	20.5273233099
40.8	1531.00135501	-297.342650938	21.175025679
40.85	1629.86741245	-298.724975744	22.5424257131
40.9	1512.0716397	-297.044104582	20.9132119279
40.95	1636.49072833	-298.851616475	22.6340316959
41.0	1564.61374074	-297.822394278	21.6399130082
41.05	1642.90262489	-298.941371547	22.7227135733
41.1	1735.00080961	-300.191412085	23.9965082828
41.15	1555.387954	-297.6253304	21.5123126828
41.2	1629.35613077	-298.71726836	22.535354261
41.25	1452.38324507	-296.191354703	20.0876716467
41.3	1757.22084322	-300.508569929	24.3038298804
41.35	1547.0660981	-297.554351203	21.3972144749
41.4	1685.80486	-299.527318884	23.3160872676
41.45	1408.27786989	-295.618863127	19.4776575217
41.5	1869.90495101	-302.076173178	25.8623450759
41.55	1548.54045783	-297.590848256	21.4176060996
41.6	1570.19806084	-297.882054832	21.7171488129
41.65	1501.94845311	-296.922811636	20.773199814
41.7	1666.06674473	-299.218885346	23.0430926708
41.75	1544.65665802	-297.492419187	21.3638899089
41.8	1565.73403758	-297.825930705	21.6554076479
41.85	1691.76912825	-299.594986319	23.3985780721
41.9	1511.74138518	-297.016532493	20.9086442323
41.95	1672.62126874	-299.323238284	23.1337472047
42.0	1377.02139664	-295.135010669	19.045354427
42.05	1689.94340371	-299.58518678	23.373326779
42.1	1577.29533979	-297.999390812	21.8153101003
42.15	1620.17741024	-298.522825144	22.4084049006
42.2	1632.37839296	-298.703057186	22.5771546679
42.25	1427.43255977	-295.869095759	19.7425828587
42.3	1563.00447982	-297.781093918	21.6176555875
42.35	1769.49236251	-300.653010065	24.4735552273
42.4	1547.69619369	-297.518479719	21.4059292223
42.45	1480.49205141	-296.612971482	20.4764398826
42.5	1705.97144301	-299.806204489	23.5950079307
42.55	1596.30478808	-298.24782297	22.078226625
42.6	1472.47851935	-296.503466817	20.3656060506
42.65	1702.0286877	-299.714027056	23.5404763363
42.7	1695.5786084	-299.624372034	23.4512663598
42.75	1604.19218355	-298.355642603	22.1873158829
42.8	1415.70521017	-295.702686871	19.5803838326
42.85	1423.60996697	-295.825949296	19.689713212
42.9	1733.5082141	-300.156561619	23.9758644421
42.95	1577.56367366	-297.980523531	21.8190213815
43.0	1553.32791894	-297.639113161	21.4838206797
43.05	1752.55871457	-300.478274745	24.2393487527
43.1	1629.94198135	-298.751069176	22.5434570632
43.15	1563.77250827	-297.793313196	21.6282780615
43.2	1657.90068416	-299.14595564	22.9301492421
43.25	1585.96653385	-298.111657691	21.9352399463
43.3	1557.94014184	-297.724283395	21.5476115693
43.35	1703.54105754	-299.786534333	23.5613936726
43.4	1493.42132458	-296.792730023	20.6552625143
43.45	1442.73239708	-296.061258414	19.9541923697
43.5	1850.93896025	-301.852120187	25.6000296051
43.55	1506.45279702	-296.999084903	20.8354986471
43.6	1555.14984359	-297.69005389	21.5090194172
43.65	1575.4860092	-297.985564759	21.7902855491
43.7	1723.03955549	-300.047103644	23.831074162
43.75	1661.58422192	-299.200147321	22.9810956417
43.8	1685.91120111	-299.532461037	23.3175580538
43.85	1548.97320405	-297.584209277	21.4235913408
43.9	1545.65873533	-297.5324875	21.3777494738
43.95	1658.04065139	-299.102500268	22.9320851057
44.0	1467.00765103	-296.409160031	20.2899393787
44.05	1575.83466241	-297.958710706	21.7951077138
44.1	1593.76827444	-298.208511747	22.0431445258
44.15	1558.34799526	-297.732513447	21.5532525222
44.2	1608.16467655	-298.421871424	22.2422587743
44.25	1630.03691879	-298.648227803	22.5447701272
44.3	1501.1718398	-296.849587889	20.7624586042
44.35	1608.69993917	-298.428598844	22.2496619028
44.4	1499.28927427	-296.874170068	20.7364211527
44.45	1625.94373792	-298.643880302	22.4881580218
44.5	1695.15024975	-299.635773188	23.4453418024
44.55	1489.53187812	-296.760023203	20.6014682257
44.6	1538.34900604	-297.430176915	21.2766498211
44.65	1696.3114915	-299.630834344	23.4614027444
44.7	1635.37167788	-298.794053348	22.6185542948
44.75	1540.87300233	-297.470863136	21.3115587949
44.8	1583.67698435	-298.079719437	21.9035735671
44.85	1573.35751995	-297.934880981	21.7608467675
44.9	1632.91108562	-298.770816178	22.5845222517
44.95	1605.16568109	-298.345609234	22.2007801657
45.0	1631.34428085	-298.700137679	22.5628520349
45.05	1672.73799443	-299.327542228	23.1353616184
45.1	1451.43333377	-296.246294978	20.0745335811
45.15	1513.19730648	-297.102958535	20.9287808382
45.2	1628.78764938	-298.716383625	22.5274916893
45.25	1439.57043299	-296.029404786	19.9104597691
45.3	1709.23346452	-299.858002003	23.6401244088
45.35	1548.66005192	-297.567527936	21.4192601856
45.4	1607.82684441	-298.388035673	22.2375862741
45.45	1565.31470428	-297.787046502	21.6496079187
45.5	1633.67293966	-298.764553054	22.5950593285
45.55	1584.41403538	-298.077556116	21.9137675976
45.6	1603.34218734	-298.330050019	22.1755597264
45.65	1524.25789195	-297.229100279	21.0817579605
45.7	1489.19234726	-296.752771128	20.5967722308
45.75	1642.32799401	-298.887830053	22.7147659489
45.8	1734.08120819	-300.178963886	23.9837894282
45.85	1504.41424146	-296.958216134	20.8073037235
45.9	1664.1378039	-299.20072359	23.0164138102
45.95	1517.46738513	-297.114443378	20.9878395875
46.0	1714.09992275	-299.889357473	23.7074315851
46.05	1504.05418068	-296.939948801	20.8023237827
46.1	1533.47313949	-297.348859227	21.20921252
46.15	1524.03114157	-297.218842287	21.0786218135
46.2	1730.54452625	-300.128932837	23.9348741672
46.25	1591.53429312	-298.193194062	22.0122467008
46.3	1472.18260407	-296.502290604	20.3615132955
46.35	1738.27755985	-300.239101161	24.0418284717
46.4	1588.41793245	-298.129903081	21.9691448335
46.45	1525.82499852	-297.270226631	21.1034323514
46.5	1707.90604534	-299.830757734	23.6217650945
46.55	1664.46708622	-299.22501248	23.0209680594
46.6	1517.96753329	-297.158139283	20.9947570537
46.65	1688.64707593	-299.578750055	23.3553974845
46.7	1607.80714094	-298.387528018	22.2373137586
46.75	1534.71898207	-297.400721663	21.2264435619
46.8	1666.83708656	-299.268434648	23.0537471408
46.85	1455.59229017	-296.23458308	20.132055417
46.9	1792.04552196	-300.979265518	24.785484233
46.95	1410.73597183	-295.649251219	19.5116551216
47.0	1615.52082512	-298.53028086	22.3440004444
47.05	1607.73890929	-298.393393939	22.236370058
47.1	1622.75115081	-298.620073876	22.4440018793
47.15	1657.28455162	-299.087293147	22.9216276152
47.2	1635.94501948	-298.818659351	22.6264840874
47.25	1589.70227655	-298.145200186	21.9869083837
47.3	1563.73119825	-297.78612063	21.6277067095
47.35	1636.76746903	-298.830328895	22.6378592507
47.4	1641.75292725	-298.910284737	22.706812296
47.45	1634.1875031	-298.790365655	22.60217617
47.5	1527.82803428	-297.302645282	21.1311360065
47.55	1640.2583991	-298.886625732	22.6861417251
47.6	1578.38457203	-298.002019994	21.8303750906
47.65	1607.28468867	-298.402522347	22.230087808
47.7	1478.66806541	-296.596304935	20.451212635
47.75	1593.6602245	-298.200280917	22.041650105
47.8	1732.55091897	-300.112900703	23.9626242519
47.85	1684.70056019	-299.480385175	23.3008138802
47.9	1531.75692493	-297.332157654	21.1854758412
47.95	1526.12194294	-297.220366032	21.1075393403
48.0	1567.61668351	-297.829457521	21.6814462113
48.05	1754.91729462	-300.492101482	24.271969882
48.1	1361.42773611	-294.952730295	18.8296810959
48.15	1622.77876976	-298.624789134	22.4443838725
48.2	1615.20571546	-298.520350526	22.3396422151
48.25	1619.87963282	-298.602880673	22.4042863905
48.3	1636.5423616	-298.843131659	22.6347458272
48.35	1734.22880725	-300.165281111	23.9858308463
48.4	1635.28739185	-298.796133052	22.6173885487
48.45	1605.59007458	-298.410798694	22.2066498817
48.5	1411.20787524	-295.633375794	19.5181819395
48.55	1541.28912288	-297.434986068	21.3173140892
48.6	1753.24708162	-300.463895023	24.2488694431
48.65	1541.71556132	-297.480020335	21.3232120884
48.7	1576.28392737	-297.952194268	21.8013214229
48.75	1612.20788842	-298.431233408	22.2981797668
48.8	1792.3023606	-301.004586832	24.7890365257
48.85	1404.43926967	-295.570459771	19.424566479
48.9	1590.95527114	-298.15418928	22.0042383439
48.95	1625.5777421	-298.651415095	22.4830959944
49.0	1446.56219855	-296.127089774	20.0071617182
49.05	1708.29492296	-299.808398187	23.6271435963
49.1	1597.76065501	-298.253100199	22.098362479
49.15	1540.95155394	-297.463020982	21.3126452293
49.2	1548.21396645	-297.565450476	21.4130904515
49.25	1573.45508544	-297.931869863	21.7621961796
49.3	1570.71131888	-297.880947179	21.7242475996
49.35	1620.71809019	-298.536066977	22.4158829552
49.4	1638.9115766	-298.801825396	22.6675140466
49.45	1609.59737959	-298.461857571	22.2620742524
49.5	1497.96695753	-296.924538042	20.7181324093
49.55	1721.10431564	-299.994844347	23.8043081809
49.6	1534.89780347	-297.414197782	21.228916811
49.65	1659.86576344	-299.164251114	22.9573279276
49.7	1648.16954125	-298.960918562	22.7955594194
49.75	1704.9164592	-299.776562379	23.5804166247
49.8	1601.88709148	-298.366791123	22.155434537
49.85	1581.93848527	-298.069852695	21.8795286749
49.9	1587.99281906	-298.133726513	21.9632651608
49.95	1466.2433568	-296.409744033	20.279368552
50.0	1618.05852741	-298.558963245	22.3790989838
50.05	1636.52877536	-298.826087632	22.6345579181
50.1	1751.68156022	-300.448563986	24.2272169764
50.15	1566.79872263	-297.826947537	21.6701331302
50.2	1553.98532561	-297.656585157	21.4929131623
50.25	1655.07972786	-299.077138807	22.8911330637
50.3	1546.21303125	-297.544750488	21.3854158487
50.35	1663.58298498	-299.225197072	23.0087402018
50.4	1599.95649123	-298.300298623	22.1287327253
50.45	1428.23912979	-295.894419261	19.7537383949
50.5	1592.95747229	-298.184334912	22.0319304557
50.55	1718.93358511	-299.979890554	23.7742851671
50.6	1657.6793339	-299.108919331	22.9270877835
50.65	1522.4184031	-297.20654413	21.0563162954
50.7	1573.31251657	-297.940823493	21.7602243332
50.75	1655.46799169	-299.068985111	22.8965030764
50.8	1561.19059103	-297.740579314	21.5925679926
50.85	1590.72856207	-298.191740115	22.0011027683
50.9	1683.59304836	-299.465641984	23.2854960679
50.95	1543.91263795	-297.500890236	21.3535994908
51.0	1548.96964341	-297.5684248	21.4235420942
51.05	1592.93330113	-298.167626173	22.0315961485
51.1	1682.50524414	-299.482373388	23.2704508282
51.15	1457.1605623	-296.313501534	20.1537459285
51.2	1549.58287307	-297.577913291	21.4320235718
51.25	1605.45875885	-298.382008073	22.2048336756
51.3	1691.7086651	-299.598829999	23.3977418163
51.35	1598.32380037	-298.295567813	22.106151249
51.4	1746.68074892	-300.370697644	24.1580515852
51.45	1546.50554059	-297.537609883	21.3894614969
51.5	1551.38231026	-297.634273673	21.456911289
51.55	1419.93427208	-295.770281372	19.6388752861
51.6	1497.25978036	-296.840056635	20.7083515593
51.65	1578.18931582	-297.986040673	21.8276745344
51.7	1656.48599448	-299.062714923	22.910582904
51.75	1547.96572783	-297.576391408	21.4096571044
51.8	1590.22864807	-298.212290746	21.9941885408
51.85	1675.35555103	-299.381860553	23.1715646093
51.9	1557.89018742	-297.702664369	21.546920658
51.95	1497.77063693	-296.862810012	20.7154171317
52.0	1494.69465534	-296.866360432	20.6728737408
52.05	1647.30581477	-298.954696002	22.7836133619
52.1	1862.5978073	-302.001414263	25.7612811838
52.15	1516.38442998	-297.170340601	20.9728614145
52.2	1661.58415812	-299.156482309	22.9810947592
52.25	1579.86912843	-298.017974351	21.8509077438
52.3	1444.94301344	-296.117990467	19.9847670377
52.35	1680.85400939	-299.41832286	23.2476128745
52.4	1767.55544183	-300.643892025	24.4467659988
52.45	1552.59999857	-297.656300719	21.4737529339
52.5	1451.35071389	-296.232022401	20.0733908793
52.55	1689.7501438	-299.604511836	23.3706538332
52.6	1613.55277713	-298.541332634	22.3167806994
52.65	1559.3687774	-297.729887866	21.5673707906
52.7	1712.92929803	-299.890592273	23.6912408689
52.75	1613.27111168	-298.519740334	22.3128850313
52.8	1590.27843358	-298.170182687	21.994877116
52.85	1602.54421047	-298.397528617	22.1645230407
52.9	1554.26267061	-297.713494833	21.496749075
52.95	1565.97312626	-297.80645366	21.6587144438
53.0	1791.98486483	-300.994158442	24.7846452943
53.05	1623.15287438	-298.627265651	22.4495580514
53.1	1469.77998072	-296.51550601	20.3282830105
53.15	1724.17650682	-300.09551336	23.8467991472
53.2	1523.47312469	-297.199791889	21.0709039747
53.25	1530.56328506	-297.301914209	21.1689668062
53.3	1587.31860328	-298.089226118	21.9539401943
53.35	1641.86401263	-298.876543553	22.7083486994
53.4	1396.80082336	-295.436200129	19.3189203956
53.45	1655.85712493	-299.116413983	22.9018851136
53.5	1630.16766778	-298.712151089	22.5465784948
53.55	1673.44124173	-299.307054519	23.1450881151
53.6	1630.40728395	-298.707635298	22.5498925862
53.65	1497.94798388	-296.908005513	20.717869988
53.7	1640.02512477	-298.877835401	22.6829153466
53.75	1537.01587572	-297.404579218	21.2582115169
53.8	1647.5056807	-298.985580103	22.7863776743
53.85	1562.79563251	-297.789952881	21.614767055
53.9	1648.39446441	-298.999247352	22.7986702943
53.95	1618.45782901	-298.58337128	22.384621658
54.0	1530.966001	-297.327665995	21.1745367035
54.05	1604.35011064	-298.335969663	22.1895001462
54.1	1578.04426794	-297.983993077	21.8256684011
54.15	1650.14827815	-299.035114994	22.8229270011
54.2	1664.04770428	-299.198081039	23.0151676574
54.25	1462.05719466	-296.346763013	20.2214704381
54.3	1621.44848346	-298.614359408	22.4259849033
54.35	1670.2056912	-299.27217961	23.1003377525
54.4	1552.80252492	-297.648339842	21.4765540423
54.45	1566.37941318	-297.834233056	21.6643337308
54.5	1500.67632031	-296.902165952	20.7556051563
54.55	1630.5481918	-298.719223779	22.5518414594
54.6	1587.27434233	-298.145950279	21.9533280284
54.65	1819.93585327	-301.402912109	25.1712307772
54.7	1520.87491768	-297.149512321	21.0349686047
54.75	1438.41693884	-296.053774485	19.8945059829
54.8	1428.38781399	-295.904793964	19.7557948213
54.85	1565.68894177	-297.794867489	21.6547839353
54.9	1539.98347715	-297.431905171	21.2992559198
54.95	1721.23264109	-300.007240058	23.8060830288
55.0	1600.19234779	-298.30722604	22.1319948182
55.05	1518.85810906	-297.188432399	21.0070744593
55.1	1561.40578366	-297.727983569	21.5955442861
55.15	1759.875615	-300.52429004	24.3405475884
55.2	1486.60618054	-296.713820766	20.5610033881
55.25	1720.7978886	-299.986667442	23.8000700392
55.3	1481.72414207	-296.616656785	20.4934807241
55.35	1573.44624317	-297.937635876	21.7620738836
55.4	1548.22928123	-297.580101718	21.4133022676
55.45	1707.80735854	-299.792368751	23.6204001737
55.5	1618.02820736	-298.541903343	22.3786796322
55.55	1572.63350304	-297.926453812	21.7508330097
55.6	1551.02262601	-297.669785362	21.4519365558
55.65	1620.61494515	-298.580168325	22.4144563732
55.7	1580.03419236	-297.980940248	21.8531907157
55.75	1517.49256974	-297.148312314	20.9881879116
55.8	1653.34008339	-299.08413385	22.8670723298
55.85	1434.08418443	-295.967174996	19.8345803756
55.9	1697.315544	-299.618368534	23.4752896279
55.95	1736.42536729	-300.163478513	24.0162111037
56.0	1546.68349954	-297.550241839	21.3919228176
56.05	1381.47822328	-295.227537159	19.1069960567
56.1	1486.66272389	-296.68688446	20.5617854298
56.15	1677.49638278	-299.375198249	23.201174098
56.2	1653.50551985	-299.035476528	22.8693604539
56.25	1621.88280224	-298.58820954	22.4319918943
56.3	1470.81491343	-296.479759633	20.3425969931
56.35	1453.68733269	-296.247361578	20.1057082662
56.4	1712.40482899	-299.890456806	23.6839870246
56.45	1565.15577961	-297.823538077	21.6474098579
56.5	1621.96580992	-298.58401615	22.4331399598
56.55	1437.90878582	-295.985633348	19.8874778028
56.6	1574.3740168	-297.921653697	21.7749057668
56.65	1601.2949087	-298.306468282	22.1472441552
56.7	1569.9727055	-297.884409524	21.7140319605
56.75	1701.75733926	-299.745010897	23.5367233611
56.8	1414.58874903	-295.679323872	19.5649422437
56.85	1610.5512146	-298.453870008	22.2752665861
56.9	1604.04384947	-298.344823047	22.1852642988
56.95	1541.35039533	-297.442716886	21.3181615382
57.0	1618.07798008	-298.508801331	22.3793680304
57.05	1724.40267165	-299.992443282	23.8499271955
57.1	1501.52867811	-296.862194456	20.7673939757
57.15	1566.40183891	-297.822064651	21.6646438973
57.2	1497.30158204	-296.821527201	20.7089297113
57.25	1623.69387278	-298.642638997	22.4570405104
57.3	1484.34202527	-296.662094556	20.5296882322
57.35	1716.94094857	-299.969009617	23.7467253417
57.4	1597.7037805	-298.283843556	22.0975758571
57.45	1583.92872503	-298.090063156	21.9070553507
57.5	1594.93769038	-298.258598879	22.0593185236
57.55	1509.16487663	-297.001075971	20.8730089701
57.6	1663.74082974	-299.22104306	23.0109233265
57.65	1674.85652985	-299.383170143	23.1646627301
57.7	1640.84107653	-298.863582561	22.69420064
57.75	1518.09137151	-297.144265017	20.9964698396
57.8	1671.12969267	-299.306975072	23.1131174636
57.85	1514.49823604	-297.072786388	20.9467737792
57.9	1665.68170054	-299.227489221	23.0377671884
57.95	1576.51655922	-297.941916837	21.8045389154
58.0	1497.28956413	-296.825938185	20.7087634936
58.05	1664.66705352	-299.238479266	23.023733774
58.1	1513.0010042	-297.101063586	20.926065814
58.15	1549.84858033	-297.590749253	21.4356985247
58.2	1584.71855071	-298.047603151	21.9179792986
58.25	1747.59253403	-300.376629593	24.1706623338
58.3	1638.28079998	-298.865710448	22.6587898798
58.35	1642.83028163	-298.915594246	22.7217130056
58.4	1445.88712186	-296.109466635	19.9978248446
58.45	1625.30228059	-298.649567334	22.479286132
58.5	1650.11800044	-298.992132934	22.8225082351
58.55	1577.47079496	-297.963258656	21.8177367915
58.6	1651.59169001	-299.016203742	22.842890591
58.65	1615.00287127	-298.574661286	22.3368367107
58.7	1524.94741479	-297.30221547	21.0912946364
58.75	1775.66559997	-300.750506412	24.5589362502
58.8	1492.22265511	-296.739923212	20.6386839158
58.85	1677.74187789	-299.42124214	23.2045695
58.9	1474.43701949	-296.533399924	20.3926937411
58.95	1625.51024854	-298.670171715	22.4821625021
59.0	1583.49616251	-298.115821758	21.9010726502
59.05	1588.66890674	-298.107603534	21.9726160174
59.1	1673.32567433	-299.300937643	23.1434897215
59.15	1574.95509302	-297.935055399	21.7829425355
59.2	1566.43484101	-297.837682501	21.6651003438
59.25	1589.63040727	-298.164963134	21.9859143716
59.3	1636.50962306	-298.821190041	22.6342930258
59.35	1662.78421335	-299.240124272	22.997692524
59.4	1689.6108607	-299.587705914	23.3687274317
59.45	1676.26749802	-299.380756671	23.1841775967
59.5	1640.84166233	-298.852216271	22.694208742
59.55	1414.50818339	-295.684477013	19.5638279538
59.6	1568.74482004	-297.870541933	21.6970492804
59.65	1627.72969172	-298.680800369	22.5128592524
59.7	1649.43986097	-298.968630125	22.8131290006
59.75	1499.15666052	-296.877587085	20.734586994
59.8	1563.04403479	-297.758415787	21.6182026657
59.85	1794.12512558	-301.029358009	24.8142468857
59.9	1616.47247717	-298.552269584	22.3571625861
59.95	1524.0600357	-297.223840579	21.0790214436
60.0	1625.09670775	-298.669577543	22.4764428881
60.05	1569.19170931	-297.848412658	21.7032301318
60.1	1620.40766966	-298.593015135	22.4115895804
60.15	1451.70101265	-296.194098352	20.0782358033
60.2	1676.73477377	-299.383083476	23.1906404101
60.25	1646.50049662	-298.90052668	22.7724751401
60.3	1572.75396481	-297.853406126	21.7524990965
60.35	1442.82753648	-296.06186699	19.9555082269
60.4	1552.63082759	-297.639093884	21.4741793249
60.45	1639.7397712	-298.875560647	22.6789686688
60.5	1557.85061044	-297.746069464	21.5463732754
60.55	1528.56807779	-297.2679676	21.1413714256
60.6	1767.69573066	-300.635843029	24.4487063103
60.65	1474.81540159	-296.543923097	20.397927081
60.7	1778.04185313	-300.816572373	24.5918018133
60.75	1574.31982546	-297.922018144	21.7741562553
60.8	1453.97767003	-296.251989111	20.1097238738
60.85	1705.62466788	-299.786517454	23.5902117415
60.9	1617.24089038	-298.535743656	22.3677903817
60.95	1672.24071923	-299.355939201	23.1284838875
61.0	1497.39534924	-296.863401149	20.71022659
61.05	1591.39861435	-298.171302287	22.0103701503
61.1	1518.85148733	-297.1443983	21.0069828753
61.15	1801.64935989	-301.147721529	24.9183133218
61.2	1563.52470741	-297.783639745	21.624850769
61.25	1526.53920131	-297.278394035	21.1133103717
61.3	1689.1545755	-299.525729635	23.3624166269
61.35	1613.13883609	-298.493838838	22.3110555495
61.4	1671.35100993	-299.335777171	23.1161784658
61.45	1638.13238636	-298.833758179	22.6567371957
61.5	1508.68696224	-296.995499681	20.8663990156
61.55	1587.80482439	-298.079695024	21.9606650378
61.6	1616.30534167	-298.49958833	22.3548509627
61.65	1525.52297643	-297.259690988	21.099255134
61.7	1729.72231961	-300.154192825	23.9235023637
61.75	1482.82358762	-296.650846682	20.5086869731
61.8	1684.26852947	-299.461089156	23.294838535
61.85	1533.87694431	-297.331560669	21.2147974774
61.9	1599.00659199	-298.276371347	22.1155948265
61.95	1683.11849357	-299.438252978	23.2789325793
62.0	1547.06356214	-297.585108917	21.3971794004
