# 	 t 	 T	E	K
2.05	2277.11666639	-285.570786441	31.4944227366
2.1	2449.24855561	-287.973135667	33.8751503318
2.15	2579.17882329	-289.850469185	35.6721943029
2.2	2282.68667165	-285.665491789	31.571460555
2.25	2137.90335017	-283.573109526	29.5689864617
2.3	2535.89333875	-289.289434834	35.0735199492
2.35	2136.88483412	-283.627761491	29.5548995352
2.4	2318.25418268	-286.202095602	32.0633888977
2.45	2378.87241299	-287.021467085	32.9017895818
2.5	2281.79118699	-285.662026888	31.5590752553
2.55	2346.04153319	-286.594551917	32.4477111315
2.6	2514.66276531	-289.030647779	34.7798834111
2.65	2210.56634941	-284.813717785	30.573976346
2.7	2180.2841249	-284.37484791	30.155147924
2.75	2303.5270109	-286.022680483	31.8596998288
2.8	2116.36037985	-283.380547121	29.2710292142
2.85	2617.66136937	-290.41978562	36.2044400117
2.9	2317.08959956	-286.182436883	32.0472817418
2.95	2560.17638591	-289.668085388	35.4093747448
3.0	2138.41332604	-283.70365581	29.5760398533
3.05	2320.46140655	-286.252190164	32.0939166449
3.1	2218.7880973	-284.787664837	30.6876899768
3.15	2488.49576554	-288.621462718	34.4179719796
3.2	2413.52467714	-287.554729184	33.381059297
3.25	2316.52410446	-286.235760933	32.039460473
3.3	2532.73711744	-289.254542024	35.029866776
3.35	2363.37314198	-286.898472872	32.6874217365
3.4	2571.38458169	-289.827166341	35.5643934407
3.45	2364.46166865	-286.874367993	32.7024769683
3.5	2456.38138385	-288.193557644	33.9738032956
3.55	2292.65748141	-285.926394997	31.7093651701
3.6	2496.46563578	-288.65828446	34.5282019323
3.65	2624.80366751	-290.475661267	36.3032239521
3.7	2288.77215381	-285.875236359	31.6556278489
3.75	2107.03392591	-283.280301659	29.1420365773
3.8	2476.20655914	-288.428975191	34.2480020052
3.85	2421.09877283	-287.608358134	33.4858153575
3.9	2309.68765858	-286.133822806	31.9449067245
3.95	2384.7317226	-287.266402019	32.9828287208
4.0	2420.21181434	-287.705986354	33.4735479819
4.05	2574.27819635	-289.913227573	35.6044145449
4.1	2207.9212493	-284.703452518	30.5373924054
4.15	2471.81402356	-288.489599298	34.1872495745
4.2	2493.02635103	-288.766964947	34.4806337556
4.25	2372.65148617	-287.080198582	32.8157489754
4.3	2565.11078349	-289.748311424	35.4776215789
4.35	2653.27624093	-290.921671498	36.6970233901
4.4	2261.59580388	-285.410899791	31.2797562627
4.45	2448.3977882	-288.008588012	33.863383509
4.5	2382.11603584	-287.131457855	32.9466515912
4.55	2361.01486464	-286.828109118	32.6548047941
4.6	2314.24091935	-286.22374077	32.0078821186
4.65	2402.78787828	-287.461959311	33.2325604136
4.7	2272.87309309	-285.570102785	31.4357305784
4.75	2261.31473143	-285.414697787	31.2758687964
4.8	2524.39356332	-289.068890272	34.9144684636
4.85	2441.95369193	-287.900131678	33.7742562828
4.9	2320.59758261	-286.383427344	32.0958000733
4.95	2353.3029515	-286.75619708	32.5481426031
5.0	2517.36837718	-289.072780307	34.8173042799
5.05	2162.49934741	-284.01624981	29.9091696179
5.1	2531.04707029	-289.242280349	35.0064920143
5.15	2292.5023708	-285.868715772	31.7072198611
5.2	2619.10779213	-290.489621115	36.224445245
5.25	2219.98815575	-284.802472404	30.7042877861
5.3	2326.61459744	-286.297374513	32.179020407
5.35	2520.81016194	-289.075642506	34.8649070337
5.4	2510.66483345	-288.894549907	34.7245886789
5.45	2447.56573829	-288.023696608	33.8518755647
5.5	2423.12100958	-287.736552655	33.5137845785
5.55	2225.18564492	-284.902091514	30.7761733963
5.6	2603.85696785	-290.300092481	36.0135136251
5.65	2460.49043464	-288.231276578	34.0306348953
5.7	2120.13137677	-283.397075696	29.3231852467
5.75	2245.58720133	-285.207485802	31.0583439374
5.8	2637.38079915	-290.748008455	36.4771761727
5.85	2281.06487	-285.746473148	31.5490296855
5.9	2398.98475085	-287.313877635	33.1799599893
5.95	2247.25649462	-285.254473286	31.0814316559
6.0	2497.31808988	-288.771819875	34.5399920835
6.05	2249.62896691	-285.248141853	31.1142449265
6.1	2315.8110364	-286.210824748	32.0295981469
6.15	2548.18297953	-289.48174647	35.2434959315
6.2	2251.59178666	-285.303334678	31.1413923607
6.25	2365.66455011	-286.853065399	32.7191138222
6.3	2311.94363352	-286.095491899	31.9761087396
6.35	2239.36189097	-285.124257432	30.9722427029
6.4	2756.1701218	-292.386217889	38.1201315817
6.45	2414.96718715	-287.472222925	33.4010104136
6.5	2595.27385873	-290.17750378	35.8948020672
6.55	2350.596572	-286.77265186	32.5107111173
6.6	2330.45212587	-286.428847044	32.2320966258
6.65	2216.74467691	-284.746943337	30.6594277684
6.7	2683.63390941	-291.299560794	37.1168952651
6.75	2399.71778522	-287.412701894	33.1900984661
6.8	2306.99748599	-286.18536886	31.9076993939
6.85	2526.82025189	-289.217042459	34.9480315906
6.9	2364.07976769	-286.801245301	32.6971949595
6.95	2431.42838229	-287.767141602	33.6286824718
7.0	2521.5706723	-289.053702715	34.8754255264
7.05	2195.68825616	-284.4967769	30.3681999073
7.1	2353.71321543	-286.712099381	32.5538168955
7.15	2256.00129131	-285.333986854	31.2023794877
7.2	2398.33022189	-287.404674471	33.1709073078
7.25	2378.5013492	-287.066913778	32.8966574601
7.3	2305.75953153	-286.044617666	31.8905774511
7.35	2250.68498656	-285.314570446	31.128850559
7.4	2547.23340351	-289.409211703	35.2303625031
7.45	2626.5565914	-290.53859817	36.3274683516
7.5	2281.67257936	-285.739629888	31.5574348128
7.55	2204.64412087	-284.634202036	30.492066986
7.6	2571.83965862	-289.735282464	35.5706875342
7.65	2323.50943594	-286.335715404	32.1360734336
7.7	2330.93705367	-286.418571894	32.2388035818
7.75	2537.28556346	-289.304242144	35.0927755781
7.8	2401.25044137	-287.374655381	33.2112963789
7.85	2323.48299863	-286.317734634	32.1357077835
7.9	2534.66060056	-289.320896587	35.0564701518
7.95	2437.16287419	-287.95115991	33.7079952777
8.0	2384.17109341	-287.083113551	32.9750747515
8.05	2329.67055672	-286.391197783	32.2212868727
8.1	2438.04961116	-287.858041394	33.7202595897
8.15	2445.53125574	-288.114962034	33.8237369743
8.2	2503.79220441	-288.93087572	34.6295344873
8.25	2250.09567146	-285.2677226	31.1206998396
8.3	2602.33597605	-290.190630128	35.9924770398
8.35	2539.56044261	-289.328974267	35.1242390541
8.4	2443.02237916	-287.984922991	33.7890371186
8.45	2173.79423508	-284.207776181	30.0653873349
8.5	2279.88146477	-285.684723374	31.5326622041
8.55	2278.94660997	-285.714492354	31.5197323824
8.6	2342.23311695	-286.622366854	32.3950375585
8.65	2259.69121452	-285.467330356	31.2534142033
8.7	2610.27133507	-290.360483522	36.1022296737
8.75	2563.57043446	-289.700077763	35.4563172671
8.8	2180.67465769	-284.273191316	30.1605493183
8.85	2354.1933901	-286.686935286	32.5604581116
8.9	2374.56517337	-286.998979328	32.8422168654
8.95	2290.64180466	-285.917657118	31.6814866795
9.0	2473.89996053	-288.40846476	34.2160998226
9.05	2418.88382618	-287.547980655	33.455180798
9.1	2477.92893461	-288.542322492	34.2718238944
9.15	2438.59087913	-287.958621544	33.7277457771
9.2	2067.29628312	-282.722124108	28.5924318341
9.25	2475.6634619	-288.459401518	34.2404905173
9.3	1985.49110307	-281.560900717	27.4609979641
9.35	2426.10693678	-287.774555438	33.5550824421
9.4	2357.90504887	-286.806978092	32.6117934481
9.45	2198.17789695	-284.527631682	30.4026337159
9.5	2445.24580282	-287.975483538	33.8197889223
9.55	2662.83204124	-291.138275627	36.8291880785
9.6	2313.02020649	-286.239659607	31.9909986416
9.65	2493.04938556	-288.695610277	34.4809523424
9.7	2466.57192157	-288.228964994	34.1147469318
9.75	2219.19083341	-284.71190386	30.693260153
9.8	2713.37290582	-291.887362626	37.5282103895
9.85	2120.94080266	-283.55219775	29.3343802819
9.9	2346.46260307	-286.622331587	32.4535348792
9.95	2503.31425689	-288.813689665	34.6229240744
10.0	2577.54805521	-289.892417701	35.6496394202
10.05	2248.40870867	-285.246173789	31.0973677372
10.1	2696.57556902	-291.465265694	37.2958892117
10.15	2252.88826756	-285.382837289	31.1593237729
10.2	2432.1480795	-287.793140928	33.6386364846
10.25	2329.72698304	-286.305882957	32.2220672957
10.3	2360.76207176	-286.82243685	32.6513084577
10.35	2251.75508428	-285.285337359	31.1436509029
10.4	2480.34276079	-288.506258842	34.3052091238
10.45	2135.39255428	-283.606003715	29.5342600603
10.5	2487.95543438	-288.66484591	34.410498749
10.55	2308.83327661	-286.081296512	31.9330899093
10.6	2446.8049713	-287.955392257	33.8413535228
10.65	2369.83799464	-287.024168431	32.7768360409
10.7	2746.33474835	-292.284319692	37.9841001636
10.75	2436.41956786	-287.861861917	33.6977147313
10.8	2405.15699913	-287.421629243	33.265327331
10.85	2397.74103003	-287.386599787	33.162758293
10.9	2412.59545235	-287.696340646	33.3682073431
10.95	2118.82090819	-283.554435275	29.3050603733
11.0	2340.46358415	-286.542887483	32.370563444
11.05	2392.27133725	-287.294162099	33.0871078798
11.1	2207.2730686	-284.577590006	30.5284275257
11.15	2351.41100095	-286.662452433	32.521975349
11.2	2582.96023528	-290.021242329	35.7244943846
11.25	2555.30565431	-289.589521329	35.3420084644
11.3	2390.01118941	-287.209706887	33.0558481501
11.35	2200.78053973	-284.640683163	30.4386304363
11.4	2361.05138525	-286.827085923	32.6553099045
11.45	2530.66435675	-289.157262297	35.0011987669
11.5	2379.9740268	-287.099790732	32.9170258196
11.55	2420.74334531	-287.668257407	33.4808994985
11.6	2154.41286936	-283.945882185	29.7973268819
11.65	2340.34053506	-286.498533565	32.3688615725
11.7	2133.14246115	-283.534376076	29.5031393956
11.75	2331.71675035	-286.411238957	32.2495874372
11.8	2502.59996799	-288.844961463	34.6130448632
11.85	2302.76588924	-286.053289404	31.8491728814
11.9	2385.18084509	-287.195538116	32.9890404594
11.95	2457.08181838	-288.09857646	33.9834908894
12.0	2692.68014059	-291.40704254	37.2420121875
12.05	2249.1868339	-285.272046743	31.1081298581
12.1	2441.78636597	-288.021174612	33.7719420253
12.15	2426.37848974	-287.782412308	33.5588382459
12.2	2238.31089647	-285.077424775	30.9577065724
12.25	2386.82973645	-287.136191695	33.0118460022
12.3	2292.93009092	-285.938163448	31.7131355871
12.35	2337.66151922	-286.480137668	32.3318085489
12.4	2596.81914078	-290.129234259	35.9161746068
12.45	2319.95041124	-286.24433509	32.0868491534
12.5	2335.37316559	-286.429676278	32.3001587096
12.55	2436.79929976	-287.984292088	33.7029667401
12.6	2196.56353205	-284.56348334	30.3803057029
12.65	2367.75800977	-286.91480933	32.7480681153
12.7	2407.43766842	-287.471411307	33.2968708895
12.75	2034.70832621	-282.256408594	28.14171321
12.8	2454.0389502	-288.106834125	33.9414054845
12.85	2533.9598882	-289.200084482	35.0467787156
12.9	2081.16263993	-282.920650529	28.7842151141
12.95	2496.26033471	-288.741910954	34.5253624473
13.0	2530.41988012	-289.162255854	34.9978174512
13.05	2473.49178151	-288.407409314	34.2104543662
13.1	2394.01902487	-287.296448622	33.1112798573
13.15	2181.90137507	-284.287118354	30.1775158428
13.2	2597.91957662	-290.187596816	35.9313945523
13.25	2507.77958582	-288.969569871	34.6846832978
13.3	2269.49747671	-285.621931839	31.3890429885
13.35	2471.274369	-288.38165912	34.1797857019
13.4	2501.56547656	-288.824741747	34.5987369838
13.45	2193.14891925	-284.539742027	30.3330787598
13.5	2467.70004779	-288.308501638	34.1303498582
13.55	2398.49673912	-287.332202565	33.1732103801
13.6	2448.2573014	-288.046787775	33.8614404594
13.65	2616.93710287	-290.448184687	36.1944228019
13.7	2186.82722643	-284.374899278	30.2456444756
13.75	2603.6365905	-290.251870467	36.0104656225
13.8	2447.81858677	-288.021548594	33.8553726702
13.85	2439.54532478	-287.85653192	33.7409465564
13.9	2161.60518389	-284.089159875	29.8968025906
13.95	2460.9018966	-288.257243431	34.0363257573
14.0	2377.51132222	-287.075213723	32.8829645613
14.05	2176.50693009	-284.205942549	30.1029061695
14.1	2265.10437948	-285.484233077	31.3282827896
14.15	2381.94848284	-287.126077667	32.9443341935
14.2	2383.55247324	-287.057979384	32.9665187185
14.25	2473.68814853	-288.48511323	34.2131702859
14.3	2540.22709487	-289.383244973	35.133459411
14.35	2408.26507237	-287.473519029	33.3083145762
14.4	2272.47586285	-285.580815522	31.4302365529
14.45	2247.14095632	-285.192171256	31.0798336649
14.5	2319.71122675	-286.236380976	32.0835410325
14.55	2170.69005997	-284.183728097	30.0224540042
14.6	2319.84215926	-286.222455744	32.0853519384
14.65	2413.49279887	-287.487945983	33.3806183939
14.7	2713.51325902	-291.761787687	37.5301515913
14.75	2387.47959125	-287.252494793	33.0208340361
14.8	2139.30041776	-283.809846774	29.5883090717
14.85	2348.42607933	-286.708389226	32.4806913934
14.9	2319.87481451	-286.201665318	32.0858035877
14.95	2335.55166941	-286.463539067	32.3026275663
15.0	2374.16469022	-286.976028449	32.8366778495
15.05	2293.48989045	-285.826104911	31.7208780814
15.1	2231.45621167	-285.066834383	30.8629005644
15.15	2378.69163357	-287.029053903	32.8992892517
15.2	2400.94353657	-287.323750905	33.2070516296
15.25	2496.58170792	-288.787263485	34.5298073068
15.3	2260.94139574	-285.419523209	31.2707052524
15.35	2138.45180552	-283.775873505	29.5765720566
15.4	2342.16830795	-286.615861037	32.3941411959
15.45	2411.14278762	-287.504731634	33.3481157783
15.5	2213.46172919	-284.664555111	30.6140218634
15.55	2452.97382152	-288.153735534	33.9266738665
15.6	2490.08630327	-288.614449756	34.439970443
15.65	2450.69949241	-288.036703583	33.895217998
15.7	2624.07816643	-290.53786159	36.293189667
15.75	2390.15891012	-287.219783373	33.0578912508
15.8	2076.66858251	-282.801596388	28.7220585518
15.85	2457.38420907	-288.237888769	33.9876732048
15.9	2364.10685362	-286.942074321	32.6975695805
15.95	2290.30878538	-285.867419914	31.6768807451
16.0	2377.010693	-287.040261647	32.8760404416
16.05	2248.94741714	-285.212890395	31.1048185247
16.1	2378.98645937	-287.105017896	32.9033669385
16.15	2153.40939054	-283.977497114	29.7834479329
16.2	2539.70190911	-289.403569334	35.1261956539
16.25	2477.5560698	-288.465063508	34.2666668631
16.3	2469.97665827	-288.355692554	34.16183728
16.35	2478.83886479	-288.531020696	34.2844089878
16.4	2403.43390335	-287.459007826	33.2414954792
16.45	2446.21277505	-287.932700822	33.8331629548
16.5	2489.87480114	-288.61117009	34.4370451921
16.55	2450.89913228	-288.168177987	33.8979791839
16.6	2155.04793828	-284.007703924	29.8061104147
16.65	2428.10046744	-287.785505361	33.5826546339
16.7	2234.79502497	-285.085093909	30.9090791371
16.75	2367.0964596	-287.007430937	32.7389183247
16.8	2281.17745355	-285.709277113	31.5505868099
16.85	2450.67237736	-288.077186698	33.8948429742
16.9	2182.40779019	-284.339169456	30.1845199863
16.95	2283.52238018	-285.783584197	31.583019101
17.0	2260.50401663	-285.444711396	31.2646559345
17.05	2429.45481925	-287.86359689	33.601386449
17.1	2178.3000457	-284.325169762	30.1277064538
17.15	2179.92201698	-284.385764455	30.1501396695
17.2	2377.92661082	-287.048461728	32.8887083491
17.25	2472.81010144	-288.341655151	34.2010261624
17.3	2622.85073186	-290.498416372	36.2762132231
17.35	2371.99298509	-286.974914185	32.8066413563
17.4	2320.67002026	-286.151149767	32.0968019465
17.45	2535.64379694	-289.302788221	35.0700685779
17.5	2229.88991896	-284.981463314	30.8412374299
17.55	2383.6958361	-287.128498256	32.9685015465
17.6	2602.27531699	-290.20703023	35.9916380745
17.65	2360.54995637	-286.795586191	32.6483747249
17.7	2383.0783115	-287.193589262	32.9599606663
17.75	2318.26794197	-286.268043934	32.0635792002
17.8	2390.0554858	-287.258345106	33.0564608061
17.85	2521.19576098	-289.100061978	34.8702401901
17.9	2592.96650284	-290.072757624	35.8628894107
17.95	2192.41025438	-284.459723024	30.3228624086
18.0	2255.36545594	-285.347744677	31.1935853543
18.05	2504.12622209	-288.900006591	34.6341542302
18.1	2162.70455146	-284.079771535	29.9120077611
18.15	2424.64713344	-287.740867688	33.5348921443
18.2	2587.49960189	-289.896420482	35.7872776109
18.25	2285.65794388	-285.723979213	31.6125557282
18.3	2425.71300938	-287.780079477	33.5496340976
18.35	2145.97926238	-283.773251206	29.6806830633
18.4	2264.71090673	-285.452240183	31.3228407333
18.45	2478.63413652	-288.43772907	34.2815774251
18.5	2340.43412358	-286.562196751	32.3701559797
18.55	2414.53858197	-287.601440534	33.3950824464
18.6	2419.20371326	-287.652701583	33.4596051032
18.65	2261.66570526	-285.458081883	31.2807230571
18.7	2607.78833678	-290.275482047	36.0678877364
18.75	2323.03945939	-286.296907337	32.1295732658
18.8	2465.8424841	-288.348719397	34.1046582032
18.85	2128.51064651	-283.503619903	29.439077536
18.9	2466.65579649	-288.325799948	34.1159069919
18.95	2455.3924824	-288.206933386	33.9601259638
19.0	2476.4286905	-288.536121553	34.2510742671
19.05	2415.56173263	-287.54969451	33.4092334734
19.1	2420.34454982	-287.635675297	33.4753838243
19.15	2342.17663504	-286.533627375	32.3942563665
19.2	2617.81736488	-290.468747927	36.2065975597
19.25	2288.45799973	-285.839904643	31.6512828359
19.3	2371.74867842	-287.0037143	32.8032623913
19.35	2400.24215718	-287.461392709	33.1973509676
19.4	2328.02960199	-286.504495839	32.1985911
19.45	2511.66903807	-288.98900638	34.7384776664
19.5	2650.35975094	-290.778782954	36.656685901
19.55	2309.60703446	-286.058127242	31.9437916257
19.6	2301.92636159	-286.011664978	31.8375615138
19.65	2265.77686775	-285.449263954	31.3375838633
19.7	2441.69069138	-287.935046393	33.7706187659
19.75	2480.56363316	-288.548033071	34.3082639728
19.8	2346.03991143	-286.699699562	32.4476887011
19.85	2353.64010532	-286.765580877	32.5528057217
19.9	2516.71658011	-288.999453924	34.8082893827
19.95	2303.41933872	-285.93884864	31.8582106327
20.0	2291.79607733	-285.866689119	31.6974512332
20.05	2472.00542106	-288.421644591	34.1898967615
20.1	2365.81875658	-286.9172004	32.7212466262
20.15	2534.85263597	-289.229230626	35.0591261618
20.2	2580.64402447	-289.886305153	35.6924592572
20.25	2213.44291077	-284.706155252	30.6137615889
20.3	2089.38862936	-282.93987567	28.8979874089
20.35	2596.36554474	-290.162532716	35.9099009952
20.4	2262.50886559	-285.467935232	31.2923846677
20.45	2400.47269474	-287.40950271	33.2005394943
20.5	2489.75745123	-288.649247617	34.435422145
20.55	2188.24191752	-284.430079907	30.2652108332
20.6	2482.80168688	-288.551879381	34.3392181225
20.65	2461.36514873	-288.204423756	34.0427329206
20.7	2575.89193425	-289.776092728	35.626733886
20.75	2297.26938469	-285.920849655	31.7731516391
20.8	2354.05199176	-286.80499506	32.5585024546
20.85	2076.88593636	-282.854835015	28.7250647368
20.9	2292.80264787	-285.859179211	31.7113729434
20.95	2211.41705979	-284.672967099	30.5857423801
21.0	2374.29245312	-287.02598649	32.838444917
21.05	2421.31581298	-287.609289731	33.4888172039
21.1	2336.66928059	-286.514222746	32.318085061
21.15	2458.00144123	-288.278358709	33.9962100404
21.2	2292.08870042	-285.830517514	31.7014984547
21.25	2456.33392412	-288.127618286	33.9731468879
21.3	2573.86704394	-289.799004307	35.5987279642
21.35	2396.93457619	-287.32914473	33.1516043638
21.4	2373.13453144	-287.139748411	32.8224298943
21.45	2456.81225406	-288.236378551	33.9797625899
21.5	2462.88137236	-288.249659854	34.063703558
21.55	2222.4104385	-284.918809124	30.7377899768
21.6	2239.72125289	-285.127644072	30.9772129779
21.65	2411.99793294	-287.587549047	33.3599431513
21.7	2065.64595513	-282.714948975	28.5696064215
21.75	2451.95275237	-288.114720431	33.9125516285
21.8	2608.20240862	-290.286080815	36.0736146952
21.85	2500.2689061	-288.744917064	34.580804333
21.9	2361.30274113	-286.825570145	32.658786366
21.95	2385.86881754	-287.161506735	32.9985556922
22.0	2196.98755024	-284.465980951	30.3861702281
22.05	2379.77518015	-287.096324507	32.9142756047
22.1	2353.52229478	-286.729903458	32.5511763036
22.15	2498.49256509	-288.793478766	34.5562360552
22.2	2338.8393793	-286.54942913	32.3480993362
22.25	2329.84177273	-286.307991969	32.2236549328
22.3	2478.97797022	-288.470595959	34.2863329319
22.35	2054.56976688	-282.52936625	28.4164134999
22.4	2233.98759106	-284.992358667	30.8979116526
22.45	2508.77463015	-288.789749443	34.6984455908
22.5	2542.87413992	-289.360285012	35.1700702518
22.55	2248.59357035	-285.232869449	31.0999245284
22.6	2402.00904987	-287.36715194	33.2217885672
22.65	2477.08540912	-288.428323409	34.2601572334
22.7	2409.22694514	-287.498916913	33.3216180788
22.75	2380.02196102	-287.103478448	32.91768879
22.8	2448.77515814	-288.101027884	33.8686028501
22.85	2295.23712854	-285.908522684	31.7450438416
22.9	2688.20112565	-291.570475258	37.1800636751
22.95	2185.31035926	-284.411167019	30.2246649374
23.0	2349.92892584	-286.708416013	32.5014770141
23.05	2343.00148642	-286.60427375	32.4056647491
23.1	2623.95256275	-290.501659894	36.2914524634
23.15	2240.32894495	-285.15505444	30.985617866
23.2	2467.77047495	-288.381183576	34.1313239247
23.25	2438.03255241	-287.994487186	33.7200236529
23.3	2665.56877804	-291.122065176	36.867039431
23.35	2226.07708209	-284.936667962	30.7885027158
23.4	2177.12859953	-284.259948639	30.1115043764
23.45	2320.95249686	-286.280303686	32.1007088335
23.5	2591.12364388	-290.070096029	35.8374011343
23.55	2332.28836963	-286.370743091	32.2574934086
23.6	2352.78319525	-286.684020138	32.5409539408
23.65	2470.21202345	-288.409464995	34.1650925768
23.7	2344.63178204	-286.497562775	32.4282130972
23.75	2246.82445497	-285.234892016	31.0754561872
23.8	2349.58966511	-286.700787369	32.4967847553
23.85	2295.4598146	-285.870133918	31.7481237754
23.9	2472.74587794	-288.325607669	34.2001378977
23.95	2371.38218502	-286.939684341	32.7981934818
24.0	2300.4709006	-286.01035228	31.8174312743
24.05	2664.46762937	-290.988519941	36.8518096266
24.1	2432.40289962	-287.812553871	33.6421608593
24.15	2258.19120074	-285.423843018	31.2326677617
24.2	2403.92218432	-287.412354478	33.2482488122
24.25	2315.19850811	-286.158504452	32.0211263699
24.3	2511.74633922	-288.899144988	34.7395468058
24.35	2304.37223647	-285.945910653	31.8713900034
24.4	2278.88789426	-285.681377318	31.5189202952
24.45	2270.97206728	-285.504720437	31.4094378059
24.5	2273.70955232	-285.611862543	31.4472995072
24.55	2390.76274386	-287.284215588	33.066242775
24.6	2233.00744787	-285.083410068	30.8843554549
24.65	2491.10159698	-288.709612143	34.4540128018
24.7	2257.37322748	-285.31221262	31.2213545092
24.75	2596.95042032	-290.072820477	35.9179903122
24.8	2563.19031598	-289.676050105	35.4510599115
24.85	1970.57539034	-281.251065613	27.2547012165
24.9	2536.79701609	-289.268095036	35.0860185605
24.95	2246.48532498	-285.181631994	31.0707657366
25.0	2316.52851103	-286.24836898	32.0395214195
25.05	2475.40073209	-288.389507651	34.236856745
25.1	2396.27139943	-287.294579196	33.142432076
25.15	2157.20148538	-283.928985925	29.8358957673
25.2	2313.55310109	-286.174994512	31.9983690184
25.25	2233.88957885	-285.130797973	30.8965560621
25.3	2345.08922933	-286.682683931	32.4345399748
25.35	2237.67610973	-285.079186395	30.9489269423
25.4	2649.69293819	-290.888552393	36.6474633247
25.45	2341.55623681	-286.507072138	32.3856757415
25.5	2345.79560108	-286.607610317	32.4443096853
25.55	2306.26983216	-286.000195001	31.8976353344
25.6	2674.37121913	-291.2402102	36.9887845331
25.65	2216.65054356	-284.772728498	30.6581258257
25.7	2353.12450988	-286.695788168	32.5456746067
25.75	2477.43107684	-288.393753708	34.2649381063
25.8	2347.581013	-286.580511336	32.4690034212
25.85	2470.26601472	-288.373806163	34.1658393211
25.9	2348.45743661	-286.62954775	32.4811250907
25.95	2195.12913405	-284.537918906	30.3604667821
26.0	2370.34815424	-286.975032346	32.7838919736
26.05	2522.47382058	-289.108247083	34.8879168204
26.1	2277.55417906	-285.576271784	31.5004739017
26.15	2500.99101979	-288.782775714	34.5907917675
26.2	2368.54001925	-287.022051584	32.7588839586
26.25	2400.03196979	-287.402985504	33.1944439006
26.3	2118.32014185	-283.428833692	29.2981343572
26.35	2533.88157795	-289.286857458	35.0456956194
26.4	2385.17340562	-287.107487465	32.9889375653
26.45	2380.9606343	-287.084518425	32.9306714243
26.5	2370.31702118	-287.010484926	32.7834613775
26.55	2370.49253403	-286.999823987	32.7858888666
26.6	2303.94392952	-285.993812348	31.865466161
26.65	2584.12812635	-289.965472201	35.7406472921
26.7	2412.26240151	-287.572216712	33.3636009722
26.75	2556.45831366	-289.555183032	35.3579507046
26.8	2381.31711105	-287.141855015	32.9356017951
26.85	2246.97485592	-285.349761031	31.0775363578
26.9	2476.41502389	-288.399206518	34.2508852465
26.95	2699.61812009	-291.52808121	37.3379702305
27.0	2368.75955947	-286.916281528	32.761920383
27.05	2424.88233662	-287.7516278	33.5381452005
27.1	2419.35703448	-287.657756025	33.4617256634
27.15	2318.90121752	-286.263247687	32.0723379292
27.2	2408.66416216	-287.525589473	33.3138343209
27.25	2259.36512948	-285.463054155	31.2489041753
27.3	2386.8288232	-287.202514414	33.0118333712
27.35	2412.95363334	-287.538755551	33.373161285
27.4	2479.8665352	-288.490906564	34.2986225267
27.45	2512.61680682	-288.982329709	34.7515860987
27.5	2266.01728727	-285.490212814	31.3409090657
27.55	2298.53592489	-285.902550203	31.7906689464
27.6	2360.35237407	-286.813817103	32.6456419969
27.65	2450.56898762	-288.158957275	33.8934130079
27.7	2260.64499783	-285.336200627	31.266605822
27.75	2517.43876624	-288.956447654	34.8182778192
27.8	2311.06345181	-286.156364592	31.9639350923
27.85	2508.18396799	-288.937314979	34.6902762404
27.9	2420.19053306	-287.649260709	33.473253644
27.95	2431.72593065	-287.817024153	33.6327978139
28.0	2664.05897828	-291.108866802	36.8461576411
28.05	2486.5928901	-288.566457593	34.3916536252
28.1	2413.87067744	-287.517980994	33.3858447697
28.15	2457.46153373	-288.225184477	33.9887426693
28.2	2323.09768858	-286.344796553	32.130378624
28.25	2269.20012961	-285.508707439	31.38493043
28.3	2337.50240357	-286.450139964	32.3296078468
28.35	2485.11648227	-288.605217442	34.3712336734
28.4	2376.65744478	-287.149785572	32.8711547241
28.45	2481.17584712	-288.525347552	34.3167314026
28.5	2503.15704983	-288.860821951	34.6207497695
28.55	2681.04436016	-291.32922996	37.0810796392
28.6	2203.03227869	-284.511092097	30.4697738642
28.65	2398.98540128	-287.338075153	33.1799689853
28.7	2615.17476499	-290.408920013	36.1700481991
28.75	2337.53986158	-286.630570449	32.3301259222
28.8	2430.90582624	-287.80287252	33.6214550858
28.85	2315.31257172	-286.1123107	32.0227039647
28.9	2456.70970127	-288.121714399	33.9783441993
28.95	2214.81778562	-284.792782011	30.6327772548
29.0	2390.94745134	-287.220296443	33.0687974335
29.05	2344.60883953	-286.579054588	32.4278957832
29.1	2119.03918766	-283.410437792	29.3080793604
29.15	2548.10099637	-289.432215984	35.242362036
29.2	2305.96113244	-286.021001704	31.8933657599
29.25	2620.16879653	-290.53275575	36.2391198207
29.3	2205.81091787	-284.671442144	30.5082047616
29.35	2289.52938632	-285.836692932	31.666101006
29.4	2279.73937128	-285.712792571	31.5306969326
29.45	2503.12424115	-288.77382058	34.6202959982
29.5	2520.38573974	-288.920836705	34.8590369207
29.55	2492.48277155	-288.631576553	34.473115598
29.6	2311.75572356	-286.16540918	31.973509788
29.65	2286.82216071	-285.797132014	31.6286578179
29.7	2647.52668491	-290.80769301	36.617502235
29.75	2394.91684803	-287.327529393	33.1236975004
29.8	2354.73283262	-286.736471738	32.5679190516
29.85	2051.21352252	-282.467992837	28.3699938412
29.9	2254.01382386	-285.346906417	31.1748911554
29.95	2046.27138057	-282.378916724	28.301639896
30.0	2099.30668329	-283.176125075	29.035162367
30.05	2521.67439993	-289.118348962	34.876860166
30.1	2499.77701605	-288.750139083	34.5740010833
30.15	2530.50730532	-289.182806892	34.9990266147
30.2	2365.7425583	-286.913423732	32.7201927405
30.25	2317.57465026	-286.265335206	32.0539903977
30.3	2548.18938065	-289.40603512	35.2435844643
30.35	2438.60246485	-287.948489927	33.7279060172
30.4	2548.11756973	-289.413714348	35.2425912593
30.45	2096.55897866	-283.069150759	28.9971593202
30.5	2269.57184058	-285.534134153	31.3900715028
30.55	2387.1204199	-287.178944466	33.0158663967
30.6	2641.28810036	-290.785354345	36.5312174072
30.65	2380.23215076	-287.12985573	32.9205958893
30.7	2237.57396958	-285.180653626	30.9475142589
30.75	2500.79357494	-288.851791195	34.5880609406
30.8	2545.16596113	-289.3931467	35.2017680506
30.85	2418.79012175	-287.642771891	33.4538847876
30.9	2197.65138559	-284.494854024	30.3953516247
30.95	2447.60347621	-288.044964727	33.8523975117
31.0	2496.75913057	-288.744694087	34.53226121
31.05	2322.41353716	-286.337242494	32.1209162393
31.1	2458.57001908	-288.241899163	34.0040739462
31.15	2423.3904312	-287.666771815	33.5175109042
31.2	2261.40967336	-285.425928552	31.2771819225
31.25	2342.51711509	-286.617325783	32.3989654897
31.3	2561.87365912	-289.707449467	35.4328494489
31.35	2295.15746472	-285.905280151	31.7439420244
31.4	2436.02250918	-287.849163789	33.6922230785
31.45	2506.82475042	-288.866956115	34.6714771278
31.5	2058.70694496	-282.568365839	28.4736341235
31.55	2708.52645793	-291.747913949	37.461179973
31.6	2549.34792703	-289.508808562	35.2596081271
31.65	2563.37812172	-289.682192927	35.4536574215
31.7	2325.2196887	-286.351989525	32.1597276556
31.75	2501.22441871	-288.706793835	34.5940198693
31.8	2543.02442271	-289.429036037	35.1721487881
31.85	2186.82792513	-284.367391478	30.2456541391
31.9	2228.88171205	-284.950319305	30.8272930874
31.95	2487.59822383	-288.693435461	34.4055582291
32.0	2338.28325581	-286.524593098	32.3404076845
32.05	2170.75180091	-284.134371581	30.0233079328
32.1	2537.29049966	-289.288514187	35.09284385
32.15	2421.72692327	-287.71057015	33.4945032021
32.2	2387.36865596	-287.158863931	33.0192997085
32.25	2212.08914341	-284.735167781	30.5950378572
32.3	2519.18334465	-289.076216225	34.8424067937
32.35	2488.67443794	-288.611342689	34.4204431679
32.4	2337.87027878	-286.499732334	32.3346958677
32.45	2232.06518601	-285.024908139	30.8713231875
32.5	2343.85338263	-286.571442728	32.4174471842
32.55	2361.38236912	-286.819151249	32.6598876874
32.6	2405.9002651	-287.400619791	33.2756073193
32.65	2358.11598023	-286.750973614	32.6147108047
32.7	2485.8839706	-288.553393255	34.3818486772
32.75	2406.81731561	-287.490525879	33.2882908928
32.8	2262.1183507	-285.435244258	31.2869835211
32.85	1978.83228283	-281.439610089	27.3689009263
32.9	2161.98610388	-284.015880138	29.9020710318
32.95	2323.11028075	-286.241205815	32.1305527843
33.0	2248.78070287	-285.215196427	31.1025127273
33.05	2307.4464187	-286.080564539	31.9139085077
33.1	2402.83266692	-287.45660173	33.2331798779
33.15	2428.23601219	-287.80313064	33.5845293308
33.2	2499.97273017	-288.81851671	34.5767079728
33.25	2495.50521577	-288.62299988	34.5149185226
33.3	2405.3075236	-287.389542209	33.26740921
33.35	2324.79518579	-286.363377176	32.1538564263
33.4	2373.60914735	-287.004269014	32.8289942282
33.45	2544.5138855	-289.438185673	35.1927493007
33.5	2240.93529664	-285.165640615	30.9940042157
33.55	2352.40006351	-286.754917855	32.5356549091
33.6	2364.1038026	-286.816160966	32.6975273824
33.65	2548.04368129	-289.453193085	35.2415693206
33.7	2593.29819648	-290.143516641	35.8674770104
33.75	2210.51872722	-284.685091728	30.5733176914
33.8	2446.59021092	-288.03451359	33.8383832076
33.85	2325.79556772	-286.353357882	32.1676925429
33.9	2443.47216817	-288.031118904	33.7952580758
33.95	2553.82073967	-289.536660761	35.3214708564
34.0	2391.72662419	-287.157595136	33.0795740439
34.05	2068.78650662	-282.689752066	28.6130428682
34.1	2418.75616781	-287.699492595	33.4534151763
34.15	2443.63475331	-288.05014967	33.7975067639
34.2	2289.36642899	-285.855247314	31.6638471703
34.25	2270.17057284	-285.569140424	31.3983524693
34.3	2473.97599771	-288.483818032	34.2171514802
34.35	2521.30138056	-289.066535976	34.8717009969
34.4	2499.58047875	-288.706448385	34.5712828085
34.45	2422.76615426	-287.702467503	33.5088766334
34.5	2158.18931364	-283.94029572	29.8495582561
34.55	2451.18244817	-288.13376628	33.901897679
34.6	2490.79595075	-288.705280146	34.4497854595
34.65	2435.29391162	-287.867521282	33.6821459666
34.7	2443.73757124	-287.957672028	33.7989288216
34.75	2379.50326912	-287.159875152	32.9105148483
34.8	2501.34170135	-288.814393371	34.595641986
34.85	2102.12069315	-283.140509853	29.0740824704
34.9	2264.90807515	-285.441653728	31.3255677371
34.95	2427.49607596	-287.751618418	33.5742953956
35.0	2255.01084739	-285.311242649	31.1886808223
35.05	2442.29109504	-287.933084132	33.7789228494
35.1	2373.49702933	-287.021181711	32.8274435425
35.15	2374.46160374	-286.975679652	32.8407844111
35.2	2415.18822408	-287.536912053	33.4040675387
35.25	2491.65696303	-288.627311061	34.4616939774
35.3	2449.74608931	-288.006634761	33.8820316379
35.35	2408.6961983	-287.553750152	33.3142774074
35.4	2337.77869087	-286.571541789	32.3334291306
35.45	2236.11478033	-285.16495455	30.9273324545
35.5	2407.0476872	-287.556808754	33.2914771239
35.55	2320.83984376	-286.259563206	32.0991507471
35.6	2356.43321869	-286.718904568	32.5914368093
35.65	2601.33915353	-290.209732495	35.978690153
35.7	2336.12774021	-286.484950283	32.3105951059
35.75	2349.63551695	-286.578857881	32.4974189244
35.8	2348.92517186	-286.651978443	32.4875942594
35.85	2442.38105537	-287.948444232	33.7801670757
35.9	2403.17969007	-287.532118265	33.2379794976
35.95	2145.97971114	-283.961427934	29.68068927
36.0	2430.64848218	-287.892903582	33.6178958029
36.05	2608.37199029	-290.273864119	36.0759601512
36.1	2206.95349137	-284.628244129	30.524007506
36.15	2319.76907496	-286.193259356	32.0843411215
36.2	2506.80884184	-288.874535633	34.6712570989
36.25	2420.37390169	-287.70332548	33.4757897852
36.3	2142.38827772	-283.813940672	29.6310167503
36.35	2427.31596472	-287.932217668	33.5718043069
36.4	2220.2534497	-284.915586225	30.7079570226
36.45	2248.2469675	-285.275241553	31.0951307219
36.5	2440.73279548	-287.958077747	33.7573702667
36.55	2450.68251132	-288.137058758	33.8949831354
36.6	2559.7682193	-289.647294248	35.4037294602
36.65	2436.75001359	-287.913252209	33.7022850712
36.7	2368.58688705	-286.9702554	32.7595321795
36.75	2484.6950701	-288.605710516	34.3654051917
36.8	2474.53431809	-288.457262869	34.2248735167
36.85	2521.04515077	-288.995705538	34.8681571253
36.9	2482.21315422	-288.485456327	34.3310782249
36.95	2401.41313416	-287.441662446	33.2135465558
37.0	2179.56976657	-284.310278385	30.1452677525
37.05	2366.84843233	-286.923864033	32.7354879008
37.1	2259.97505918	-285.42291769	31.2573400118
37.15	2488.58508882	-288.642703893	34.419207395
37.2	2477.42071358	-288.473340768	34.2647947738
37.25	2178.1449777	-284.233258439	30.1255617342
37.3	2391.02169899	-287.289388245	33.0698243405
37.35	2331.22677901	-286.380675742	32.2428107249
37.4	2614.36191989	-290.297177355	36.1588058735
37.45	2286.65689239	-285.735810439	31.6263720192
37.5	2709.26950487	-291.766179906	37.4714569319
37.55	2043.43885994	-282.339499428	28.2624637732
37.6	2422.24279475	-287.767632421	33.5016381349
37.65	2272.76315276	-285.573884726	31.434210012
37.7	2400.95719045	-287.422509139	33.2072404741
37.75	2358.52028349	-286.771679865	32.6203026561
37.8	2365.5743171	-286.925860425	32.7178658244
37.85	2219.03339307	-284.803613942	30.6910826219
37.9	2378.72848283	-287.012880423	32.8997989077
37.95	2295.09761686	-285.88010844	31.7431142786
38.0	2275.89306774	-285.71581949	31.4774993467
38.05	2371.69301227	-287.105149692	32.8024924819
38.1	2446.84321904	-288.076603318	33.841882521
38.15	2576.01872995	-289.736304872	35.6284875764
38.2	2543.04651056	-289.339917635	35.1724542814
38.25	2197.05924944	-284.481194333	30.3871618879
38.3	2346.12677535	-286.633548968	32.4488901017
38.35	2207.28929063	-284.668068222	30.5286518899
38.4	2494.87955496	-288.686312993	34.5062651117
38.45	2449.91914354	-288.032511675	33.8844251222
38.5	2419.90613987	-287.636909491	33.4693202491
38.55	2431.96511654	-287.810715767	33.6361059543
38.6	2227.16526717	-284.921878256	30.8035532231
38.65	2323.76469026	-286.308631428	32.1396038136
38.7	2289.82425813	-285.877047355	31.6701793291
38.75	2165.6237602	-284.148623683	29.9523828527
38.8	2467.02713279	-288.363725316	34.1210428827
38.85	2479.09807614	-288.453849929	34.287994097
38.9	2336.28867314	-286.440240851	32.3128209426
38.95	2439.23415809	-287.875068487	33.7366428616
39.0	2208.41331838	-284.580220891	30.5441981311
39.05	2530.22184883	-289.190189192	34.9950785133
39.1	2338.45366338	-286.472055119	32.3427645634
39.15	2299.74371682	-285.899008806	31.8073737162
39.2	2596.89067342	-290.101508903	35.9171639628
39.25	2493.31192393	-288.731398488	34.484583467
39.3	2277.71866457	-285.696502615	31.5027488735
39.35	2267.00805875	-285.464124857	31.3546122618
39.4	2524.61441853	-289.044835082	34.9175230754
39.45	2446.19090363	-288.084919917	33.8328604548
39.5	2387.81685829	-287.195207969	33.0254987206
39.55	2512.13199234	-288.941147299	34.74488071
39.6	2468.48651344	-288.382581616	34.1412273342
39.65	2147.37359426	-283.908449338	29.6999678361
39.7	2540.2423602	-289.372502073	35.1336705432
39.75	2402.65971851	-287.352336037	33.2307878572
39.8	2255.19797375	-285.3487265	31.1912689359
39.85	2172.85454869	-284.211281224	30.0523906884
39.9	2159.71636542	-284.004602791	29.8706786557
39.95	2607.00450738	-290.216919149	36.057046722
40.0	2465.85668412	-288.253763526	34.1048546013
40.05	2460.04260198	-288.310096739	34.024440996
40.1	2368.18459724	-287.057967746	32.7539681758
40.15	2401.15972411	-287.511098305	33.2100416835
40.2	2285.56900279	-285.803131346	31.6113255987
40.25	2415.56068745	-287.655282218	33.4092190176
40.3	2292.2995192	-285.833536294	31.7044142542
40.35	2285.39655618	-285.807316566	31.6089405182
40.4	2354.41330746	-286.753085625	32.5634997522
40.45	2423.78035319	-287.760086555	33.5229038506
40.5	2519.85972275	-289.07568554	34.851761667
40.55	2272.37591627	-285.606524241	31.4288542083
40.6	2539.76983286	-289.299693537	35.1271350959
40.65	2562.44297287	-289.669059278	35.440723533
40.7	2411.42722683	-287.527408103	33.3520498098
40.75	2062.9495652	-282.609626944	28.5323130999
40.8	2498.32778094	-288.80986983	34.553956953
40.85	2165.67701092	-284.018570568	29.9531193546
40.9	2744.11711196	-292.157885375	37.9534284027
40.95	2112.39549171	-283.299656571	29.2161915042
41.0	2610.69055236	-290.347815346	36.1080277984
41.05	2341.54375548	-286.491786736	32.3855031144
41.1	2565.85281685	-289.740757639	35.4878845192
41.15	2328.44304394	-286.366883795	32.2043093471
41.2	1991.34071549	-281.644358596	27.5419029827
41.25	2358.9888369	-286.81676889	32.6267831406
41.3	2401.28476028	-287.388898043	33.2117710381
41.35	2390.07020393	-287.190532113	33.0566643701
41.4	2555.82102473	-289.537983192	35.3491364671
41.45	2402.56301772	-287.391485343	33.2294504046
41.5	2329.50627816	-286.30716076	32.2190147631
41.55	2525.6729414	-289.152726679	34.9321633295
41.6	2411.3370931	-287.527187273	33.3508031851
41.65	2353.52033658	-286.666899336	32.5511492201
41.7	2362.76610021	-286.843636075	32.6790258426
41.75	2396.10833147	-287.369430267	33.1401767102
41.8	2241.01854323	-285.171532574	30.9951555855
41.85	2462.38619802	-288.344942288	34.056854884
41.9	2391.86591836	-287.26279703	33.0815005984
41.95	2443.38135787	-287.921765859	33.7940020935
42.0	2400.38518979	-287.390487263	33.1993292279
42.05	2639.98979207	-290.790746849	36.5132607208
42.1	2347.41124642	-286.725175899	32.4666554079
42.15	2361.49514695	-286.939094382	32.661447499
42.2	2403.73685615	-287.380726034	33.2456855691
42.25	2289.63129279	-285.841988497	31.6675104575
42.3	2091.88102584	-283.060845611	28.9324593311
42.35	2343.55320016	-286.569081268	32.4132954103
42.4	2297.10965046	-285.95779386	31.7709423815
42.45	2351.66798413	-286.734290062	32.5255296408
42.5	2617.33591126	-290.392951703	36.1999386547
42.55	2346.14707551	-286.636874921	32.4491708698
42.6	2445.00013167	-287.992185511	33.8163910854
42.65	2411.93647368	-287.52136239	33.3590931185
42.7	2250.38432047	-285.324596052	31.1246920962
42.75	2437.97855687	-287.929512415	33.7192768495
42.8	2479.8176397	-288.523938749	34.2979462612
42.85	2397.60083454	-287.338596228	33.1608192724
42.9	2337.08204618	-286.602666968	32.3237939535
42.95	2440.5369498	-287.887665801	33.7546615576
43.0	2211.58669204	-284.716077763	30.5880885357
43.05	2296.97527677	-285.876985743	31.7690838812
43.1	2734.43869637	-292.079742619	37.8195678428
43.15	2273.43747331	-285.659534119	31.4435364276
43.2	2169.19715497	-284.131786712	30.0018058828
43.25	2457.65078952	-288.196762825	33.9913602348
43.3	2339.71350598	-286.447948246	32.3601892372
43.35	2425.88248399	-287.688980563	33.5519780728
43.4	2409.45938879	-287.503860568	33.3248329684
43.45	2424.36154018	-287.678487766	33.5309421514
43.5	2433.36560781	-287.87489639	33.6554759165
43.55	2654.65885927	-290.944698939	36.716146155
43.6	2328.95265439	-286.438267683	32.2113576846
43.65	2277.51567588	-285.67167018	31.4999413706
43.7	2537.210948	-289.373239649	35.091743584
43.75	2531.69328025	-289.268984661	35.0154296371
43.8	2378.91407603	-287.027394491	32.9023658165
43.85	2637.63884311	-290.688921072	36.4807451359
43.9	2259.47221864	-285.423930645	31.2503853076
43.95	2542.21067721	-289.391626758	35.1608940091
44.0	2341.64785214	-286.573990117	32.386942858
44.05	2627.612631	-290.630701797	36.3420742599
44.1	2196.70790625	-284.559170652	30.3823025185
44.15	2462.70042777	-288.369429828	34.0612009435
44.2	2392.92815098	-287.293589686	33.0961921615
44.25	2597.06052795	-290.128501442	35.9195131927
44.3	2209.36397051	-284.670806748	30.557346443
44.35	2456.18330368	-288.180219727	33.9710636817
44.4	2370.80066334	-286.975928371	32.7901505519
44.45	2047.00151218	-282.414420088	28.3117382251
44.5	2488.10072644	-288.691040957	34.4125082593
44.55	2576.25715757	-289.770350439	35.6317852291
44.6	2401.2574029	-287.34811086	33.2113926627
44.65	2391.55620061	-287.299129212	33.0772169436
44.7	2165.95269818	-284.089130962	29.9569323393
44.75	2634.49329194	-290.632353877	36.4372395396
44.8	2291.83695768	-285.881643113	31.6980166426
44.85	2251.70459026	-285.315534768	31.1429525286
44.9	2370.4878236	-286.906459943	32.7858237175
44.95	2543.21213892	-289.361028694	35.1747450599
45.0	2327.48499464	-286.239914093	32.1910587262
45.05	2370.86611809	-286.997285592	32.7910558457
45.1	2447.32885257	-288.093805498	33.8485992377
45.15	2794.13967635	-292.938050146	38.6452821898
45.2	2042.48224633	-282.25275226	28.2492330091
45.25	2425.67262122	-287.784023172	33.5490754956
45.3	2512.71755923	-288.957138256	34.7529795886
45.35	2224.56747438	-284.912852402	30.7676235822
45.4	2286.95243753	-285.858468018	31.6304596549
45.45	2318.44528106	-286.303633111	32.0660319478
45.5	2395.66735708	-287.318297933	33.1340776666
45.55	2507.86897409	-288.904689716	34.6859196121
45.6	2646.19325124	-290.81996295	36.5990597352
45.65	2450.23199922	-288.074049966	33.8887521773
45.7	2310.61328065	-286.15759225	31.9577088498
45.75	2221.7151878	-284.920058522	30.7281740798
45.8	2075.77772693	-282.863379591	28.709737276
45.85	2478.5843013	-288.552375731	34.2808881624
45.9	2363.69963339	-286.84708595	32.6919373851
45.95	2299.82231143	-285.963914871	31.8084607451
46.0	2484.78305809	-288.572674387	34.3666221389
46.05	2260.17088403	-285.337538196	31.2600484328
46.1	2424.74513459	-287.677936063	33.536247582
46.15	2228.77482999	-284.937943268	30.8258148194
46.2	2438.94496004	-287.882391267	33.7326430114
46.25	2370.44850578	-286.884156799	32.7852799192
46.3	2423.67755565	-287.637966927	33.5214820748
46.35	2472.9543093	-288.42299016	34.2030206773
46.4	2116.26023235	-283.350407731	29.2696440906
46.45	2507.87780585	-288.917623649	34.6860417627
46.5	2528.92623138	-289.18109388	34.9771590433
46.55	2399.63344316	-287.330794865	33.188931945
46.6	2261.08661313	-285.485558249	31.27271373
46.65	2532.72183292	-289.291448362	35.0296553784
46.7	2591.25634334	-289.93395351	35.8392364785
46.75	2300.42393926	-285.977312793	31.8167817599
46.8	2442.44336452	-287.98340706	33.7810288633
46.85	2345.53876045	-286.604601513	32.4407573652
46.9	2226.41024596	-284.890301434	30.79311065
46.95	2163.08985741	-283.983451075	29.9173368637
47.0	2340.03771729	-286.525052493	32.3646733501
47.05	2386.24581453	-287.21615728	33.003769875
47.1	2594.91109589	-290.154387869	35.8897847545
47.15	2551.25332485	-289.544779155	35.2859613681
47.2	2299.99345874	-286.009646095	31.8108278553
47.25	2527.25626908	-289.204089917	34.9540620719
47.3	2257.74915349	-285.360151706	31.2265538795
47.35	2380.48258526	-287.025001326	32.9240596074
47.4	2430.10724249	-287.735936951	33.6104100066
47.45	2531.28351877	-289.28245207	35.0097622941
47.5	2238.05464832	-285.136926586	30.9541624468
47.55	2451.61140807	-288.108361806	33.9078305522
47.6	2452.65051819	-288.084320356	33.9222023118
47.65	2516.20010771	-288.968592666	34.8011461387
47.7	2456.67584436	-288.221132653	33.9778759301
47.75	2236.82422469	-285.113007105	30.9371446617
47.8	2316.0682254	-286.231500056	32.0331552854
47.85	2329.35421255	-286.362517469	32.2169115689
47.9	2230.1631045	-284.949089979	30.8450158138
47.95	2345.14284874	-286.609907993	32.4352815759
48.0	2428.94080545	-287.716528978	33.5942772094
48.05	2367.17221393	-286.959541788	32.7399660703
48.1	2566.38245219	-289.724852453	35.4952098177
48.15	2380.74512028	-287.068401486	32.9276906857
48.2	2360.42270776	-286.772319502	32.6466147705
48.25	2385.52575162	-287.189352636	32.9938108044
48.3	2202.91544984	-284.606929566	30.4681580237
48.35	2244.99431643	-285.225255102	31.0501438448
48.4	2510.78125518	-288.941089267	34.7261988886
48.45	2379.83014281	-287.035853924	32.915035784
48.5	2429.77668591	-287.834288668	33.6058381333
48.55	2346.33900137	-286.626939558	32.4518253645
48.6	2375.98502505	-287.065179536	32.8618545984
48.65	2161.54497376	-284.004902078	29.8959698344
48.7	2470.94959355	-288.343147236	34.1752937864
48.75	2489.66009973	-288.644007455	34.4340756925
48.8	2417.13017558	-287.638212982	33.4309263476
48.85	2374.73737689	-286.988073049	32.8445985838
48.9	2586.79220054	-290.070230938	35.7774936602
48.95	2406.80497494	-287.414376318	33.2881202109
49.0	2189.40145091	-284.309317754	30.2812481471
49.05	2415.449191	-287.609692975	33.4076769287
49.1	2261.7972334	-285.424185429	31.2825422011
49.15	2452.57917186	-288.118535801	33.9212155326
49.2	2385.20452152	-287.178916326	32.9893679242
49.25	2376.39949512	-287.035898283	32.8675870652
49.3	2442.67355012	-287.915781565	33.784212522
49.35	2529.9251807	-289.24366459	34.9909753456
49.4	2282.78617388	-285.744726795	31.5728367538
49.45	2305.53814552	-286.114410284	31.8875154979
49.5	2446.23268541	-287.988703609	33.8334383317
49.55	2272.09865936	-285.480510931	31.425019514
49.6	2309.98694951	-286.143129579	31.9490461677
49.65	2380.96705268	-287.135417759	32.9307601958
49.7	2632.69772747	-290.722044634	36.4124053854
49.75	2458.46992848	-288.215686595	34.0026896098
49.8	2291.99576544	-285.82332926	31.7002130863
49.85	2421.84892886	-287.644152974	33.4961906411
49.9	2379.13192282	-287.112268604	32.9053788193
49.95	2445.54130903	-288.049615943	33.8238760196
50.0	2319.42152418	-286.262061908	32.0795342044
50.05	2434.12804609	-287.825259479	33.6660210739
50.1	2556.18819535	-289.527324356	35.354214743
50.15	2417.34636134	-287.643529654	33.433916377
50.2	2277.11689568	-285.636682184	31.4944259078
50.25	2270.63546169	-285.540714606	31.4047822698
50.3	2566.51625332	-289.718516055	35.4970603989
50.35	2284.17809356	-285.777598033	31.5920881638
50.4	2374.13445137	-286.993962826	32.8362596209
50.45	2525.38835708	-289.111978366	34.9282272909
50.5	2417.37142921	-287.5940675	33.4342630865
50.55	2438.90186596	-287.939452175	33.7320469844
50.6	2391.13632399	-287.284226305	33.0714096997
50.65	2426.85395253	-287.789188115	33.5654142929
50.7	2288.83182204	-285.847976791	31.6564531102
50.75	2370.03657441	-286.969104116	32.7795825647
50.8	2462.17990555	-288.318627689	34.054001687
50.85	2262.91545541	-285.48138215	31.298008144
50.9	2174.03830791	-284.236527594	30.0687630657
50.95	2221.78217509	-284.852150516	30.7291005698
51.0	2407.05439684	-287.420217823	33.2915699238
51.05	2342.85590665	-286.490101183	32.4036512594
51.1	2469.35449797	-288.34895724	34.1532322842
51.15	2392.84733582	-287.231793895	33.0950744204
51.2	2467.44046239	-288.302634928	34.1267595757
51.25	2353.71279675	-286.743308185	32.5538111048
51.3	2445.30431945	-288.063988838	33.8205982561
51.35	2182.60976111	-284.324266094	30.1873134125
51.4	2517.72556042	-289.027785926	34.822244422
51.45	2413.06426026	-287.554877114	33.3746913474
51.5	2340.79770592	-286.524616579	32.3751846267
51.55	2270.567037	-285.606541115	31.4038358993
51.6	2421.99014152	-287.709461053	33.49814373
51.65	2450.12719481	-288.139366382	33.8873026448
51.7	2434.08515635	-287.881585492	33.665427873
51.75	2283.69246905	-285.669410908	31.5853715719
51.8	2329.50149389	-286.349809094	32.2189485927
51.85	2379.83012596	-287.089340282	32.915035551
51.9	2348.25656664	-286.64408599	32.4783468915
51.95	2406.85622567	-287.475562428	33.2888290512
52.0	2550.26639759	-289.415961794	35.2723113409
52.05	1952.64950554	-281.111319423	27.0067712786
52.1	2620.12798354	-290.520304968	36.2385553429
52.15	2543.7205191	-289.351890866	35.1817763818
52.2	2509.17012647	-288.849061486	34.7039156347
52.25	2571.76295698	-289.871294099	35.5696266865
52.3	2415.31942216	-287.657124379	33.4058821175
52.35	2411.12161401	-287.49794989	33.3478229295
52.4	2227.77182269	-284.923092986	30.8119423919
52.45	2305.30528054	-286.065062591	31.884294781
52.5	2522.24708102	-289.055336778	34.8847808231
52.55	2298.04185471	-285.963009936	31.7838355437
52.6	2561.2181565	-289.656258235	35.423783301
52.65	2399.19288846	-287.352983851	33.1828387061
52.7	2294.64635672	-285.964381839	31.7368729745
52.75	2351.6863933	-286.748759769	32.525784255
52.8	2420.62994431	-287.626105751	33.4793310681
52.85	2280.71636017	-285.601612436	31.5442095039
52.9	2529.40093653	-289.263414343	34.9837246115
52.95	2436.41828772	-287.920226207	33.6976970259
53.0	2450.33040867	-288.107689583	33.8901132621
53.05	2475.37688622	-288.49778979	34.2365269367
53.1	2547.78695667	-289.474748397	35.238018605
53.15	2139.29815252	-283.683219406	29.5882777415
53.2	2156.34275223	-283.933344605	29.8240187716
53.25	2410.25483234	-287.488666566	33.3358346162
53.3	2551.4859993	-289.441295398	35.2891794498
53.35	2084.31924964	-282.912086089	28.8278736593
53.4	2188.30296557	-284.395268	30.2660551787
53.45	2289.44030198	-285.847173169	31.6648688953
53.5	2524.41140769	-289.11545442	34.9147152661
53.55	2287.41635989	-285.78072766	31.6368760882
53.6	2414.68275275	-287.610292782	33.3970764486
53.65	2339.93076111	-286.577694347	32.363194057
53.7	2647.34767154	-290.874971714	36.6150263308
53.75	2466.23324689	-288.304326521	34.1100627784
53.8	2290.75636305	-285.75293646	31.6830711175
53.85	2420.39396714	-287.652991964	33.4760673071
53.9	2122.59134343	-283.525714673	29.3572086374
53.95	2199.95270309	-284.637817467	30.427180765
54.0	2312.93596007	-286.137800907	31.9898334433
54.05	2332.73976791	-286.354953261	32.2637366233
54.1	2724.34800224	-291.893921473	37.6800051269
54.15	2544.62136499	-289.368223711	35.1942358318
54.2	2419.5886421	-287.741675822	33.46492899
54.25	2541.98401801	-289.424073097	35.1577591234
54.3	2143.10352832	-283.841157412	29.6409092627
54.35	2075.77628859	-282.820780263	28.7097173826
54.4	2354.99259968	-286.718962106	32.5715118468
54.45	2616.76736266	-290.415815584	36.1920751532
54.5	2261.77065319	-285.377523916	31.2821745746
54.55	2074.26794237	-282.803881428	28.6888556963
54.6	2376.76037992	-287.103749983	32.872578403
54.65	2415.17171406	-287.541127067	33.4038391912
54.7	2464.99078015	-288.276189434	34.0928784271
54.75	2329.53174184	-286.375258241	32.2193669471
54.8	2279.13700519	-285.632854743	31.5223657072
54.85	2337.718693	-286.588905862	32.33259931
54.9	2103.23668868	-283.216444861	29.0895176194
54.95	2502.47330266	-288.745125932	34.611292976
55.0	2403.61667781	-287.453009439	33.2440234024
55.05	2395.94216298	-287.364337497	33.1378784614
55.1	2477.49048624	-288.517681484	34.2657597878
55.15	2354.62254009	-286.750382154	32.566393614
55.2	2229.86942848	-285.017352682	30.8409540294
55.25	2454.27884186	-288.182738441	33.9447233863
55.3	2609.84174783	-290.435258172	36.0962881238
55.35	2361.73076399	-286.853515575	32.6647062792
55.4	2652.35123488	-290.958030182	36.684229785
55.45	2499.56196119	-288.833678065	34.5710266952
55.5	2324.62526174	-286.305585183	32.151506235
55.55	2145.59701769	-283.800149069	29.6753963004
55.6	2186.87192585	-284.385459395	30.2462627058
55.65	2437.01999756	-287.885034876	33.7060191748
55.7	2253.60434899	-285.277368938	31.1692277763
55.75	2582.93729832	-289.861456639	35.7241771474
55.8	2402.90937382	-287.4254112	33.2342407983
55.85	2395.23906226	-287.392678647	33.128153992
55.9	2327.21306604	-286.352656857	32.1872977268
55.95	2463.65393978	-288.246402542	34.0743888098
56.0	2442.30972363	-287.927302052	33.7791804982
56.05	1985.11293339	-281.565321915	27.4557675619
56.1	2580.25594299	-289.895270569	35.6870917667
56.15	2367.58552447	-286.890304469	32.7456824998
56.2	2364.96753481	-286.892412537	32.7094735192
56.25	2143.61260114	-283.837624639	29.6479501644
56.3	2608.75454791	-290.356960055	36.0812512422
56.35	2544.76947929	-289.351195804	35.1962843761
56.4	2386.28423566	-287.227672088	33.0043012713
56.45	2363.99499167	-286.933434028	32.6960224364
56.5	2470.4713054	-288.405868143	34.1686786624
56.55	2559.18586603	-289.601621405	35.3956750287
56.6	2565.9254064	-289.716079168	35.4888884932
56.65	2317.51392613	-286.334294399	32.0531505323
56.7	2285.42767185	-285.891974734	31.6093708738
56.75	2411.43603804	-287.5872279	33.3521716762
56.8	2420.32093372	-287.746137021	33.4750571939
56.85	2507.88224861	-288.906845376	34.6861032098
56.9	2384.1157758	-287.13516465	32.9743096627
56.95	2576.34709933	-289.972654057	35.6330291987
57.0	2365.21593173	-286.958272791	32.7129090557
57.05	2527.78627478	-289.244218687	34.9613924928
57.1	2048.63060719	-282.486321592	28.3342699679
57.15	2420.75233958	-287.737710746	33.4810238967
57.2	2471.26972929	-288.31339129	34.1797215307
57.25	2518.03761912	-289.079404447	34.8265604541
57.3	2341.66308313	-286.636186496	32.3871535153
57.35	2344.50460473	-286.593062369	32.426454129
57.4	2217.78738239	-284.780451416	30.6738492549
57.45	2288.75122439	-285.706011618	31.6553383775
57.5	2256.96216997	-285.396538278	31.2156692411
57.55	2205.78821251	-284.754166071	30.5078907275
57.6	2273.19152174	-285.560676805	31.4401347122
57.65	2291.2762671	-285.894422225	31.6902618243
57.7	2206.4900672	-284.737576789	30.5175979633
57.75	2231.95192028	-285.090766435	30.8697566279
57.8	2423.96418654	-287.777960429	33.5254464191
57.85	2569.79761143	-289.780372699	35.5424443183
57.9	2363.8116474	-286.87441341	32.6934866323
57.95	2563.72581295	-289.619119709	35.4584662812
58.0	2459.24590913	-288.23312051	34.0134220694
58.05	2379.42747495	-287.169042223	32.9094665518
58.1	2399.18059647	-287.396480643	33.1826686976
58.15	2236.35874231	-285.135867316	30.9307066522
58.2	2192.72488742	-284.460150054	30.327214046
58.25	2661.0324623	-291.041358385	36.8042984008
58.3	2280.74077087	-285.626552766	31.5445471242
58.35	2457.01957458	-288.188388803	33.9826300057
58.4	2384.76506002	-287.14300531	32.9832898051
58.45	2379.95704697	-287.082224233	32.9167909744
58.5	2392.47737401	-287.291454061	33.08995754
58.55	2156.57597731	-283.982755566	29.827244469
58.6	2335.17138536	-286.452867535	32.2973679208
58.65	2251.1324957	-285.307107921	31.1350399837
58.7	2404.52514159	-287.445531316	33.2565882142
58.75	2560.7476851	-289.624440253	35.4172762892
58.8	2330.54368445	-286.42299826	32.2333629573
58.85	2331.98671437	-286.445312801	32.2533212648
58.9	2480.17821031	-288.511916785	34.3029332534
58.95	2247.45198943	-285.217882002	31.0841355122
59.0	2389.03591514	-287.298937094	33.0423592936
59.05	2279.46506257	-285.714238324	31.5269030144
59.1	2312.63916498	-286.13383793	31.9857285197
59.15	2404.83897278	-287.389827966	33.2609287613
59.2	2333.76454088	-286.520623412	32.2779100881
59.25	2421.60985991	-287.741815874	33.4928841181
59.3	2206.02143602	-284.633432365	30.5111164032
59.35	2572.59540118	-289.712299963	35.5811400841
59.4	2504.52998013	-288.795294262	34.6397385408
59.45	2340.1275902	-286.540759711	32.3659163674
59.5	2191.09344798	-284.432098965	30.3046498779
59.55	2592.61986181	-290.128724323	35.8580950761
59.6	2448.18820856	-288.067331543	33.8604848478
59.65	2410.36675009	-287.506899672	33.337382532
59.7	2301.89500623	-285.987520474	31.837127843
59.75	2560.68965436	-289.660040949	35.4164736756
59.8	2332.24814176	-286.286670115	32.2569370236
59.85	2380.67175433	-287.045001572	32.9266759734
59.9	2191.12176056	-284.450744037	30.3050414644
59.95	2016.75793637	-282.016460613	27.8934443469
60.0	2302.31470001	-286.031849407	31.842932558
60.05	2469.02845906	-288.40218132	34.1487228942
60.1	2350.68704328	-286.707356374	32.5119624107
60.15	2305.68824362	-285.998872834	31.8895914799
60.2	2542.13310899	-289.408523179	35.159821176
60.25	2307.54329377	-286.172637585	31.9152483707
60.3	2330.05582429	-286.427868119	32.2266154445
60.35	2311.5559337	-286.132529561	31.9707465276
60.4	2594.80964598	-290.117528196	35.8883816177
60.45	2502.33699701	-288.831785503	34.6094077552
60.5	2507.15306936	-289.005223167	34.6760180525
60.55	2320.91998959	-286.343432252	32.1002592308
60.6	2360.05875058	-286.87936844	32.6415809391
60.65	2666.17157526	-291.138064238	36.8753766194
60.7	2379.51853557	-287.10177909	32.9107259961
60.75	2385.07940951	-287.104233709	32.9876375208
60.8	2364.91424386	-286.881979922	32.7087364609
60.85	2233.74717951	-285.003553239	30.8945865604
60.9	2410.02524989	-287.494753443	33.3326592995
60.95	2476.97268964	-288.430828716	34.2585982289
61.0	2390.23824778	-287.205272693	33.0589885568
61.05	2465.62584331	-288.351161415	34.1016618803
61.1	2363.55910375	-286.909034214	32.689993743
61.15	2344.86990869	-286.590842627	32.4315065875
61.2	2407.77375989	-287.451782328	33.3015193149
61.25	2458.16608447	-288.158741693	33.9984871937
61.3	2638.22521158	-290.683093015	36.4888551009
61.35	2372.6233333	-286.991620006	32.8153595977
61.4	2250.6648487	-285.406629976	31.1285720356
61.45	2398.81379051	-287.357288517	33.1775954652
61.5	2559.72880844	-289.64023818	35.4031843751
61.55	2204.40396462	-284.645704312	30.4887454247
61.6	2319.44522741	-286.21786035	32.0798620397
61.65	2416.40864295	-287.534659943	33.4209469496
61.7	2644.12866824	-290.801303993	36.5705048303
61.75	2279.50724266	-285.755654551	31.5274864002
61.8	2239.41050945	-285.137261056	30.972915137
61.85	2348.45190334	-286.627762142	32.4810485611
61.9	2287.22480875	-285.745174006	31.6342267761
61.95	2526.22614111	-289.16830559	34.9398145429
62.0	2364.30844742	-286.908413955	32.7003577909
