# 	 t 	 T	E	K
2.05	2562.28572282	-276.308919049	35.4385486336
2.1	2459.80440174	-274.880106316	34.021146488
2.15	2736.3322826	-278.825775738	37.8457577198
2.2	2427.46780259	-274.497051599	33.5739043512
2.25	2697.12055456	-278.233087244	37.3034268162
2.3	2305.58997665	-272.658533836	31.8882323658
2.35	2521.83187389	-275.680153787	34.8790381622
2.4	2565.03358609	-276.288003187	35.4765538745
2.45	2429.21331981	-274.466053096	33.5980463103
2.5	2662.18954747	-277.666858121	36.8203018538
2.55	2327.76435496	-272.914911964	32.1949225124
2.6	2674.36862799	-277.941347793	36.9887486955
2.65	2434.75181555	-274.389458288	33.6746483258
2.7	2308.17976654	-272.590762507	31.9240513199
2.75	2199.64826203	-271.074318521	30.4229700913
2.8	2589.37936289	-276.667194689	35.8132762733
2.85	2373.05820128	-273.609279273	32.8213741846
2.9	2348.42232924	-273.306313716	32.4806395265
2.95	2465.56476819	-274.976684458	34.1008171605
3.0	2644.8493004	-277.519641125	36.5804717742
3.05	2216.33395724	-271.351480964	30.6537471728
3.1	2472.72573358	-274.995833431	34.1998592844
3.15	2519.99901789	-275.74286539	34.853688235
3.2	2735.44685363	-278.760403742	37.8335114986
3.25	2300.93684687	-272.641763331	31.8238756999
3.3	2481.58815596	-275.136402627	34.3224339777
3.35	2419.96282529	-274.235712306	33.4701042556
3.4	2419.07849566	-274.185428796	33.4578732393
3.45	2314.32669499	-272.72407821	32.0090684673
3.5	2408.11174362	-274.147047604	33.3061939117
3.55	2420.89265658	-274.328734057	33.4829645979
3.6	2297.91599361	-272.548835517	31.7820947797
3.65	2343.29348673	-273.227449217	32.4097033569
3.7	2644.32044761	-277.41059872	36.573157299
3.75	2598.83135498	-276.733971065	35.9440052074
3.8	2493.21349152	-275.3188999	34.4832220647
3.85	2353.25986239	-273.433962375	32.5475466449
3.9	2452.15285191	-274.792025416	33.915319172
3.95	2842.99321588	-280.282968625	39.3209673881
4.0	2440.38964352	-274.591098479	33.7526241888
4.05	2423.33502875	-274.294433979	33.5167446422
4.1	2464.46129303	-274.881164551	34.0855551787
4.15	2368.92143881	-273.642363201	32.7641593093
4.2	2547.36606399	-276.063205977	35.2321973081
4.25	2350.73753878	-273.322291082	32.5126608055
4.3	2422.42454843	-274.30909966	33.5041519399
4.35	2507.96667795	-275.492452966	34.687270938
4.4	2461.9170063	-274.810869368	34.0503655712
4.45	2517.35675193	-275.599532096	34.8171434929
4.5	2438.84889224	-274.428349838	33.7313143136
4.55	2399.31267288	-273.905560675	33.1844954244
4.6	2611.33860462	-276.922610597	36.1169909017
4.65	2247.55390978	-271.822461412	31.0855451557
4.7	2637.39116341	-277.310503274	36.4773195191
4.75	2318.57390787	-272.81640089	32.0678109638
4.8	2282.44092226	-272.241023103	31.5680616359
4.85	2640.61228494	-277.351006155	36.5218703163
4.9	2247.10589329	-271.811287202	31.079348714
4.95	2377.71089405	-273.674770842	32.8857248061
5.0	2140.86432154	-270.272378945	29.6099391653
5.05	2596.96882325	-276.700990018	35.9182448401
5.1	2429.79052635	-274.448071545	33.6060295582
5.15	2502.24901244	-275.507712742	34.6081908551
5.2	2376.0916344	-273.508887609	32.8633290947
5.25	2517.76810409	-275.529228253	34.8228328364
5.3	2311.33725065	-272.752991189	31.9677219587
5.35	2533.32597287	-275.842850302	35.0380111378
5.4	2503.29416212	-275.37531508	34.6226461469
5.45	2723.78787779	-278.452124372	37.6722581386
5.5	2523.63446025	-275.620346791	34.903969435
5.55	2315.16960973	-272.723368061	32.0207266811
5.6	2528.47938804	-275.973508407	34.9709788272
5.65	2729.06865939	-278.630001686	37.7452957526
5.7	2438.0159323	-274.528457717	33.719793783
5.75	2326.06274515	-272.787844777	32.1713878295
5.8	2586.62729159	-276.53767373	35.7752128319
5.85	2386.36479322	-273.693618664	33.0054154496
5.9	2324.32280722	-272.923803367	32.1473230368
5.95	2686.50999662	-278.044078837	37.1566739502
6.0	2508.38205629	-275.578653988	34.6930159668
6.05	2513.70983783	-275.608762264	34.7667036292
6.1	2522.77594525	-275.821712043	34.8920954565
6.15	2345.74992914	-273.259855583	32.4436780043
6.2	2518.76595514	-275.733276033	34.8366339487
6.25	2530.52962216	-275.800799782	34.9993352751
6.3	2452.04488948	-274.672400014	33.9138259616
6.35	2536.77155897	-275.871431179	35.0856664673
6.4	2440.11755554	-274.532418682	33.7488609851
6.45	2750.71170757	-278.907691798	38.0446371603
6.5	2368.36820223	-273.558666303	32.756507586
6.55	2438.66384838	-274.599926464	33.7287550027
6.6	2612.6107488	-277.040642386	36.1345857168
6.65	2452.27974057	-274.710494333	33.9170741481
6.7	2564.88155423	-276.272261431	35.474451147
6.75	2546.64644637	-276.007469514	35.2222443962
6.8	2367.81350223	-273.555593292	32.7488356223
6.85	2411.08738727	-274.164864902	33.3473495453
6.9	2465.21260065	-274.839086194	34.0959463897
6.95	2577.5051964	-276.520993532	35.6490466471
7.0	2376.7981856	-273.678646019	32.8731012871
7.05	2536.06441726	-275.875768977	35.0758861077
7.1	2455.44676937	-274.717147556	33.9608767978
7.15	2624.85118288	-277.196343515	36.3038811292
7.2	2480.97729482	-275.134128663	34.3139852587
7.25	2400.34670467	-273.986264116	33.1987969465
7.3	2622.9811557	-277.150229924	36.2780170937
7.35	2539.59002805	-275.95615368	35.1246482455
7.4	2373.44738294	-273.690045596	32.8267568915
7.45	2755.07051509	-278.982913984	38.1049231037
7.5	2567.59837953	-276.308687654	35.5120271069
7.55	2541.07116681	-275.959159075	35.1451336299
7.6	2233.04856837	-271.722496539	30.8849241857
7.65	2578.74860628	-276.408600983	35.6662440428
7.7	2743.12636114	-278.851299115	37.9397254926
7.75	2502.00183754	-275.398450206	34.6047722202
7.8	2685.99306326	-278.070981038	37.1495243306
7.85	2477.72957232	-275.103960043	34.2690665477
7.9	2366.35641171	-273.492790929	32.7286828452
7.95	2312.62121638	-272.757177133	31.9854802756
8.0	2341.76004452	-273.272647485	32.3884945721
8.05	2610.18933588	-277.060314686	36.1010955564
8.1	2459.73271649	-274.836508809	34.0201550213
8.15	2294.74448737	-272.510019824	31.7382302032
8.2	2075.88604896	-269.405891602	28.7112354601
8.25	2491.41976842	-275.274309706	34.4584133781
8.3	2544.8858729	-276.016364242	35.1978941968
8.35	2325.90440667	-272.884638606	32.1691978762
8.4	2435.47215905	-274.490460086	33.6846112772
8.45	2433.16248295	-274.497965567	33.6526665303
8.5	2543.43492948	-276.094089642	35.1778264391
8.55	2377.30911867	-273.74879851	32.8801679176
8.6	2451.08086176	-274.729375125	33.9004926542
8.65	2433.43566767	-274.419022908	33.6564449028
8.7	2529.02627586	-275.75621935	34.9785427419
8.75	2549.4458351	-276.147152822	35.2609622772
8.8	2288.93819561	-272.363469443	31.6579243454
8.85	2522.51437411	-275.664159274	34.8884777094
8.9	2431.6427526	-274.410051522	33.631647392
8.95	2381.97909744	-273.727506373	32.944757619
9.0	2542.18727798	-276.027363144	35.1605703782
9.05	2573.12006443	-276.44414698	35.5883966146
9.1	2399.07808581	-273.931304092	33.1812508897
9.15	2304.79023605	-272.584608171	31.8771712862
9.2	2317.85537325	-272.810886984	32.0578730307
9.25	2459.71627297	-274.838720034	34.0199275936
9.3	2322.44297455	-272.954097385	32.121323383
9.35	2444.47834229	-274.660414545	33.809174303
9.4	2460.13990593	-274.86938582	34.0257867909
9.45	2102.22676273	-269.795755216	29.0755495011
9.5	2170.52902345	-270.804724623	30.0202267348
9.55	2528.86945467	-275.791965686	34.9763737741
9.6	2265.57031707	-272.074690401	31.3347270951
9.65	2392.25794381	-274.016077841	33.0869226374
9.7	2554.36524162	-276.25913139	35.3290017724
9.75	2457.65261913	-274.840968825	33.9913855398
9.8	2417.91663265	-274.251662674	33.4418037047
9.85	2306.91417196	-272.613573282	31.9065470913
9.9	2692.63536012	-278.087948707	37.2413928363
9.95	2215.88224475	-271.486324362	30.6474996124
10.0	2521.62207271	-275.745414194	34.8761364369
10.05	2402.07695248	-273.945597258	33.2227277169
10.1	2487.30273809	-275.178632107	34.4014714149
10.15	2449.23648568	-274.631160959	33.8749833947
10.2	2261.86332366	-272.015632418	31.2834562845
10.25	2520.21931392	-275.690166845	34.8567351129
10.3	2297.02809736	-272.561492027	31.7698144341
10.35	2698.8103353	-278.093172082	37.3267978933
10.4	2430.33067416	-274.242399229	33.6135002528
10.45	2553.44789379	-276.082880272	35.3163140869
10.5	2545.70364111	-275.971817866	35.2092046133
10.55	2436.85284142	-274.47660209	33.703707266
10.6	2596.29469402	-276.792203035	35.9089210706
10.65	2612.05452121	-276.950057299	36.1268926253
10.7	2382.64351501	-273.588762535	32.9539470681
10.75	2453.93924961	-274.589219685	33.9400265423
10.8	2336.48957519	-273.007669232	32.3155995855
10.85	2635.30258351	-277.387545283	36.4484327171
10.9	2594.87178937	-276.704599726	35.8892411126
10.95	2145.1305373	-270.314624272	29.6689444875
11.0	2431.26743326	-274.466488372	33.6264564126
11.05	2240.05724613	-271.738873945	30.9818600448
11.1	2583.30862892	-276.510524805	35.7293129592
11.15	2604.97222199	-276.834911393	36.0289385201
11.2	2593.57731311	-276.619504965	35.8713374262
11.25	2388.29872205	-273.811955742	33.0321632983
11.3	2139.07534345	-270.273870662	29.5851961062
11.35	2523.26843442	-275.66560558	34.8989069924
11.4	2406.55723974	-274.042263959	33.2846938265
11.45	2069.70425727	-269.31858206	28.6257361251
11.5	2548.47109022	-276.076064129	35.2474807425
11.55	2377.57457258	-273.689143203	32.8838393665
11.6	2430.16810944	-274.439067148	33.6112518472
11.65	2451.73038692	-274.648934442	33.9094761289
11.7	2576.32269183	-276.396794676	35.6326916226
11.75	1960.06251801	-267.707049432	27.1092994238
11.8	2476.29627329	-275.069918515	34.2492428267
11.85	2507.25660988	-275.57816367	34.6774501043
11.9	2513.35769926	-275.596740762	34.7618332592
11.95	2363.94329411	-273.405705695	32.695307416
12.0	2297.95160676	-272.550317515	31.7825873393
12.05	2451.85263083	-274.701396234	33.9111668641
12.1	2315.87629559	-272.804126406	32.030500736
12.15	2287.9667799	-272.449728501	31.644488856
12.2	2367.92549374	-273.581090011	32.7503845583
12.25	2389.5571301	-273.85954885	33.0495681312
12.3	2180.4090958	-270.727669847	30.1568763758
12.35	2427.1587617	-274.324587903	33.569630058
12.4	2546.41122019	-276.080023955	35.218991022
12.45	2663.23090887	-277.72698649	36.8347047505
12.5	2462.01113403	-274.889976828	34.0516674362
12.55	2225.18019062	-271.456741191	30.7760979587
12.6	2500.45654376	-275.38550818	34.5833995182
12.65	2279.15951374	-272.262951604	31.5226770192
12.7	2441.08036271	-274.466268144	33.7621774113
12.75	2647.92562104	-277.489156346	36.6230198543
12.8	2493.1507248	-275.349413428	34.4823539486
12.85	2565.6015768	-276.37220764	35.4844096597
12.9	2482.9076277	-275.034253814	34.3406833725
12.95	2544.71275085	-275.949668803	35.1954997744
13.0	2651.16474866	-277.532606112	36.667819691
13.05	2468.70081152	-275.00190716	34.1441912554
13.1	2591.75845157	-276.711574754	35.8461810541
13.15	2554.33690456	-276.092245552	35.3286098473
13.2	2444.08090165	-274.589999958	33.8036773675
13.25	2170.7925081	-270.641955779	30.0238709471
13.3	2417.16323521	-274.230085992	33.4313835898
13.35	2512.86277517	-275.589849045	34.7549880462
13.4	2567.63621387	-276.3708944	35.5125503875
13.45	2322.96048182	-272.875499974	32.1284809402
13.5	2680.26763336	-277.906969525	37.0703368598
13.55	2508.61483963	-275.405560324	34.6962355547
13.6	2317.28037734	-272.82619685	32.0499203576
13.65	2449.17126309	-274.587940637	33.8740813118
13.7	2460.39404143	-274.847811886	34.0293016967
13.75	2438.49229757	-274.593487363	33.7263823119
13.8	2258.08046843	-271.999716407	31.2311362415
13.85	2467.53987853	-274.940789821	34.1281345838
13.9	2384.80220046	-273.856778539	32.9838034884
13.95	2398.58587281	-274.000037515	33.1744431733
14.0	2588.15578289	-276.594111306	35.7963531415
14.05	2494.95410722	-275.364870078	34.5072962316
14.1	2398.46009568	-273.947252181	33.1727035706
14.15	2344.99316623	-273.162546487	32.433211342
14.2	2360.8321103	-273.428599966	32.6522771491
14.25	2359.32812002	-273.445113449	32.6314757091
14.3	2521.61888025	-275.692093339	34.8760922824
14.35	2345.28700932	-273.148244983	32.437275437
14.4	2503.385845	-275.37530556	34.6239141976
14.45	2369.97535199	-273.472369636	32.7787358076
14.5	2541.2498147	-275.917398955	35.1476044792
14.55	2525.72513299	-275.742944907	34.9328851827
14.6	2362.96676717	-273.428705594	32.681801234
14.65	2376.5246068	-273.659968987	32.8693174641
14.7	2260.31603497	-272.022884537	31.2620559914
14.75	2345.36094803	-273.201415415	32.4382980711
14.8	2208.84313578	-271.139740281	30.5501428643
14.85	2438.34729795	-274.482944993	33.7243768462
14.9	2369.73324008	-273.57062398	32.775387198
14.95	2334.36095061	-273.103981824	32.2861589322
15.0	2251.34641651	-271.888584484	31.1379986869
15.05	2421.84849152	-274.161747812	33.4961845923
15.1	2361.91953406	-273.279961122	32.6673171266
15.15	2693.16895061	-277.999381939	37.2487728377
15.2	2361.8078717	-273.416668454	32.6657727431
15.25	2433.88714787	-274.457196523	33.6626892506
15.3	2478.99711667	-275.175772485	34.2865977432
15.35	2291.24288928	-272.468569455	31.6898001811
15.4	2424.65108078	-274.415887777	33.5349467393
15.45	2555.35784813	-276.207711672	35.3427303485
15.5	2450.98319162	-274.652714141	33.8991417947
15.55	2391.50049089	-273.890780994	33.0764464317
15.6	2579.04313945	-276.522865877	35.6703176822
15.65	2324.92955433	-272.94524543	32.1557148553
15.7	2534.99123048	-275.857847531	35.0610430394
15.75	2411.29429468	-274.093441893	33.3502112473
15.8	2309.02135416	-272.661262261	31.9356911787
15.85	2132.52720473	-270.271758752	29.4946298863
15.9	2213.91960373	-271.310761297	30.6203546501
15.95	2317.83328233	-272.786879906	32.0575674949
16.0	2261.55966024	-272.049684468	31.279256366
16.05	2557.55370093	-276.207457822	35.3731008242
16.1	2536.39221591	-276.001258179	35.0804198365
16.15	2601.15975692	-276.882482821	35.9762089482
16.2	2360.62772826	-273.39496933	32.649450375
16.25	2348.44943966	-273.214944292	32.4810144862
16.3	2406.38287166	-274.136936089	33.2822821705
16.35	2528.23250373	-275.737754962	34.9675642113
16.4	2210.87678003	-271.358703503	30.5782698605
16.45	2491.52551833	-275.26041029	34.4598759876
16.5	2143.23865168	-270.401559102	29.6427781314
16.55	2385.00461971	-273.819262066	32.9866031154
16.6	2487.51110951	-275.227183613	34.4043533653
16.65	2567.20430843	-276.257021982	35.5065767749
16.7	2339.52898179	-273.112728767	32.3576371138
16.75	2391.03216572	-273.812330973	33.069969104
16.8	2418.51774702	-274.202285478	33.4501176179
16.85	2334.32806134	-273.134243276	32.2857040461
16.9	2450.5838651	-274.777843741	33.8936187759
16.95	2475.46714755	-275.067478441	34.2377753261
17.0	2648.4773577	-277.459464659	36.6306508325
17.05	2359.99352427	-273.464892956	32.6406788048
17.1	2371.58029591	-273.636183985	32.8009335206
17.15	2626.02791301	-277.230788985	36.3201562884
17.2	2381.46141794	-273.747290327	32.9375976797
17.25	2479.12596458	-275.066587684	34.2883798173
17.3	2486.36040635	-275.129576112	34.388438181
17.35	2341.22967171	-273.112356382	32.3811590738
17.4	2279.69435266	-272.261528252	31.5300742875
17.45	2281.71341962	-272.284419291	31.5579996677
17.5	2307.15335784	-272.700743642	31.9098552315
17.55	2326.40913061	-272.928945677	32.1761786293
17.6	2558.38429119	-276.102179664	35.3845885801
17.65	2361.38882341	-273.273763894	32.6599769557
17.7	2657.57805033	-277.54865587	36.7565210021
17.75	2532.1596098	-275.812849857	35.0218793638
17.8	2575.36986771	-276.368183267	35.6195132703
17.85	2336.45614301	-273.058536312	32.3151371906
17.9	2545.04750908	-276.011084803	35.20012976
17.95	2526.17423781	-275.758724027	34.939096677
18.0	2591.49607167	-276.666098181	35.8425521212
18.05	2543.47043572	-276.029704707	35.17831752
18.1	2541.28574738	-276.116487121	35.1481014582
18.15	2382.22241985	-273.775984368	32.9481229708
18.2	2320.92676831	-272.867305244	32.1003529862
18.25	2310.96547927	-272.705492656	31.9625800505
18.3	2514.46359157	-275.581583113	34.7771286722
18.35	2542.10785396	-275.938810196	35.1594718778
18.4	2407.07619812	-274.060709208	33.2918714537
18.45	2273.5194574	-272.141187577	31.4446703359
18.5	2391.87601354	-273.850126254	33.0816402232
18.55	2302.59396168	-272.60731851	31.8467949798
18.6	2718.38940312	-278.411237039	37.5975927312
18.65	2200.09511926	-271.270035569	30.4291504995
18.7	2511.29525115	-275.666355974	34.7333078815
18.75	2483.41750811	-275.24147826	34.3477354438
18.8	2259.929123	-271.959833447	31.2567046761
18.85	2263.90271043	-272.021049529	31.3116627045
18.9	2494.96128375	-275.345153916	34.507395489
18.95	2341.79392237	-273.233768392	32.3889631311
19.0	2302.69536271	-272.651381346	31.8481974407
19.05	2558.79383275	-276.269998033	35.3902528815
19.1	2517.11719502	-275.613886662	34.8138302211
19.15	2529.47972668	-275.772708959	34.984814345
19.2	2510.46003213	-275.635425172	34.7217561059
19.25	2367.16526076	-273.445583061	32.7398699021
19.3	2157.04340258	-270.560067623	29.8337093503
19.35	2534.67888616	-275.897482552	35.056723057
19.4	2507.99861164	-275.521177859	34.6877126075
19.45	2306.8342393	-272.766445139	31.905441556
19.5	2672.39768906	-277.847316841	36.9614889662
19.55	2606.53672766	-276.826616397	36.0505769383
19.6	2368.59885864	-273.510846975	32.7596977565
19.65	2433.96062289	-274.455944461	33.6637054714
19.7	2588.08500505	-276.795865529	35.7953742249
19.75	2453.05487688	-274.85686118	33.9277949297
19.8	2464.35656369	-274.985877075	34.0841066845
19.85	2420.05235415	-274.294356861	33.4713425144
19.9	2528.88447754	-275.740792434	34.9765815529
19.95	2336.31258634	-272.956687944	32.3131516821
20.0	2507.27617946	-275.444664261	34.677720768
20.05	2562.67471865	-276.215939472	35.4439287703
20.1	2350.9757843	-273.270885043	32.5159559398
20.15	2434.91548383	-274.542236527	33.6769119946
20.2	2338.52146823	-273.083351536	32.3437023609
20.25	2352.788807	-273.321214465	32.5410315559
20.3	2301.01305117	-272.627029339	31.8249296689
20.35	2350.66740883	-273.224087411	32.5116908498
20.4	2339.58566932	-273.257042031	32.3584211497
20.45	2267.58905065	-272.20770569	31.3626478642
20.5	2487.28814743	-275.206827281	34.4012696139
20.55	2315.12719547	-272.802148748	32.0201400566
20.6	2303.42563672	-272.792980102	31.8582977393
20.65	2299.37202879	-272.687008206	31.8022329607
20.7	2462.50702992	-274.817425871	34.0585260899
20.75	2411.87255191	-274.091911254	33.358209027
20.8	2144.13869648	-270.362584928	29.6552265017
20.85	2461.27816579	-274.844968841	34.041529874
20.9	2473.84541915	-274.956754426	34.2153454697
20.95	2633.10067993	-277.27559968	36.4179785539
21.0	2235.97052642	-271.602264725	30.9253373026
21.05	2596.94203016	-276.687059593	35.9178742694
21.1	2361.19578046	-273.420811881	32.6573070108
21.15	2575.26384013	-276.490467614	35.6180468204
21.2	2286.35744721	-272.349444812	31.6222304426
21.25	2548.45263015	-276.022915236	35.2472254245
21.3	2235.19302801	-271.624025422	30.9145838511
21.35	2396.87937136	-273.977901875	33.1508408349
21.4	2509.10805054	-275.429688275	34.7030570729
21.45	2692.72063158	-277.960163232	37.2425722116
21.5	2528.22010631	-275.767275445	34.9673927447
21.55	2645.19259364	-277.322986919	36.585219806
21.6	2392.52175927	-273.85242669	33.0905714252
21.65	2192.48479473	-271.042374556	30.3238933639
21.7	2484.46034367	-275.170997738	34.3621587293
21.75	2272.98783049	-272.157794648	31.4373174923
21.8	2321.73513751	-272.793091908	32.1115334064
21.85	2561.59395817	-276.245241589	35.4289809515
21.9	2530.46212968	-275.821428151	34.9984017978
21.95	2359.10184652	-273.370581712	32.6283461578
22.0	2415.3959019	-274.067471743	33.406939896
22.05	2934.2090523	-281.455284954	40.5825584848
22.1	2553.20419211	-276.197437263	35.3129434894
22.15	2619.72862649	-277.088233786	36.233031902
22.2	2409.52944631	-274.055360909	33.3258019224
22.25	2434.91436682	-274.436772003	33.6768965454
22.3	2687.46768293	-278.015569837	37.1699195506
22.35	2559.44073401	-276.228625952	35.3992000655
22.4	2511.62192431	-275.502501433	34.7378260438
22.45	2701.57711121	-278.207294927	37.3650647117
22.5	2567.99262879	-276.360381626	35.517479903
22.55	2300.07143904	-272.509517957	31.8119063878
22.6	2325.56209266	-272.982055491	32.164463388
22.65	2323.68730741	-273.005691021	32.1385335443
22.7	2258.21440396	-271.969192589	31.2329886816
22.75	2202.28201337	-271.195204956	30.459397069
22.8	2149.0354316	-270.426466596	29.7229524326
22.85	2569.97592079	-276.315777957	35.5449104856
22.9	2509.98436052	-275.554573302	34.7151771708
22.95	2495.90834849	-275.502502282	34.5204941843
23.0	2407.41123388	-274.093870955	33.2965052777
23.05	2346.48529994	-273.24397382	32.4538487958
23.1	2398.63735633	-273.891286178	33.1751552333
23.15	2329.94955118	-272.973093886	32.2251455987
23.2	2427.24259558	-274.364093206	33.5707895505
23.25	2249.29836274	-271.794531118	31.109672395
23.3	2551.61266957	-276.005416517	35.2909314052
23.35	2492.83267866	-275.214672769	34.4779551052
23.4	2350.16292103	-273.234112309	32.5047133627
23.45	2387.2623547	-273.819268815	33.0178294734
23.5	2443.21201291	-274.709130467	33.7916599115
23.55	2530.29959287	-275.778733329	34.9961537782
23.6	2523.78311035	-275.75206041	34.9060253899
23.65	2476.76931125	-275.076499059	34.2557853363
23.7	2438.12046788	-274.538173141	33.7212395971
23.75	2351.98319029	-273.326984333	32.5298892048
23.8	2375.92005823	-273.628195143	32.8609560531
23.85	2514.53383415	-275.585310881	34.7781001856
23.9	2615.24424756	-276.926265768	36.1710092011
23.95	2439.09791222	-274.57101757	33.7347584677
24.0	2451.60906865	-274.713803434	33.907798196
24.05	2324.16039298	-272.913189984	32.1450767124
24.1	2343.80906251	-273.126016926	32.4168342
24.15	2522.96094923	-275.743860733	34.8946542159
24.2	2187.71575853	-271.089755833	30.2579336155
24.25	2458.57837345	-274.880145729	34.0041894941
24.3	2610.02907593	-277.014926165	36.0988790277
24.35	2179.84030173	-270.924851619	30.1490094795
24.4	2337.94994255	-273.050464581	32.3357976841
24.45	2293.63022183	-272.476379884	31.7228189815
24.5	2630.85748576	-277.185806316	36.3869533077
24.55	2286.6317331	-272.33714321	31.6260240452
24.6	2371.75055071	-273.644526125	32.8032882865
24.65	2316.68637047	-272.81671943	32.0417047473
24.7	2544.95477385	-276.038706644	35.1988471543
24.75	2529.20512289	-275.766909758	34.9810163455
24.8	2573.82401948	-276.374942756	35.5981329
24.85	2653.44244796	-277.528520391	36.6993221721
24.9	2551.90467958	-276.117744719	35.2949701472
24.95	2661.47188481	-277.63287733	36.8103759807
25.0	2203.67132603	-271.121763628	30.4786124219
25.05	2391.76121628	-273.82517321	33.0800524814
25.1	2540.71922156	-275.945750261	35.1402659336
25.15	2449.05638258	-274.681157288	33.8724924186
25.2	2054.16663761	-269.059949195	28.410837886
25.25	2914.05034078	-281.166835332	40.303746691
25.3	2192.4757686	-270.965587174	30.3237685249
25.35	2172.9810731	-270.618321293	30.0541406265
25.4	2393.744572	-273.820570876	33.1074839452
25.45	2329.10921238	-273.007046701	32.2135230121
25.5	2294.98031878	-272.500791929	31.7414919483
25.55	2504.62242064	-275.47903858	34.6410170701
25.6	2404.65944077	-274.082957705	33.2584456838
25.65	2539.53960967	-275.978233933	35.1239509173
25.7	2465.8330371	-274.94328482	34.1045275433
25.75	2410.94039827	-274.137836692	33.3453165648
25.8	2544.91553713	-276.055840483	35.1983044778
25.85	2446.19367441	-274.658663288	33.832898777
25.9	2430.2586452	-274.445030999	33.6125040323
25.95	2306.53683866	-272.60747814	31.901328257
26.0	2553.49382546	-276.045387707	35.3169493601
26.05	2449.1115713	-274.565636349	33.8732557246
26.1	2328.33103231	-272.904773813	32.2027601329
26.15	2371.19592926	-273.572313017	32.7956174093
26.2	2593.39767333	-276.660838517	35.8688528582
26.25	2602.21183756	-276.798412156	35.9907601011
26.3	2483.12352395	-275.104864145	34.3436693975
26.35	2581.02683897	-276.57066911	35.697753901
26.4	2350.79436002	-273.241268297	32.5134466906
26.45	2419.06256697	-274.183887442	33.4576529323
26.5	2402.07961028	-273.955047605	33.2227644765
26.55	2355.33528348	-273.3818537	32.5762514495
26.6	2282.00196572	-272.34821393	31.5619905009
26.65	2443.08210768	-274.559507911	33.7898632139
26.7	2710.18258705	-278.236133982	37.48408562
26.75	2566.37101815	-276.218389622	35.4950516754
26.8	2377.92122732	-273.619236261	32.8886338907
26.85	2398.04103898	-273.967579098	33.1669076671
26.9	2458.43475406	-274.79791396	34.0022031183
26.95	2516.06596148	-275.575648195	34.7992907844
27.0	2159.94990801	-270.661013825	29.8739087446
27.05	2509.31372079	-275.612913392	34.705901664
27.1	2547.88286771	-276.10550737	35.2393451347
27.15	2548.26823849	-275.994950233	35.244675134
27.2	2597.47147359	-276.751425041	35.9251969136
27.25	2254.51402904	-271.92763745	31.1818094101
27.3	2679.26932409	-277.845271165	37.0565294099
27.35	2441.33928244	-274.440796609	33.7657584872
27.4	2256.18309607	-271.826173958	31.2048939992
27.45	2431.59522627	-274.40634323	33.6309900632
27.5	2510.93205232	-275.55920774	34.7282845388
27.55	2443.42200168	-274.508307401	33.7945642314
27.6	2504.33892637	-275.352710285	34.6370961079
27.65	2320.92365838	-272.819351398	32.1003099732
27.7	2436.5763119	-274.434255371	33.6998826321
27.75	2289.33057162	-272.414602905	31.663351233
27.8	2460.1994838	-274.802891967	34.0266108024
27.85	2416.75384582	-274.173627507	33.4257213931
27.9	2445.93265978	-274.618463504	33.8292887269
27.95	2572.44475799	-276.352003484	35.5790565632
28.0	2619.99367259	-277.034853968	36.2366977105
28.05	2603.23262379	-276.869134678	36.0048784259
28.1	2573.78557217	-276.405270609	35.5976011416
28.15	2406.75125297	-274.042562825	33.2873771913
28.2	2426.76800061	-274.353186576	33.5642255062
28.25	2372.96281035	-273.672006981	32.8200548485
28.3	2336.99952913	-273.109833206	32.3226526738
28.35	2545.36004366	-276.036996307	35.2044523739
28.4	2363.813152	-273.462579943	32.6935074421
28.45	2411.44814633	-274.148386572	33.3523391439
28.5	2225.21369045	-271.513421297	30.7765612893
28.55	2389.19481766	-273.809593934	33.0445570479
28.6	2410.36461189	-274.129018455	33.3373529589
28.65	2247.76671073	-271.838304565	31.0884883703
28.7	2392.94398317	-273.879518789	33.0964111339
28.75	2382.99707595	-273.820699677	32.9588371108
28.8	2197.5211544	-271.080705586	30.3935504187
28.85	2479.38607645	-275.115496337	34.2919773815
28.9	2454.43579419	-274.871432682	33.9468941679
28.95	2505.53559986	-275.490742092	34.6536471003
29.0	2469.87749612	-275.020764012	34.1604657848
29.05	2406.92172272	-274.04799655	33.2897349301
29.1	2583.18551614	-276.489400195	35.7276102068
29.15	2292.06033389	-272.378079049	31.7011061219
29.2	2400.03650079	-273.971914231	33.1945065682
29.25	2228.0312105	-271.4664425	30.8155299416
29.3	2603.29592516	-276.827065547	36.0057539368
29.35	2357.10459033	-273.471868307	32.600722439
29.4	2628.72836343	-277.209283038	36.35750577
29.45	2355.21663853	-273.373267032	32.5746104908
29.5	2427.77534539	-274.527503858	33.5781579247
29.55	2396.49163176	-273.995792188	33.1454780728
29.6	2418.12329976	-274.201171565	33.4446620834
29.65	2323.29425997	-272.853103302	32.1330973703
29.7	1971.23346307	-267.91171884	27.2638029112
29.75	2344.35346441	-273.217268058	32.4243637323
29.8	2270.58888137	-272.105250817	31.4041380251
29.85	2323.38160603	-272.846119813	32.1343054393
29.9	2142.85067456	-270.273028529	29.6374120843
29.95	2474.23859713	-275.097069928	34.2207834491
30.0	2179.5303797	-270.973333585	30.1447229993
30.05	2464.66204372	-274.936493573	34.0883317281
30.1	2457.11484066	-274.88188317	33.9839476151
30.15	2436.3084457	-274.445427487	33.6961778191
30.2	2536.88310989	-275.866464553	35.0872093096
30.25	2389.91105173	-273.775636001	33.0544631624
30.3	2230.27449912	-271.510731158	30.8465564942
30.35	2501.57727927	-275.326040268	34.5989002251
30.4	2421.62129517	-274.158513409	33.4930422773
30.45	2287.53991337	-272.452728936	31.6385849358
30.5	2515.2934972	-275.712884894	34.7886069591
30.55	2527.44187556	-275.823076478	34.9566291643
30.6	2495.07719377	-275.305077837	34.5089986212
30.65	2460.65720833	-274.737979108	34.0329415144
30.7	2587.55867623	-276.600518114	35.7880946583
30.75	2180.0209589	-270.95389807	30.1515081187
30.8	2515.45218242	-275.675409878	34.7908017081
30.85	2290.94110705	-272.45184184	31.6856262813
30.9	2618.9893929	-277.059610622	36.2228076848
30.95	2564.46481239	-276.337652253	35.4686872598
31.0	2501.39684248	-275.359975944	34.5964046338
31.05	2302.34181058	-272.590865117	31.8433075199
31.1	2796.55387252	-279.505177254	38.6786725365
31.15	2328.63917339	-272.94706328	32.2070219809
31.2	2270.82028056	-272.160774417	31.4073384689
31.25	2374.37834421	-273.60019613	32.8396328624
31.3	2661.21517877	-277.656698756	36.806825522
31.35	2464.04872652	-274.775873599	34.0798490397
31.4	2578.59839456	-276.430309908	35.6641664895
31.45	2416.21887612	-274.129728911	33.4183223159
31.5	2567.80082986	-276.39392815	35.5148271639
31.55	2371.63060228	-273.642217669	32.8016292997
31.6	2396.28157117	-273.98958737	33.1425727597
31.65	2296.3965405	-272.641496818	31.761079476
31.7	2423.5621183	-274.346751335	33.5198854801
31.75	2275.5323879	-272.187753154	31.4725108436
31.8	2372.33338547	-273.507200549	32.8113493774
31.85	2464.64801047	-274.846852189	34.0881376366
31.9	2360.43516322	-273.534539486	32.6467870398
31.95	2592.58629911	-276.751560562	35.8576308761
32.0	2567.22747812	-276.319405258	35.5068972311
32.05	2618.25200292	-277.006375618	36.2126089663
32.1	2510.98082971	-275.438308254	34.7289591708
32.15	2299.0666733	-272.59644991	31.7980096396
32.2	2504.56748629	-275.511170332	34.6402572823
32.25	2409.06585608	-274.131742909	33.3193900828
32.3	2490.89042092	-275.239603271	34.4510920607
32.35	2312.2227061	-272.697823069	31.9799685461
32.4	2492.20761672	-275.255933631	34.4693099772
32.45	2322.92594054	-272.923115084	32.1280032055
32.5	2395.79235758	-273.993396144	33.1358065277
32.55	2222.7968798	-271.502824573	30.7431347824
32.6	2539.25088229	-275.942654621	35.1199575768
32.65	2712.02753622	-278.316018194	37.5096028058
32.7	2383.32860724	-273.792598843	32.9634224651
32.75	2307.34237525	-272.748770687	31.9124695
32.8	2543.42832234	-275.943282113	35.1777350569
32.85	2339.87499153	-272.914054137	32.3624227171
32.9	2361.29214937	-273.484160123	32.6586398731
32.95	2040.5773421	-268.933675821	28.2228865948
33.0	2271.23302542	-272.176878622	31.4130470746
33.05	2505.60716165	-275.405553522	34.6546368596
33.1	2464.20486009	-274.869552431	34.0820084972
33.15	2459.91636609	-274.792161282	34.0226950484
33.2	2617.40984509	-277.063030379	36.2009612212
33.25	2495.21777292	-275.358507628	34.5109429481
33.3	2284.99825466	-272.362519588	31.6034316759
33.35	2410.9413866	-274.116216672	33.3453302342
33.4	2485.10647153	-275.087056126	34.3710952165
33.45	2571.82688772	-276.344679772	35.570510902
33.5	2241.12170885	-271.702037347	30.9965824519
33.55	2309.51786264	-272.662794604	31.942558305
33.6	2263.84831238	-271.946345258	31.310910334
33.65	2335.90303003	-273.040906153	32.3074871767
33.7	2457.66260446	-274.760951043	33.9915236453
33.75	2511.72469214	-275.536310399	34.7392474087
33.8	2180.08068796	-270.840068943	30.1523342215
33.85	2651.06863445	-277.504034739	36.6664903512
33.9	2547.68458632	-276.175111184	35.2366027377
33.95	2531.06406332	-275.829186877	35.0067270422
34.0	2341.5173964	-273.174923963	32.3851385462
34.05	2465.77853225	-274.866776891	34.1037736957
34.1	2564.09701116	-276.326888443	35.4636002621
34.15	2381.78059739	-273.68734473	32.9420121978
34.2	2275.28055667	-272.178018039	31.4690278076
34.25	2209.13223738	-271.229009252	30.5541413806
34.3	2489.99903267	-275.286459678	34.4387634178
34.35	2413.72429096	-274.270622081	33.3838201226
34.4	2264.81003853	-272.02044222	31.3242118089
34.45	2727.40141301	-278.532227929	37.7222363445
34.5	2298.01980051	-272.460481106	31.7835305158
34.55	2343.58028805	-273.24338567	32.4136700583
34.6	2545.27878252	-276.012067414	35.2033284645
34.65	2289.66843659	-272.362406053	31.6680241872
34.7	2338.8547836	-273.02303559	32.3483123906
34.75	2272.63938918	-272.172157064	31.4324982584
34.8	2628.50634217	-277.167442952	36.3544350309
34.85	2668.91893336	-277.707501743	36.9133748733
34.9	2322.58257062	-272.720354964	32.1232541131
34.95	2620.84817699	-277.026892594	36.2485162191
35.0	2663.30909603	-277.632102089	36.8357861441
35.05	2436.20003093	-274.401443276	33.6946783524
35.1	2474.75380757	-275.031080418	34.2279092393
35.15	2557.40591912	-276.258181308	35.3710568784
35.2	2458.55763523	-274.846826892	34.0039026673
35.25	2499.52131555	-275.482191379	34.570464532
35.3	2765.49568742	-279.084392917	38.2491119323
35.35	2390.46287974	-273.925066987	33.0620954041
35.4	2212.89713374	-271.368072076	30.6062130374
35.45	2545.64621976	-276.047334084	35.208410428
35.5	2703.05477371	-278.258074759	37.3855020165
35.55	2623.70836274	-277.110883226	36.2880749736
35.6	2484.12930878	-275.247254368	34.3575802407
35.65	2566.54424857	-276.236552393	35.4974475966
35.7	2418.07352814	-274.116532437	33.4439737003
35.75	2474.03007982	-275.064028662	34.2178994808
35.8	2517.18569639	-275.618647273	34.8147776522
35.85	2350.96059231	-273.319131032	32.5157458219
35.9	2498.00970274	-275.34007976	34.5495576661
35.95	2378.37582322	-273.688386885	32.8949213312
36.0	2520.5665149	-275.68890218	34.8615371919
36.05	2279.40314836	-272.30861509	31.5260466893
36.1	2449.00290479	-274.721670528	33.8717527762
36.15	2043.91520109	-268.968629294	28.2690519686
36.2	2451.36257395	-274.652358242	33.9043889687
36.25	2498.61960937	-275.449730594	34.5579931835
36.3	2391.9259416	-273.936111024	33.0823307699
36.35	2521.62921849	-275.609329466	34.876235269
36.4	2576.3283495	-276.445144369	35.6327698729
36.45	2552.73817272	-276.171984188	35.3064980525
36.5	2545.34153566	-276.129294657	35.2041963929
36.55	2812.51776041	-279.80661949	38.8994664207
36.6	2353.59846579	-273.317541931	32.5522298122
36.65	2154.36791539	-270.488846092	29.796705131
36.7	2346.96551696	-273.232454595	32.4604905977
36.75	2463.38968374	-274.804556104	34.0707339284
36.8	2361.09420643	-273.467314204	32.6559021572
36.85	2448.67843684	-274.629315002	33.8672651137
36.9	2519.5658567	-275.700047655	34.8476972545
36.95	2387.74573058	-273.806357086	33.0245149649
37.0	2265.30179893	-272.096956883	31.3310132653
37.05	2217.84727849	-271.332024272	30.6746776679
37.1	2446.4385899	-274.518399527	33.8362861624
37.15	2483.56857876	-275.100440427	34.3498248768
37.2	2236.88889661	-271.631482887	30.9380391283
37.25	2357.76324777	-273.332175794	32.6098322207
37.3	2594.28358589	-276.653511302	35.8811057679
37.35	2340.66727487	-273.085100894	32.3733806565
37.4	2386.6449905	-273.740319263	33.0092908116
37.45	2324.77821222	-272.947315689	32.1536216677
37.5	2197.7283959	-271.100611071	30.3964167415
37.55	2365.02432372	-273.530160487	32.7102589572
37.6	2482.51782425	-275.199567874	34.3352920656
37.65	2362.22715862	-273.415385645	32.671571831
37.7	2198.38825055	-271.18465873	30.4055430816
37.75	2633.74829122	-277.334128326	36.4269355583
37.8	2378.71556735	-273.746874536	32.8996202758
37.85	2431.8119212	-274.478107602	33.6339871349
37.9	2622.01802321	-277.05051976	36.264696168
37.95	2158.90766758	-270.481498541	29.8594936902
38.0	2318.14198134	-272.766591562	32.0618370596
38.05	2467.10631358	-274.880939577	34.1221380189
38.1	2324.92381371	-272.925663555	32.1556354577
38.15	2355.18919161	-273.315551066	32.5742308771
38.2	2346.49747215	-273.185460322	32.4540171476
38.25	2382.7520016	-273.704004721	32.9554475281
38.3	2468.832381	-274.910571818	34.146010971
38.35	2271.31615565	-272.206874722	31.414196835
38.4	2234.39897945	-271.728003587	30.9036014972
38.45	2559.45913303	-276.212371154	35.3994545393
38.5	2495.28128293	-275.26394027	34.5118213445
38.55	2205.67518642	-271.201730969	30.5063274824
38.6	2578.98771581	-276.490574361	35.6695511271
38.65	2178.02872082	-270.745059667	30.1239538045
38.7	2465.99215873	-274.874201307	34.1067283281
38.75	2690.06628181	-278.012486601	37.2058603404
38.8	2464.08049862	-274.846706896	34.0802884744
38.85	2197.61166757	-271.129122826	30.3948022913
38.9	2512.09708839	-275.518879908	34.7443979593
38.95	2225.70467678	-271.474262342	30.7833520398
39.0	2295.62483085	-272.500130244	31.7504060879
39.05	2273.64662408	-272.109479159	31.4464291572
39.1	2434.44150138	-274.467080294	33.670356422
39.15	2559.36760857	-276.169976771	35.3981886796
39.2	2482.65900017	-275.125302871	34.3372446463
39.25	2535.94404862	-275.953999959	35.074221309
39.3	2711.60288482	-278.49142012	37.5037295228
39.35	2579.64496432	-276.575233193	35.6786414221
39.4	2582.88393629	-276.537275297	35.7234391059
39.45	2389.91569407	-273.852834545	33.0545273699
39.5	2603.91081733	-276.878839751	36.0142584083
39.55	2601.16145832	-276.749409421	35.9762324801
39.6	2377.23829225	-273.633065941	32.8791883292
39.65	2678.93097123	-277.881321308	37.0518497077
39.7	2438.35589851	-274.45427194	33.7244957991
39.75	2445.59960798	-274.646481243	33.8246823428
39.8	2361.34380236	-273.474922207	32.659354277
39.85	2327.8157111	-272.886854686	32.1956328107
39.9	2364.58938017	-273.474367686	32.7042433252
39.95	2573.98681281	-276.428188771	35.6003844675
40.0	2338.88054611	-273.120089675	32.3486687075
40.05	2579.94306862	-276.599703643	35.6827644532
40.1	2558.17632778	-276.184761355	35.3817122727
40.15	2425.49546657	-274.274658783	33.5466252991
40.2	2555.0592266	-276.165634339	35.3386001637
40.25	2494.84271257	-275.33748954	34.5057555507
40.3	2419.76385808	-274.262457056	33.4673523732
40.35	2739.31954176	-278.746450047	37.8870740055
40.4	2540.73356339	-275.918907466	35.140464293
40.45	2408.02835367	-274.100411844	33.3050405591
40.5	2837.96681209	-280.192516113	39.2514480314
40.55	2417.1097068	-274.201914435	33.4306432473
40.6	2404.74212558	-273.997585211	33.2595892837
40.65	2553.68612496	-276.167078587	35.3196090227
40.7	2386.9459139	-273.835910873	33.0134528332
40.75	2487.33966515	-275.183187573	34.4019821468
40.8	2492.59439346	-275.215419534	34.4746594221
40.85	2522.55251876	-275.631697961	34.8890052817
40.9	2347.64181696	-273.243835849	32.4698443907
40.95	2357.03644559	-273.41948961	32.5997799404
41.0	2491.29497912	-275.280056772	34.456687438
41.05	2303.97144358	-272.62735412	31.8658467034
41.1	2207.67223707	-271.319147633	30.5339483586
41.15	2433.47277867	-274.399773058	33.6569581789
41.2	2469.93643646	-274.858202332	34.1612809788
41.25	2447.18465556	-274.629422513	33.8466048728
41.3	2496.234351	-275.340628269	34.5250030708
41.35	2375.30874941	-273.617552032	32.8525011423
41.4	2395.0087969	-273.874417997	33.12496923
41.45	2331.39383836	-273.030854911	32.245121295
41.5	2573.04339103	-276.439891694	35.5873361574
41.55	2514.51509033	-275.458580887	34.777840943
41.6	2094.89538508	-269.58979342	28.9741504335
41.65	2286.53731145	-272.27808826	31.624718115
41.7	2362.66223127	-273.31537831	32.6775892485
41.75	2518.51334031	-275.577121003	34.8331400749
41.8	2392.99596172	-273.927430004	33.0971300407
41.85	2279.68054201	-272.277232949	31.5298832747
41.9	2467.69972235	-274.902203858	34.1303453572
41.95	2353.22474106	-273.361665168	32.5470608876
42.0	2164.63846274	-270.651244389	29.9387553671
42.05	2435.73167286	-274.449553538	33.6882005696
42.1	2360.50323858	-273.485148211	32.647728579
42.15	2287.56737458	-272.400970339	31.6389647473
42.2	2340.57897941	-273.09779678	32.3721594567
42.25	2303.63296282	-272.581183473	31.8611652322
42.3	2233.05339586	-271.631467711	30.8849909539
42.35	2648.5436175	-277.533899653	36.6315672609
42.4	2330.3952768	-273.002246304	32.2313103557
42.45	2306.9781306	-272.625756683	31.9074316927
42.5	2412.25489732	-274.135050835	33.3634971829
42.55	2532.6638314	-275.852355215	35.028853169
42.6	2163.27678061	-270.704420082	29.9199221674
42.65	2344.19246984	-273.225027439	32.4221370432
42.7	2346.93584894	-273.33067193	32.4600802642
42.75	2770.86447551	-279.260469689	38.3233667494
42.8	2182.85670291	-270.909912152	30.1907288236
42.85	2367.84521465	-273.446264259	32.7492742315
42.9	2412.25698375	-274.078100974	33.3635260401
42.95	2303.2953947	-272.575847948	31.8564963836
43.0	2297.7738751	-272.47134727	31.7801291622
43.05	2288.44022705	-272.360145013	31.6510370249
43.1	2474.54888466	-274.994478908	34.2250749845
43.15	2529.79500479	-275.86111423	34.9891749043
43.2	2043.83867719	-268.934735916	28.2679935792
43.25	2409.28133216	-274.034549613	33.3223702967
43.3	2353.36562433	-273.333703697	32.5490094206
43.35	2402.55181811	-274.133426149	33.2292955046
43.4	2218.48545964	-271.462992468	30.6835042455
43.45	2403.96681199	-274.184538857	33.2488660501
43.5	2251.32363875	-272.028552355	31.1376836515
43.55	2494.22160425	-275.343911212	34.4971651046
43.6	2621.87230184	-277.196501487	36.2626807199
43.65	2461.58955613	-274.863901353	34.0458366621
43.7	2297.21581496	-272.48697021	31.7724107251
43.75	2281.01283012	-272.351985542	31.5483099306
43.8	2326.11091668	-272.965046604	32.1720540819
43.85	2222.36224734	-271.382203337	30.7371234529
43.9	2414.75041497	-274.113667461	33.3980122735
43.95	2395.15409885	-273.795417968	33.1269788772
44.0	2612.77920363	-276.974873123	36.1369155875
44.05	2347.80698564	-273.306749165	32.4721288113
44.1	2383.48940501	-273.784029674	32.9656464323
44.15	2633.33144408	-277.351114161	36.4211702146
44.2	2504.03226296	-275.583124499	34.6328546972
44.25	2221.51123193	-271.628314372	30.7253532
44.3	2178.81476633	-270.843602986	30.1348254696
44.35	2572.01512648	-276.416451955	35.5731144011
44.4	2319.00130472	-272.81341339	32.0737222187
44.45	2366.23891335	-273.463655281	32.7270577448
44.5	2363.02103287	-273.407849562	32.6825517739
44.55	2434.84529909	-274.438239995	33.6759412812
44.6	2657.54114848	-277.627304358	36.7560106188
44.65	2369.50829709	-273.496529866	32.7722760488
44.7	2452.530342	-274.711402939	33.9205401748
44.75	2105.44877212	-269.87549976	29.1201125784
44.8	2375.57207015	-273.687324864	32.8561430877
44.85	2496.38854856	-275.368401648	34.5271357517
44.9	2459.39571161	-274.840093389	34.0154939627
44.95	2316.15738286	-272.817865015	32.0343884074
45.0	2223.77051248	-271.543251559	30.7566009343
45.05	2444.42201156	-274.65233353	33.8083952021
45.1	2589.49405507	-276.695523092	35.8148625618
45.15	2429.12236983	-274.386743143	33.5967883962
45.2	2371.15740318	-273.559784457	32.7950845615
45.25	2406.17925907	-274.092163178	33.2794660386
45.3	2064.20406955	-269.187793571	28.5496639415
45.35	2302.10280109	-272.457020883	31.8400018193
45.4	2479.75526841	-275.070636271	34.2970836141
45.45	2419.59319952	-274.308428172	33.464992023
45.5	2495.92347722	-275.321425157	34.5207034272
45.55	2272.01398055	-272.100678064	31.4238483354
45.6	2166.71700499	-270.716727951	29.9675033399
45.65	2295.45263959	-272.428279647	31.7480245391
45.7	2318.99066602	-272.816941179	32.0735750766
45.75	2190.39014443	-270.937366641	30.2949226031
45.8	2405.09347071	-274.011269366	33.26444868
45.85	2522.58288701	-275.722302255	34.8894253
45.9	2374.65250125	-273.565570507	32.8434246829
45.95	2441.13854697	-274.595968014	33.7629821483
46.0	2267.19614119	-272.121946278	31.3572135987
46.05	2377.29578714	-273.591136375	32.8799835313
46.1	2660.09463315	-277.541415587	36.7913274415
46.15	2583.45988286	-276.581513296	35.7314049273
46.2	2259.57651124	-271.972449626	31.2518277614
46.25	2342.09286881	-273.092834228	32.3930978098
46.3	2658.15040893	-277.567664701	36.7644371989
46.35	2216.13808961	-271.291617543	30.6510381601
46.4	2431.61026726	-274.429193737	33.6311980927
46.45	2285.22891088	-272.394492257	31.6066218439
46.5	2355.74801383	-273.332891124	32.5819598545
46.55	2330.44518325	-272.917924465	32.2320006036
46.6	2391.20236223	-273.854345532	33.0723230638
46.65	2495.41455357	-275.273789845	34.5136645886
46.7	2530.6824625	-275.70442887	35.0014491845
46.75	2233.84352714	-271.576128342	30.8959191286
46.8	2075.4816858	-269.431802533	28.7056427803
46.85	2551.92052877	-276.038699612	35.2951893547
46.9	2530.45923375	-275.773840591	34.9983617447
46.95	2438.04881399	-274.403021028	33.7202485641
47.0	2576.78118014	-276.385857415	35.6390328983
47.05	2539.93790203	-275.753786113	35.1294596327
47.1	2403.55590376	-273.923833742	33.2431828466
47.15	2352.50621224	-273.233550238	32.5371230347
47.2	2551.07650386	-276.064385072	35.2835157862
47.25	2400.21436296	-273.947573497	33.1969665503
47.3	2520.97076232	-275.629885755	34.867128271
47.35	2355.95979337	-273.253234635	32.5848889422
47.4	2322.81301966	-272.874450971	32.1264414155
47.45	2341.82635013	-273.148411325	32.3894116341
47.5	2442.20186274	-274.568633991	33.7776886921
47.55	2478.96610818	-275.070231306	34.28616887
47.6	2042.78812126	-269.004892437	28.2534635145
47.65	2412.75661701	-274.121713248	33.3704363848
47.7	2516.50615981	-275.66681706	34.8053790945
47.75	2282.46706324	-272.39958676	31.5684231875
47.8	2458.49994828	-274.819137124	34.0031048087
47.85	2319.30667299	-272.876069063	32.0779457166
47.9	2319.10969604	-272.812025852	32.075221361
47.95	2267.4998898	-272.017520049	31.3614146953
48.0	2490.25913574	-275.302270373	34.4423608601
48.05	2557.45928496	-276.215484599	35.3717949725
48.1	2286.9591811	-272.305140179	31.6305529242
48.15	2360.67219775	-273.443615262	32.6500654251
48.2	2393.54755892	-273.976678606	33.10475909
48.25	2421.45302751	-274.296474884	33.4907149952
48.3	2508.00955509	-275.403014539	34.6878639645
48.35	2324.40797241	-272.922243981	32.1485009423
48.4	2420.33936412	-274.374862582	33.4753121018
48.45	2431.38224392	-274.452789241	33.6280443398
48.5	2455.3207112	-274.733003417	33.9591333082
48.55	2485.89692472	-275.188263454	34.3820278434
48.6	2507.28648644	-275.493962831	34.677863322
48.65	2498.10222646	-275.389192734	34.5508373464
48.7	2456.68366595	-274.792310848	33.9779841092
48.75	2590.90383771	-276.65681002	35.8343610316
48.8	2568.33116688	-276.263943004	35.5221621672
48.85	2373.7729337	-273.550923149	32.83125953
48.9	2355.42802044	-273.405849605	32.5775340791
48.95	2215.96726005	-271.329321435	30.6486754449
49.0	2722.33670052	-278.568889686	37.6521871465
49.05	2657.53852199	-277.561455704	36.7559742922
49.1	2585.85473292	-276.558752723	35.7645277011
49.15	2363.86915475	-273.431617212	32.6942820068
49.2	2487.37789351	-275.175114203	34.402510877
49.25	2443.36329907	-274.621333415	33.7937523253
49.3	2562.89093591	-276.255828821	35.4469192355
49.35	2676.93023668	-277.847619203	37.0241778801
49.4	2665.32821185	-277.723759459	36.8637122
49.45	2407.38972818	-274.181582688	33.296207836
49.5	2453.63116233	-274.730684919	33.9357654381
49.55	2623.01328997	-277.153467497	36.2784615373
49.6	2350.32245369	-273.302596817	32.5069198325
49.65	2620.92852555	-277.183263206	36.2496275067
49.7	2409.02622131	-274.093048915	33.3188419009
49.75	2200.16389886	-271.060532431	30.4301017787
49.8	2579.89772656	-276.491219604	35.6821373347
49.85	2496.12563119	-275.39110531	34.5234993851
49.9	2367.58570399	-273.573827235	32.7456849827
49.95	2411.93140078	-274.148753969	33.3590229561
50.0	2582.88989481	-276.541435472	35.7235215172
50.05	2323.51042435	-272.873223518	32.1360871041
50.1	2381.68497965	-273.732675351	32.9406897246
50.15	2554.31122109	-276.281481347	35.3282546235
50.2	2361.145583	-273.478840347	32.656612738
50.25	2457.24279784	-274.741835881	33.9857173696
50.3	2365.79692458	-273.457866175	32.7209446715
50.35	2317.66664446	-272.849664573	32.0552627542
50.4	2404.10165831	-274.036929247	33.2507310873
50.45	2474.54787875	-274.944985769	34.225061072
50.5	2379.98427737	-273.763372551	32.9171675936
50.55	2569.97807842	-276.480327489	35.5449403274
50.6	2483.96051156	-275.234771993	34.3552456343
50.65	2303.36159757	-272.674611632	31.8574120244
50.7	2420.80998539	-274.27031503	33.4818211865
50.75	2287.84838381	-272.341999127	31.6428513393
50.8	2662.16188139	-277.700423101	36.8199192089
50.85	2816.20689574	-279.833177467	38.9504902393
50.9	2397.61812229	-273.979913052	33.1610583764
50.95	2484.75549305	-275.258416625	34.3662408914
51.0	2378.94029156	-273.724079919	32.9027283992
51.05	2208.84404396	-271.278768396	30.5501554252
51.1	2297.567931	-272.443321851	31.7772807836
51.15	2426.46601089	-274.376500258	33.5600487365
51.2	2376.58133042	-273.708804583	32.8701019991
51.25	2292.12071163	-272.438058999	31.7019411964
51.3	2321.89803092	-272.836368685	32.1137863581
51.35	2324.91718478	-272.953193253	32.1555437742
51.4	2371.73558182	-273.561518035	32.8030812542
51.45	2141.08091795	-270.348062652	29.6129348743
51.5	2427.61011742	-274.423465046	33.5758726841
51.55	2402.59731346	-274.002074103	33.2299247433
51.6	2430.68104804	-274.269828465	33.6183462159
51.65	2720.98320724	-278.543481628	37.6334672056
51.7	2555.76852447	-276.225979882	35.3484103447
51.75	2299.81662714	-272.460005546	31.8083821268
51.8	2378.40194978	-273.71429061	32.8952826834
51.85	2388.74505736	-273.819683273	33.0383364878
51.9	2618.0791932	-277.036552903	36.2102188637
51.95	2458.57178379	-274.71352661	34.0040983537
52.0	2760.4237245	-278.953373766	38.1789624548
52.05	2462.41905654	-274.774451564	34.0573093447
52.1	2491.5006709	-275.299146141	34.459532327
52.15	2349.4396629	-273.293315819	32.4947100995
52.2	2690.77004387	-278.13382857	37.2155939567
52.25	2463.24543036	-274.839191667	34.0687387838
52.3	2341.8731408	-273.125085883	32.3900587881
52.35	2561.12697981	-276.253374008	35.4225222513
52.4	2290.45669831	-272.459576126	31.6789265043
52.45	2666.17567148	-277.758360593	36.8754332735
52.5	2171.08534319	-270.678454245	30.0279211007
52.55	2448.47559725	-274.57795402	33.8644596731
52.6	2170.63775738	-270.715981047	30.0217306157
52.65	2444.18600888	-274.580181551	33.8051310881
52.7	2377.40484467	-273.652751258	32.881491888
52.75	2369.27080712	-273.576438442	32.7689913644
52.8	2390.76110931	-273.876689431	33.0662201678
52.85	2374.17612298	-273.588514114	32.8368359741
52.9	2446.44262169	-274.601752739	33.8363419254
52.95	2348.97083	-273.245269006	32.4882257495
53.0	2623.36192502	-277.173371393	36.283283451
53.05	2506.4480643	-275.500547585	34.6662672446
53.1	2279.9293515	-272.227872601	31.5333245176
53.15	2164.38245098	-270.563343738	29.9352145109
53.2	2777.60431877	-279.443761585	38.4165844031
53.25	2549.83072298	-276.078237485	35.2662855977
53.3	2565.56302231	-276.29132571	35.483876419
53.35	2485.48314296	-275.30075846	34.3763048965
53.4	2385.2263341	-273.809367264	32.9896696104
53.45	2649.5129615	-277.602529643	36.6449740968
53.5	2363.94759176	-273.574323719	32.6953668561
53.55	2373.60078038	-273.591522573	32.8288785061
53.6	2404.87236289	-274.187202234	33.2613905744
53.65	2447.47238705	-274.712894627	33.8505844393
53.7	2265.73060129	-272.131119807	31.3369439595
53.75	2380.28049357	-273.624215698	32.9212645107
53.8	2382.4762562	-273.722898391	32.9516337392
53.85	2334.56195978	-273.029155328	32.2889390567
53.9	2432.46260431	-274.369093713	33.642986625
53.95	2624.4787993	-277.175330841	36.2987307538
54.0	2369.02886432	-273.479176934	32.7656450937
54.05	2361.41294198	-273.461464919	32.6603105357
54.1	2193.74036302	-271.099341472	30.3412589204
54.15	2572.78690617	-276.430206977	35.5837887579
54.2	2323.62332731	-272.943752513	32.1376486462
54.25	2381.68697321	-273.771900633	32.9407172972
54.3	2660.52381919	-277.60955375	36.7972634424
54.35	2379.91614051	-273.676927696	32.9162252041
54.4	2460.35064418	-275.019991912	34.0287014766
54.45	2589.82109639	-276.735826578	35.8193858161
54.5	2108.16897109	-269.900680986	29.1577351988
54.55	2331.69320528	-273.052730909	32.2492617892
54.6	2632.52680244	-277.33238347	36.4100413496
54.65	2270.37183824	-272.222391874	31.4011361376
54.7	2406.63356273	-274.074204968	33.2857494371
54.75	2417.62563101	-274.296975835	33.4377789094
54.8	2306.2475504	-272.666980933	31.8973271591
54.85	2455.27211138	-274.697569973	33.9584611321
54.9	2472.92757328	-275.000611987	34.2026508959
54.95	2150.44701164	-270.492150321	29.7424757619
55.0	2290.90153583	-272.41113124	31.6850789782
55.05	2458.51348071	-274.776968141	34.0032919734
55.1	2454.40912636	-274.762502056	33.9465253296
55.15	2312.05799602	-272.620816304	31.9776904682
55.2	2314.7152752	-272.634539253	32.0144428557
55.25	2511.23687916	-275.582625205	34.7325005482
55.3	2431.26536794	-274.450112741	33.6264278474
55.35	2309.40671001	-272.791236478	31.9410209714
55.4	2134.739919	-270.24771155	29.5252335701
55.45	2410.67148429	-274.131221793	33.3415972602
55.5	2522.20596422	-275.591999806	34.8842121434
55.55	2722.47391689	-278.480097111	37.6540849634
55.6	2409.57824719	-274.161398604	33.3264768792
55.65	2541.23164972	-275.935990451	35.1473532424
55.7	2331.16759995	-272.94045094	32.2419922291
55.75	2644.64911814	-277.395291198	36.5777030864
55.8	2149.39473019	-270.454112654	29.7279218318
55.85	2655.75520783	-277.566457903	36.7313095699
55.9	2603.77561823	-276.795426696	36.0123884919
55.95	2755.38927781	-279.021483931	38.1093318581
56.0	2344.4300102	-273.129226086	32.4254224245
56.05	2397.65824507	-273.799622559	33.1616133079
56.1	2624.87338783	-277.105521487	36.3041882423
56.15	2429.57396436	-274.412390553	33.6030343252
56.2	2375.69472322	-273.688779536	32.857839482
56.25	2481.10021981	-275.108113513	34.3156854138
56.3	2476.03364663	-275.115232262	34.2456104809
56.35	2338.86754138	-273.155557489	32.3484888413
56.4	2559.21164007	-276.204129505	35.3960315053
56.45	2344.47493745	-273.20098456	32.4260438058
56.5	2488.48209434	-275.153566009	34.4177828955
56.55	2600.09819237	-276.773878048	35.9615266252
56.6	2452.88730169	-274.739518615	33.9254772251
56.65	2361.92804434	-273.512705663	32.667434831
56.7	2458.35825673	-274.805260578	34.0011450964
56.75	2491.01370812	-275.245152972	34.4527972255
56.8	2585.60057228	-276.597175892	35.7610124475
56.85	2512.32985233	-275.468853826	34.7476172788
56.9	2277.79248874	-272.170843992	31.5037699233
56.95	2591.37801995	-276.662869555	35.8409193675
57.0	2391.31649832	-273.831500527	33.0739016611
57.05	2851.69115431	-280.393827825	39.4412671311
57.1	2329.51696273	-272.935727593	32.2191625396
57.15	2368.67401765	-273.45288733	32.7607372683
57.2	2313.35805633	-272.659043776	31.9956713867
57.25	2300.41915471	-272.516764921	31.8167155855
57.3	2176.88199864	-270.881807041	30.1080936803
57.35	2612.38947674	-276.962472354	36.1315253395
57.4	2428.66514246	-274.321062907	33.5904645604
57.45	2299.23115306	-272.61390099	31.8002845319
57.5	2325.99005432	-272.956568372	32.1703824546
57.55	2304.86540372	-272.62564183	31.8782109177
57.6	2368.76444501	-273.68685323	32.7619879541
57.65	2425.24249931	-274.454759575	33.5431265509
57.7	2259.54436023	-272.071627226	31.2513830861
57.75	2309.92071486	-272.755684048	31.9481300873
57.8	2296.93828778	-272.518838502	31.7685722927
57.85	2411.81614197	-274.138971246	33.3574288306
57.9	2392.98122391	-273.863572763	33.0969262045
57.95	2592.78862261	-276.67233163	35.8604291789
58.0	2413.06652743	-274.169257093	33.3747227044
58.05	2647.24414169	-277.484510111	36.6135944265
58.1	2398.55894562	-273.934117578	33.1740707479
58.15	2390.2016021	-273.808327032	33.0584817164
58.2	2267.61631259	-272.104761876	31.3630249196
58.25	2457.76605571	-274.859116609	33.9929544624
58.3	2422.26203939	-274.387667346	33.5019043043
58.35	2588.1095426	-276.749992464	35.7957135997
58.4	2308.36924421	-272.761641684	31.9266719542
58.45	2270.1457806	-272.151384564	31.398009572
58.5	2366.9824574	-273.517547774	32.7373415791
58.55	2247.14873984	-271.862420458	31.0799413174
58.6	2520.7013942	-275.743242593	34.8634026852
58.65	2598.21381664	-276.822480756	35.9354641372
58.7	2533.64665006	-275.828243952	35.0424463707
58.75	2614.0239681	-277.002173735	36.1541317184
58.8	2215.83508825	-271.325720947	30.6468473987
58.85	2544.93260308	-276.024294965	35.1985405142
58.9	2394.62936042	-273.862088913	33.1197213071
58.95	2632.95351917	-277.249172358	36.4159431979
59.0	2526.1771073	-275.784291695	34.9391363643
59.05	2437.66941682	-274.575329694	33.7150011848
59.1	2266.78707691	-272.091694826	31.3515558986
59.15	2496.39262976	-275.29513927	34.5271921981
59.2	2365.5562326	-273.480649134	32.7176157007
59.25	2512.64429587	-275.552590248	34.7519662952
59.3	2584.36492787	-276.543223994	35.7439224546
59.35	2502.98488031	-275.447706357	34.6183685216
59.4	2469.59057284	-274.947552788	34.1564973966
59.45	2578.77179219	-276.510421886	35.6665647232
59.5	2362.12213045	-273.521588273	32.6701192036
59.55	2416.46153903	-274.224267655	33.4216785464
59.6	2783.15027896	-279.350703844	38.4932896582
59.65	2400.51362756	-274.083405963	33.2011056293
59.7	2461.58552844	-274.767125945	34.0457809558
59.75	2461.14395764	-274.774338836	34.0396736634
59.8	2409.65911578	-274.115697134	33.3275953592
59.85	2374.28469266	-273.670903879	32.8383375833
59.9	2487.36782967	-275.270860095	34.4023716857
59.95	2490.66887736	-275.348166759	34.4480279285
60.0	2524.60596561	-275.723766373	34.9174061643
60.05	2386.46122259	-273.78907386	33.0067491481
60.1	2322.55359685	-272.883185987	32.1228533817
60.15	2352.46607297	-273.329823078	32.5365678751
60.2	2441.72017736	-274.502517356	33.7710265816
60.25	2324.87808973	-272.959198169	32.1550030569
60.3	2256.51096287	-272.116165117	31.2094286706
60.35	2300.84281791	-272.656090041	31.822575201
60.4	2420.94347069	-274.382010525	33.4836673994
60.45	2627.89083426	-277.231548145	36.3459220431
60.5	2324.84284454	-272.990088836	32.1545155866
60.55	2248.54650718	-271.85289029	31.0992736056
60.6	2488.99038684	-275.257055524	34.4248130046
60.65	2298.99546212	-272.562131	31.7970247296
60.7	2383.29626346	-273.745448394	32.9629751237
60.75	2465.69644311	-274.936446575	34.1026383344
60.8	2262.52676049	-272.011657794	31.2926321691
60.85	2567.56786125	-276.192383258	35.5116050137
60.9	2377.86339442	-273.700660711	32.8878340134
60.95	2526.25893956	-275.743285594	34.9402681728
61.0	2525.659478	-275.700283791	34.9319771195
61.05	2406.81553688	-274.046667739	33.2882662914
61.1	2442.14533293	-274.59551478	33.7769068377
61.15	2604.85569145	-276.85991776	36.0273268055
61.2	2572.28378651	-276.373797077	35.5768301934
61.25	2661.71703221	-277.520793798	36.8137665736
61.3	2443.23202981	-274.633980503	33.7919367619
61.35	2295.16500985	-272.599902416	31.7440463798
61.4	2553.13356944	-276.192730471	35.3119667189
61.45	2262.73166276	-271.984292108	31.2954661384
61.5	2389.0590202	-273.908299967	33.0426788558
61.55	2566.87285355	-276.381067271	35.5019924775
61.6	2267.02662305	-272.058548362	31.3548690215
61.65	2687.39012501	-278.023570045	37.1688468598
61.7	2323.70605617	-273.001771868	32.1387928553
61.75	2412.52999156	-274.266060799	33.3673019657
61.8	2624.12611685	-277.166933939	36.2938528614
61.85	2361.61493035	-273.463028121	32.6631042033
61.9	2680.47361604	-278.020267612	37.073185772
61.95	2609.12350459	-276.969185815	36.0863542208
62.0	2455.21336369	-274.819912012	33.9576486026
