# 	 t 	 T	E	K
2.05	2197.3642125	-278.167908473	30.3913797813
2.1	2412.91784175	-281.287489633	33.3726662573
2.15	2322.16183849	-280.004952507	32.1174350368
2.2	2149.0014866	-277.534427967	29.7224829449
2.25	1966.71896199	-275.015326684	27.2013635959
2.3	2089.89498154	-276.839394413	28.9049906818
2.35	2192.53986886	-278.290382869	30.324655085
2.4	2204.97870012	-278.426659253	30.4966944959
2.45	2323.36934817	-280.075249267	32.1341359029
2.5	2340.9165776	-280.364650507	32.3768287212
2.55	2324.55253923	-280.029714794	32.1505004221
2.6	2015.42293193	-275.57221839	27.874980122
2.65	2307.1666365	-279.721770888	31.9100388865
2.7	2290.21688452	-279.509707179	31.6756096796
2.75	2291.12129894	-279.480738012	31.6881184853
2.8	2178.39878541	-277.947098395	30.1290721065
2.85	2293.22256009	-279.628381404	31.7171806797
2.9	2168.78785456	-277.904341856	29.9961449167
2.95	2154.94691538	-277.601377537	29.8047131838
3.0	2314.80511955	-279.840396072	32.0156854779
3.05	2206.0059569	-278.391060179	30.510902314
3.1	2082.05296792	-276.654550395	28.7965290929
3.15	2046.02077213	-276.150683747	28.2981737723
3.2	2276.74899426	-279.397035318	31.4893375244
3.25	2488.69575222	-282.355745819	34.4207379621
3.3	2192.10189172	-278.145373584	30.3185974958
3.35	2203.10100366	-278.261444106	30.4707243879
3.4	2284.02610626	-279.521316773	31.5899860528
3.45	2341.26321784	-280.377877944	32.3816230449
3.5	2131.35024061	-277.359801196	29.4783514908
3.55	2163.31369891	-277.757866108	29.9204327783
3.6	2137.72993485	-277.494507244	29.5665879831
3.65	2171.0869404	-277.919346509	30.0279431915
3.7	2143.90653344	-277.556913059	29.6520154933
3.75	2401.56960523	-281.142473092	33.2157106812
3.8	2075.72613454	-276.548703856	28.7090237103
3.85	2170.43707198	-277.925834898	30.0189549692
3.9	2204.69829976	-278.380087632	30.4928163252
3.95	2219.89240679	-278.555416364	30.702963498
4.0	2323.01153933	-280.044146245	32.1291871082
4.05	2300.97977738	-279.737842039	31.8244694647
4.1	2194.5393263	-278.23665323	30.3523092491
4.15	2127.48434678	-277.323426673	29.4248829548
4.2	2170.25677768	-277.930042192	30.0164613487
4.25	2128.84497045	-277.217396023	29.4437015149
4.3	2223.20965355	-278.514462137	30.7488437876
4.35	2214.81308321	-278.453846381	30.6327122165
4.4	2238.93159424	-278.849201922	30.9662913402
4.45	2288.07504995	-279.482547868	31.6459863211
4.5	2114.63408995	-277.061981605	29.2471531849
4.55	2056.8889794	-276.238871679	28.4484901435
4.6	2340.70177712	-280.286506851	32.3738578514
4.65	2189.38633997	-278.097294498	30.2810391503
4.7	2320.07602628	-279.904677937	32.0885865143
4.75	2173.28313509	-277.951521342	30.0583183958
4.8	2012.75722025	-275.62950345	27.8381111062
4.85	2053.79740526	-276.174212468	28.4057310946
4.9	2376.54487767	-280.754067704	32.8695978272
4.95	2235.1970873	-278.802366112	30.9146399945
5.0	2177.78012061	-277.919648398	30.1205154563
5.05	2215.45682972	-278.438459201	30.6416157677
5.1	2436.35622264	-281.573699351	33.696838614
5.15	2259.44011499	-279.065321509	31.2499412875
5.2	1981.17444608	-275.160159346	27.4012949976
5.25	2376.05684857	-280.70658896	32.8628479776
5.3	2204.94186764	-278.346561278	30.496185072
5.35	2109.61028044	-276.967557662	29.1776697093
5.4	2191.13038357	-278.146502291	30.3051607278
5.45	2129.04327653	-277.234534001	29.4464442534
5.5	2166.11542144	-277.757189387	29.9591829377
5.55	2420.43694168	-281.357530237	33.4766616808
5.6	2364.26861618	-280.556631905	32.6998068917
5.65	2098.07291338	-276.828427778	29.0180983
5.7	2468.17166249	-282.074632986	34.1368726829
5.75	2123.16679954	-277.20937557	29.3651676754
5.8	2176.69636064	-277.942421687	30.1055261519
5.85	2182.92310962	-277.991684103	30.1916472837
5.9	2292.22157109	-279.680947775	31.7033361668
5.95	2093.86618511	-276.930697639	28.9599157395
6.0	2221.48198097	-278.594462263	30.7249486348
6.05	2186.11563411	-278.120093732	30.2358025603
6.1	2101.13588416	-276.916394468	29.0604617407
6.15	2026.47458997	-275.786213241	28.0278337704
6.2	2334.66831743	-280.152962992	32.2904100716
6.25	2383.94903841	-280.925464015	32.9720035456
6.3	2339.50127992	-280.258060204	32.3572539739
6.35	1924.41883423	-274.41763251	26.6163175484
6.4	2220.84866739	-278.54982736	30.7161893797
6.45	2150.3381167	-277.595701347	29.7409696541
6.5	2082.22111988	-276.629416227	28.7988547747
6.55	2150.96470556	-277.594108623	29.7496359006
6.6	1999.57238986	-275.399539966	27.655753905
6.65	2278.60422435	-279.329238244	31.5149969038
6.7	2293.44195568	-279.651588539	31.7202151035
6.75	2364.98513588	-280.60321606	32.7097169567
6.8	2127.70613806	-277.180950052	29.4279505131
6.85	2080.44526226	-276.456294533	28.7742931827
6.9	2098.23551013	-276.827847765	29.0203471488
6.95	2249.35590752	-279.019997609	31.1104682873
7.0	2322.34391385	-279.996877552	32.1199532909
7.05	2209.15109991	-278.399056281	30.554402265
7.1	2403.61333533	-281.10644731	33.2439771731
7.15	2399.96631003	-281.11113431	33.1935357714
7.2	2359.77414503	-280.480895275	32.637644607
7.25	2260.6619958	-279.076059687	31.2668409182
7.3	2216.94362176	-278.509641389	30.6621793416
7.35	2363.8668629	-280.558608688	32.6942503087
7.4	2187.4273274	-278.052117671	30.2539443724
7.45	2223.71568739	-278.60582747	30.7558426576
7.5	2108.66069887	-277.068838421	29.1645362043
7.55	2546.24986768	-283.172610349	35.2167593823
7.6	2125.54022336	-277.263992104	29.3979941063
7.65	2200.3226915	-278.305020331	30.4322980134
7.7	2307.87360671	-279.759970856	31.9198168742
7.75	2143.24408586	-277.492726983	29.6428532907
7.8	2414.32290851	-281.279146754	33.3920995025
7.85	2234.23309063	-278.718934781	30.9013071165
7.9	2100.41157938	-276.860690406	29.0504440014
7.95	2398.22093298	-281.069232558	33.1693957511
8.0	2327.35689815	-280.136120345	32.1892870449
8.05	2226.21778138	-278.585652035	30.7904487043
8.1	2344.74462544	-280.223067922	32.4297738156
8.15	2313.56222627	-279.887289745	31.9984952273
8.2	2271.16268381	-279.27940029	31.4120741915
8.25	2167.67317774	-277.850590741	29.9807280066
8.3	2286.14416012	-279.559439666	31.6192805042
8.35	2565.67508302	-283.508875752	35.4854263121
8.4	2036.69864887	-275.907168342	28.1692410325
8.45	2114.64866295	-277.040678133	29.2473547417
8.5	2079.58753525	-276.565236131	28.7624301027
8.55	2222.33029999	-278.64979654	30.7366815944
8.6	2245.56641721	-278.90687686	31.0580564757
8.65	2158.11351144	-277.75639956	29.8485098484
8.7	2237.30150814	-278.822444113	30.9437458898
8.75	2134.86823487	-277.38737375	29.5270082856
8.8	2250.40480325	-278.951830997	31.1249753901
8.85	2272.72660952	-279.236209321	31.4337045885
8.9	2348.32980466	-280.439433201	32.4793598345
8.95	2118.61490577	-277.137714716	29.302211188
9.0	2161.92510551	-277.694961115	29.9012273734
9.05	2230.09888118	-278.636233488	30.8441275517
9.1	2243.19465166	-278.808624713	31.02525298
9.15	2029.13023711	-275.823207651	28.0645635853
9.2	2105.98448036	-276.908006067	29.1275218701
9.25	2131.33049344	-277.341894361	29.4780783709
9.3	2403.72588702	-281.220810599	33.2455338569
9.35	2119.10220319	-277.320790705	29.3089509178
9.4	2304.62244785	-279.847045735	31.8748506354
9.45	2134.63284273	-277.35311589	29.5237526159
9.5	2084.32353063	-276.674396656	28.8279328689
9.55	2077.82166869	-276.572771938	28.7380066954
9.6	2363.42164386	-280.599636545	32.688092558
9.65	2105.3778871	-276.946708811	29.1191321794
9.7	2011.85678722	-275.60593844	27.8256573662
9.75	2105.35335812	-276.958328935	29.1187929231
9.8	2264.7759332	-279.300763587	31.3237401036
9.85	2339.18031832	-280.21806148	32.3528148072
9.9	2176.36698858	-277.950895526	30.1009706617
9.95	2174.93945595	-278.070961423	30.0812266948
10.0	2159.33532121	-277.729296463	29.8654084966
10.05	2135.33666108	-277.364446921	29.5334870108
10.1	2191.44630558	-278.193248444	30.3095301927
10.15	2222.91664513	-278.61081593	30.7447912367
10.2	2348.00606923	-280.334616201	32.4748823034
10.25	2291.62578069	-279.506259283	31.6950958888
10.3	2252.3170083	-279.040966113	31.1514227809
10.35	2084.86988467	-276.761011218	28.835489401
10.4	1854.58441575	-273.512864199	25.6504492951
10.45	2211.28806637	-278.457616706	30.5839582936
10.5	2185.12793648	-278.06642929	30.2221418782
10.55	2251.40806726	-278.967786165	31.1388513681
10.6	1966.14256349	-275.048280026	27.1933915239
10.65	2108.94654908	-276.93590753	29.1684897511
10.7	2140.66850478	-277.409690018	29.6072308562
10.75	2143.96141781	-277.458159004	29.6527745899
10.8	2011.31106243	-275.542847192	27.8181095373
10.85	1985.46572902	-275.252826434	27.4606470199
10.9	2192.9950753	-278.208843539	30.3309509697
10.95	2120.44042703	-277.286923124	29.3274596695
11.0	2155.39375457	-277.609864569	29.8108933425
11.05	2138.12610056	-277.4078062	29.5720672853
11.1	2292.57744342	-279.599528343	31.708258178
11.15	2380.42298688	-280.879889243	32.9232353121
11.2	2359.06659023	-280.565333605	32.6278585339
11.25	2125.32296568	-277.301358904	29.3949892514
11.3	2177.08251569	-277.998233867	30.1108669983
11.35	2293.72040311	-279.54625948	31.7240662637
11.4	2398.82284097	-281.095389589	33.1777206406
11.45	2397.16998626	-281.127688556	33.1548602813
11.5	2094.45458259	-276.838064355	28.9680537674
11.55	2064.82762359	-276.377261142	28.5582882139
11.6	2177.33669004	-277.973165096	30.1143824417
11.65	2246.93358598	-278.871043302	31.0769655601
11.7	2274.60643145	-279.286023561	31.4597040937
11.75	2265.91943898	-279.16064955	31.3395557423
11.8	2231.59553122	-278.654691478	30.86482747
11.85	2307.35235245	-279.799388236	31.912607493
11.9	2208.40042364	-278.385930334	30.5440197862
11.95	2209.42138738	-278.387192355	30.5581405662
12.0	2069.13168936	-276.433329405	28.6178170332
12.05	2217.14921254	-278.504537178	30.6650228337
12.1	2270.43735792	-279.27747995	31.4020423294
12.15	2356.18485406	-280.482746147	32.5880017192
12.2	2389.84486795	-281.008881406	33.0535477856
12.25	2165.94225813	-277.817447917	29.9567879447
12.3	2234.58972692	-278.709042804	30.9062396938
12.35	1924.49697885	-274.456807426	26.6173983536
12.4	2197.84452401	-278.317190032	30.3980228901
12.45	2294.19419016	-279.572512218	31.7306191339
12.5	1965.03415161	-274.938590733	27.1780612631
12.55	1938.21563101	-274.644334172	26.8071387551
12.6	2112.28047846	-277.075737609	29.214600775
12.65	2066.12648571	-276.462306222	28.5762525604
12.7	1983.4686879	-275.233713855	27.4330262755
12.75	2151.13029229	-277.563073946	29.7519261031
12.8	2143.14769004	-277.49427848	29.6415200562
12.85	2121.1009261	-277.243112995	29.3365949226
12.9	2221.33975466	-278.664337108	30.7229815263
12.95	2018.20031123	-275.712913583	27.9133935942
13.0	2172.89984352	-277.987294042	30.0530171537
13.05	1890.6977952	-273.96304039	26.1499274534
13.1	2016.32034572	-275.67966208	27.8873921032
13.15	2183.21769528	-278.015104844	30.1957216492
13.2	2138.70869906	-277.352730996	29.5801251085
13.25	2202.87694024	-278.281668135	30.4676254039
13.3	2010.39411966	-275.614723499	27.805427454
13.35	2315.39072705	-279.882320016	32.0237849181
13.4	2476.11124412	-282.146620945	34.2466837189
13.45	2059.69659797	-276.309479664	28.48732185
13.5	2227.07486917	-278.730672702	30.8023029434
13.55	1984.00799536	-275.245034277	27.4404853474
13.6	2082.07236098	-276.699961876	28.796797315
13.65	2109.47338689	-277.079562668	29.1757763573
13.7	2496.19653247	-282.495598563	34.524480009
13.75	1975.32564214	-275.111648761	27.3204011608
13.8	2189.02587268	-278.174363501	30.276053587
13.85	2060.60747679	-276.260538219	28.4999200638
13.9	2254.65067694	-279.048201301	31.1836993646
13.95	2048.18075517	-276.092829655	28.3280481392
14.0	2200.49051704	-278.30792228	30.4346191806
14.05	2381.43565923	-280.807858034	32.9372414152
14.1	2390.82180076	-280.956060681	33.0670595811
14.15	2155.07855601	-277.688042352	29.8065338834
14.2	2316.20763429	-279.922387533	32.0350834265
14.25	2496.81064986	-282.49921403	34.5329737648
14.3	2230.58919207	-278.705901892	30.8509089602
14.35	2305.15601217	-279.674134537	31.882230275
14.4	2092.18304879	-276.655190681	28.9366365603
14.45	2190.85094263	-278.124217523	30.3012958266
14.5	2057.23717975	-276.258337874	28.4533060447
14.55	2300.86793313	-279.678384254	31.8229225655
14.6	2231.47113563	-278.725264333	30.8631069753
14.65	2221.76239376	-278.70494438	30.7288269776
14.7	2147.3370521	-277.562976798	29.6994624276
14.75	2143.9198158	-277.480536924	29.6521991994
14.8	2094.93710776	-276.773696964	28.9747274928
14.85	2190.9659432	-278.138942253	30.3028863803
14.9	2192.62238517	-278.200672919	30.3257963544
14.95	1938.04931837	-274.552905993	26.8048385126
15.0	2211.50347362	-278.410017477	30.5869375555
15.05	2120.36227103	-277.151450155	29.3263787069
15.1	2105.4618503	-276.941144641	29.1202934605
15.15	2223.79535403	-278.650565647	30.7569445137
15.2	1992.60958971	-275.421148813	27.5594525715
15.25	2153.90873801	-277.582330017	29.7903543248
15.3	2115.08114156	-277.065151471	29.2533362816
15.35	1996.60535119	-275.462357758	27.6147172855
15.4	2291.59674399	-279.645849236	31.6946942869
15.45	2054.69046634	-276.223763249	28.4180828742
15.5	2134.16749786	-277.242597463	29.5173165084
15.55	1954.46551727	-274.76337884	27.0318882354
15.6	2111.18478836	-276.927123164	29.199446467
15.65	2023.3824252	-275.821799385	27.9850665526
15.7	2066.9547704	-276.524429973	28.5877084284
15.75	2063.4712904	-276.438588947	28.5395289947
15.8	2133.54165318	-277.350032311	29.5086605543
15.85	1977.273597	-275.15119871	27.3473430013
15.9	2293.46777744	-279.653131892	31.72057224
15.95	2239.63360832	-278.91297464	30.9760007805
16.0	2093.98426053	-276.841375562	28.961548821
16.05	2175.99494241	-277.996522741	30.0958249529
16.1	2071.66913218	-276.426307574	28.6529119839
16.15	2407.59188298	-281.150666464	33.2990038055
16.2	2355.36998565	-280.400056463	32.5767314095
16.25	1963.10554558	-274.872032672	27.1513870332
16.3	2404.07980668	-281.215891054	33.250428861
16.35	2079.80125902	-276.59415201	28.7653860807
16.4	2224.61420903	-278.57577409	30.7682699613
16.45	2064.16926922	-276.442642139	28.5491826239
16.5	2143.26986867	-277.492397476	29.6432098885
16.55	2181.07191545	-278.005782312	30.1660437244
16.6	2149.03858278	-277.571406099	29.722996016
16.65	2155.87940807	-277.615943463	29.8176103354
16.7	2084.83678359	-276.584613319	28.8350315854
16.75	2059.72558639	-276.314785749	28.487722784
16.8	2207.30246691	-278.364158721	30.5288341289
16.85	2174.79496558	-277.881282013	30.0792282724
16.9	2407.89946011	-281.23985459	33.3032578538
16.95	2014.56086505	-275.756538986	27.863057018
17.0	2217.62291898	-278.615389674	30.6715745889
17.05	1634.82140704	-270.350393719	22.6109435903
17.1	2502.69214551	-282.530634165	34.6143197551
17.15	2244.46363598	-278.906705604	31.0428040915
17.2	2149.70697044	-277.540618274	29.7322403748
17.25	2176.16090754	-277.878105586	30.098120389
17.3	2125.64126148	-277.226511053	29.3993915478
17.35	2127.33483591	-277.334749074	29.4228150947
17.4	2161.95366446	-277.765279051	29.9016223676
17.45	2137.51931172	-277.337399205	29.5636748896
17.5	2057.84377784	-276.296521858	28.4616958022
17.55	2220.41114209	-278.616462378	30.7101380399
17.6	2084.87332564	-276.643156354	28.8355369924
17.65	2032.49478486	-275.931342543	28.1110980869
17.7	2075.73300637	-276.504203374	28.7091187534
17.75	2115.51957738	-277.075689417	29.2594002147
17.8	2135.08501792	-277.33162037	29.530006576
17.85	2109.05575127	-277.061236162	29.1700001084
17.9	2096.43825639	-276.905110517	28.9954896305
17.95	2066.58043129	-276.397875788	28.5825310063
18.0	2181.56721668	-278.020499704	30.1728941536
18.05	2201.58714231	-278.266965552	30.4497864227
18.1	2303.89143823	-279.733265476	31.8647401627
18.15	2162.35043766	-277.68499529	29.9071100719
18.2	1989.45231511	-275.239122667	27.5157848304
18.25	2367.54946051	-280.647680854	32.7451837051
18.3	2206.88778345	-278.402399629	30.5230987108
18.35	2253.09527161	-279.044725489	31.1621868115
18.4	2268.31097293	-279.297970226	31.3726326516
18.45	2258.74753747	-279.174255128	31.2403623627
18.5	2245.55484942	-278.948304072	31.0578964836
18.55	2075.65120511	-276.559569199	28.7079873738
18.6	2252.6819358	-278.930209047	31.1564700326
18.65	2146.39431736	-277.560203897	29.6864236198
18.7	2075.43160371	-276.584144129	28.7049501032
18.75	2127.8126638	-277.286633468	29.4294238529
18.8	2164.48945505	-277.705297119	29.9366944664
18.85	2078.06651891	-276.569460849	28.7413931782
18.9	2125.30893312	-277.177777314	29.3947951695
18.95	2172.40303822	-277.877645077	30.046145922
19.0	2228.14668569	-278.575898566	30.8171270597
19.05	2124.71200427	-277.151688088	29.3865391455
19.1	2253.24457367	-279.061623356	31.1642517835
19.15	2251.69720962	-279.065051309	31.1428504481
19.2	2213.68841991	-278.535028917	30.617157185
19.25	2223.18088372	-278.64258188	30.7484458768
19.3	1828.91535303	-273.077422227	25.2954247482
19.35	2188.99097821	-278.225444755	30.2755709674
19.4	1957.46656424	-274.852710437	27.0733952181
19.45	2124.67116628	-277.167851791	29.3859743221
19.5	2054.29858377	-276.184239005	28.4126628113
19.55	2393.1118774	-280.957560486	33.0987332512
19.6	2306.32595849	-279.727226861	31.8984116084
19.65	2056.46758675	-276.246672938	28.4426619317
19.7	2268.43328492	-279.221429288	31.3743243284
19.75	2194.15048613	-278.224908192	30.3469312652
19.8	2121.99511512	-277.173956943	29.3489623026
19.85	2285.84230237	-279.416524435	31.6151055598
19.9	2166.34248285	-277.798979533	29.9623233864
19.95	2181.68126113	-278.057180021	30.1744714835
20.0	2133.34755778	-277.340129773	29.5059760531
20.05	2220.3138602	-278.529737318	30.7087925503
20.1	2249.2370091	-278.923284299	31.108823823
20.15	2214.49100222	-278.534496475	30.6282575678
20.2	2326.64711762	-280.105259758	32.1794701881
20.25	2253.48951451	-279.04534041	31.1676395196
20.3	2352.43753482	-280.367766112	32.5361731687
20.35	2365.29443178	-280.697570333	32.7139947769
20.4	2178.40814174	-277.941668652	30.1292015123
20.45	2365.26293697	-280.479367164	32.7135591775
20.5	2327.40431528	-280.036245003	32.1899428633
20.55	2201.84635356	-278.374793448	30.4533715305
20.6	2347.98135314	-280.416666122	32.4745404593
20.65	2004.7616499	-275.525293974	27.7275256994
20.7	2080.48338379	-276.602035884	28.7748204352
20.75	2153.07101628	-277.624730279	29.7787679346
20.8	2186.01723609	-278.002635484	30.2344416335
20.85	2047.93919037	-276.12438762	28.3247070965
20.9	2176.24222621	-277.907982244	30.099245094
20.95	2018.82486963	-275.730588475	27.9220317577
21.0	2413.71196526	-281.342270978	33.3836496478
21.05	2184.39881497	-278.066828681	30.2120575196
21.1	2348.18271925	-280.381868737	32.4773255205
21.15	2082.56755698	-276.560711316	28.8036462888
21.2	2220.56475353	-278.479804209	30.7122626143
21.25	2015.36021886	-275.648704283	27.8741127479
21.3	2212.7431046	-278.497079784	30.6040826859
21.35	2291.79754517	-279.578794212	31.6974715346
21.4	2369.75365882	-280.711199456	32.7756696062
21.45	2284.92913875	-279.525393591	31.6024757453
21.5	2267.33811085	-279.265162613	31.3591771575
21.55	2184.75497221	-278.058625899	30.2169834713
21.6	2225.72286349	-278.58681359	30.7836035772
21.65	2278.49861659	-279.286561043	31.5135362604
21.7	2323.43007517	-280.010723963	32.1349758078
21.75	2174.09818539	-277.9091531	30.0695912212
21.8	2211.65236125	-278.423932377	30.5889967956
21.85	2114.68273457	-277.023891904	29.2478259807
21.9	2208.88927105	-278.453348471	30.5507809536
21.95	2186.32313244	-278.076794052	30.2386724352
22.0	2156.62809713	-277.626024221	29.8279653296
22.05	2063.5265492	-276.329001638	28.5402932699
22.1	2468.96611715	-282.125375943	34.1478606536
22.15	2080.80378435	-276.565048599	28.7792518421
22.2	2200.10022349	-278.329288391	30.4292210952
22.25	2062.6558817	-276.396998788	28.5282512122
22.3	2108.30266718	-276.995768086	29.1595843273
22.35	2006.87149815	-275.535618997	27.7567066605
22.4	2331.64709385	-280.212555268	32.2486240297
22.45	2126.29314798	-277.261402152	29.4084076818
22.5	2144.940146	-277.514980385	29.6663112171
22.55	2208.03723556	-278.406887185	30.5389965921
22.6	2281.51348155	-279.57230595	31.5552343574
22.65	2175.8726887	-278.021393927	30.094134082
22.7	2362.48135376	-280.607457835	32.6750875616
22.75	2101.79984238	-276.914847686	29.0696448366
22.8	2489.67023207	-282.435596635	34.4342158312
22.85	2168.4707534	-277.894344233	29.9917591433
22.9	2331.15676602	-280.14286356	32.2418423868
22.95	2187.06051145	-278.195358277	30.2488710019
23.0	2259.43821403	-279.034149438	31.2499149956
23.05	2172.36451583	-277.749650787	30.0456131253
23.1	2207.10280975	-278.414265966	30.5260727037
23.15	2022.54780261	-275.773368016	27.973523026
23.2	2206.83149958	-278.369591586	30.5223202579
23.25	2260.63208941	-279.150461138	31.2664272878
23.3	2092.28732659	-276.815230625	28.9380788092
23.35	1977.99238074	-275.136799954	27.3572843799
23.4	2393.42467275	-281.039693184	33.1030594717
23.45	2073.98419774	-276.568516717	28.6849312715
23.5	2188.21469876	-278.150886392	30.2648343751
23.55	1994.66626698	-275.402240756	27.5878981335
23.6	2263.02306095	-279.181636775	31.2994964185
23.65	2264.27572824	-279.215577818	31.3168218518
23.7	2134.97599702	-277.419757209	29.5284987259
23.75	2242.22230987	-278.962183269	31.0118046821
23.8	1941.73999555	-274.632452625	26.8558836563
23.85	2273.09358918	-279.30123182	31.4387802232
23.9	2237.48575212	-278.844465713	30.9462941378
23.95	2146.65983655	-277.576306974	29.6900959717
24.0	2314.47354134	-279.887839083	32.0110994748
24.05	2143.73389096	-277.484366475	29.6496277038
24.1	2087.52467073	-276.720791346	28.8722073064
24.15	2101.91211653	-276.893682506	29.0711976817
24.2	2289.83167221	-279.539590319	31.6702818721
24.25	2410.72378458	-281.194747437	33.3423206168
24.3	2288.84973987	-279.529078059	31.6567009288
24.35	2285.23985563	-279.501248293	31.606773219
24.4	2260.34524851	-279.080761651	31.262460039
24.45	2345.12108934	-280.289159413	32.4349806254
24.5	2083.30064355	-276.661937898	28.8137854874
24.55	2103.37747047	-276.860566157	29.0914647489
24.6	2182.00504025	-277.998738149	30.1789496187
24.65	2202.46002572	-278.288520289	30.4618591283
24.7	2149.637325	-277.646477447	29.7312771203
24.75	2325.45261105	-280.005401432	32.162949166
24.8	2299.81893935	-279.704096626	31.8084141065
24.85	2352.77676108	-280.516736855	32.5408649507
24.9	2028.92401031	-275.78263617	28.0617112966
24.95	2146.54526599	-277.4145344	29.6885113653
25.0	2015.45389227	-275.612019008	27.8754083293
25.05	2155.23570494	-277.57194782	29.8087073843
25.1	2159.01735015	-277.67217578	29.8610106917
25.15	2211.25696802	-278.414246421	30.5835281775
25.2	2205.67895977	-278.331714302	30.5063796711
25.25	1971.74256534	-275.079181108	27.2708442202
25.3	2137.29622022	-277.501828698	29.5605893481
25.35	2206.8934148	-278.41182427	30.5231765969
25.4	2141.79371434	-277.486009259	29.6227934428
25.45	1964.94270899	-275.038492709	27.1767965354
25.5	2126.96751898	-277.210084106	29.4177347953
25.55	2221.9319593	-278.608914354	30.7311722104
25.6	1923.36765324	-274.372667178	26.6017788386
25.65	2045.78646894	-276.204430065	28.2949331637
25.7	1982.11501058	-275.282060816	27.4143037891
25.75	2104.7731188	-277.005673888	29.1107677294
25.8	1944.83326917	-274.731068828	26.8986662103
25.85	2212.90068106	-278.552271459	30.6062620997
25.9	2050.56498148	-276.168784824	28.3610239776
25.95	2086.23877605	-276.763534813	28.8544223105
26.0	2100.15742796	-277.017299778	29.0469288753
26.05	2278.60836073	-279.398887469	31.5150541135
26.1	1820.232028	-272.925742245	25.1753271207
26.15	2113.59312111	-277.148093679	29.2327557177
26.2	1997.38834926	-275.4404991	27.6255468018
26.25	2162.85246765	-277.797269079	29.9140535654
26.3	1927.43730037	-274.439209192	26.6580654526
26.35	2278.3978491	-279.455741923	31.512142562
26.4	2263.01009867	-279.184487193	31.2993171393
26.45	2242.44508727	-278.892542939	31.0148858793
26.5	2073.2410682	-276.445984554	28.6746531701
26.55	1996.71631828	-275.411779563	27.6162520529
26.6	2028.85619133	-275.870761752	28.0607733035
26.65	2120.42152764	-277.140056851	29.3271982753
26.7	2085.8853374	-276.635630987	28.8495339591
26.75	2167.84073281	-277.810296604	29.9830454329
26.8	2125.23236875	-277.182336577	29.3937362203
26.85	1916.2426614	-274.319279512	26.5032342587
26.9	1996.98980819	-275.436556532	27.6200346464
26.95	2236.93470295	-278.752347166	30.9386726682
27.0	2212.7225266	-278.437120665	30.6037980749
27.05	2003.77709898	-275.52569646	27.7139085391
27.1	2148.69075898	-277.611172974	29.7181853228
27.15	2004.30200361	-275.514584434	27.7211684079
27.2	2148.62821753	-277.551708724	29.7173203224
27.25	2149.90939128	-277.47847017	29.735040024
27.3	2214.34419353	-278.449988299	30.6262270812
27.35	2062.96897591	-276.335860402	28.5325815663
27.4	2253.5703133	-279.065963444	31.1687570343
27.45	2079.66243832	-276.567375084	28.7634660746
27.5	2063.71622995	-276.367843415	28.5429167128
27.55	2119.03966699	-277.072913819	29.3080859899
27.6	2234.89586267	-278.775488432	30.9104738067
27.65	2245.88832805	-279.029622909	31.0625087712
27.7	2232.31563331	-278.773533786	30.8747870825
27.75	2132.95479962	-277.296811895	29.5005438802
27.8	2322.49531533	-279.979890801	32.1220472996
27.85	2362.13038543	-280.506041712	32.6702333769
27.9	2112.42109798	-277.01268786	29.2165456603
27.95	2318.8940089	-279.965563518	32.072238228
28.0	2558.23876028	-283.281825702	35.3825757663
28.05	2169.96825186	-277.870389196	30.0124707958
28.1	2346.33046641	-280.316843374	32.4517073189
28.15	2131.16464236	-277.256710835	29.4757845122
28.2	2213.31624984	-278.468954655	30.6120097626
28.25	2466.35493531	-282.05013447	34.1117458308
28.3	1964.03883787	-274.945868404	27.164295244
28.35	2021.74513224	-275.80794163	27.9624214253
28.4	2233.90234674	-278.746250815	30.8967326526
28.45	2320.75939044	-279.97791557	32.0980380106
28.5	2157.33908549	-277.618505797	29.8377988916
28.55	2102.31911195	-276.870833909	29.0768267679
28.6	2128.06041369	-277.299930823	29.4328504406
28.65	2208.5564906	-278.455471753	30.5461783224
28.7	2231.36761207	-278.770073015	30.861675158
28.75	2194.0321799	-278.24691142	30.3452949913
28.8	2222.44234817	-278.642321229	30.7382313142
28.85	2110.5645095	-276.955129999	29.1908674932
28.9	2113.46771941	-277.068594509	29.2310213076
28.95	2249.0250492	-278.962081723	31.1058922408
29.0	2409.79370008	-281.120404777	33.3294567724
29.05	2280.06378744	-279.356347327	31.5351838787
29.1	2391.21279885	-280.991777576	33.0724674109
29.15	2179.27214951	-278.05197062	30.1411514603
29.2	2282.67654564	-279.488101857	31.5713205038
29.25	1887.28815981	-273.929096714	26.1027693521
29.3	1921.86166677	-274.384090807	26.5809497896
29.35	1950.00414065	-274.784197651	26.9701836758
29.4	2017.24251592	-275.711173596	27.9001464862
29.45	2014.65991344	-275.720518518	27.8644269399
29.5	1994.44899023	-275.403634335	27.5848930149
29.55	2182.17137157	-278.043689656	30.1812501195
29.6	2024.75523593	-275.824829425	28.00405367
29.65	2325.61114482	-280.096752283	32.1651418202
29.7	2153.16085637	-277.664702048	29.7800104979
29.75	2155.06593452	-277.67940231	29.8063593177
29.8	2213.68955861	-278.539391398	30.6171729343
29.85	2162.93523786	-277.785822882	29.9151983464
29.9	2002.83045968	-275.502987753	27.700815728
29.95	2120.57164358	-277.218600713	29.329274504
30.0	2544.07707146	-283.134621997	35.1867077982
30.05	2035.02714347	-275.907779547	28.1461227186
30.1	2045.14758296	-276.083269426	28.2860968377
30.15	2224.77699472	-278.623251712	30.7705214231
30.2	2391.31510915	-280.91662446	33.0738824477
30.25	2224.42283494	-278.579009258	30.765623098
30.3	2286.50915189	-279.500632537	31.6243286448
30.35	2328.33829778	-280.083414395	32.2028606203
30.4	2086.73980618	-276.717071927	28.8613519751
30.45	2175.64019932	-277.883864377	30.09091856
30.5	2248.50313869	-278.939931681	31.0986737832
30.55	2161.3250189	-277.769997924	29.8929276751
30.6	2110.81095897	-277.162698555	29.1942760948
30.65	2346.54780821	-280.421942608	32.4547133372
30.7	2052.61438103	-276.204586843	28.3893688828
30.75	2242.26000641	-278.838266775	31.0123260566
30.8	2108.09063286	-277.023562698	29.1566517158
30.85	2171.86123604	-277.872756287	30.0386523459
30.9	2137.23587763	-277.512117392	29.5597547597
30.95	2084.46548444	-276.623924808	28.8298962085
31.0	2311.31302519	-279.807372662	31.9673869004
31.05	2065.89322852	-276.376888793	28.5730264188
31.1	2234.5626101	-278.816005844	30.9058646456
31.15	2265.28771525	-279.272099903	31.3308184763
31.2	2230.06747483	-278.696545044	30.8436931757
31.25	2099.82056559	-276.872272319	29.0422697877
31.3	2235.13584403	-278.737544168	30.913792949
31.35	2075.04205528	-276.537918987	28.6995623236
31.4	2035.58371429	-275.89519774	28.1538205573
31.45	2228.12758373	-278.666234195	30.8168628638
31.5	2022.64627098	-275.813599653	27.9748849257
31.55	2165.32586141	-277.8050258	29.9482626639
31.6	2348.26320711	-280.373721849	32.4784387348
31.65	2108.8456785	-277.013890864	29.1670946268
31.7	2095.65954936	-276.814672327	28.9847194628
31.75	2258.05697244	-279.114632744	31.2308112723
31.8	2259.47321517	-279.105787337	31.2503990906
31.85	2221.72199123	-278.594891377	30.7282681769
31.9	2225.78801694	-278.64429698	30.7845047037
31.95	2119.21086701	-277.209904951	29.310453829
32.0	2189.43362527	-278.193921141	30.2816931454
32.05	2110.18572112	-277.034315824	29.1856285338
32.1	2357.27441783	-280.522978383	32.6030712949
32.15	1963.94735129	-275.085768951	27.1630299083
32.2	2236.91393747	-278.824410886	30.9383854643
32.25	2188.81755028	-278.169689306	30.2731723144
32.3	2031.31507578	-275.991519215	28.0947817263
32.35	2077.64751365	-276.551494482	28.7355979859
32.4	2028.17908379	-275.845930176	28.0514083416
32.45	2353.20223341	-280.402422338	32.546749588
32.5	2205.91262035	-278.308170818	30.5096113917
32.55	2316.23573364	-279.887546561	32.035472064
32.6	2353.89374277	-280.560194968	32.5563137391
32.65	2261.53305798	-279.16837093	31.2788884346
32.7	2361.12361292	-280.582455441	32.6563088734
32.75	2175.85836882	-277.960995588	30.0939360262
32.8	2113.02306402	-277.12011028	29.2248713527
32.85	2190.90641565	-278.174013161	30.3020630647
32.9	2088.85921189	-276.672942946	28.8906651238
32.95	2270.40194124	-279.207696841	31.4015524872
33.0	2126.60555255	-277.238418651	29.4127284976
33.05	2286.06599875	-279.508682827	31.6181994672
33.1	2191.27115394	-278.158186509	30.3071076994
33.15	2072.98908165	-276.500812501	28.671167986
33.2	2112.11456006	-276.958544513	29.2123059852
33.25	2230.19287944	-278.59697305	30.845427626
33.3	2205.89621681	-278.366264466	30.5093845171
33.35	2074.34974394	-276.475281181	28.6899870803
33.4	2160.83144748	-277.809492749	29.8861011707
33.45	2046.06657978	-276.169876726	28.2988073302
33.5	2141.25409585	-277.417947609	29.6153300691
33.55	2232.45999522	-278.818401931	30.8767837281
33.6	2220.95622944	-278.607475812	30.7176770527
33.65	2153.11830424	-277.679951223	29.7794219666
33.7	1962.30661372	-274.986590673	27.1403371392
33.75	2137.73493846	-277.463885872	29.5666571873
33.8	2178.78136868	-277.941334617	30.1343635521
33.85	2324.06113985	-280.070165786	32.1437039588
33.9	2100.44161227	-276.912248157	29.0508593813
33.95	2299.48580459	-279.672360791	31.803806575
34.0	1936.70348135	-274.549854533	26.7862244641
34.05	2074.1555323	-276.534413072	28.6873009714
34.1	2063.90228232	-276.494659802	28.5454899723
34.15	2113.9551406	-277.131101211	29.2377627492
34.2	2074.25208808	-276.517501197	28.6886364183
34.25	2253.23453547	-279.069712391	31.1641129469
34.3	2100.21366511	-276.78906827	29.047706682
34.35	2009.19152737	-275.609049947	27.7887945996
34.4	2047.3692377	-276.20694337	28.3168241758
34.45	2274.41411284	-279.412799512	31.4570441668
34.5	2094.30292912	-276.882760647	28.9659562734
34.55	2159.09987423	-277.692117727	29.8621520685
34.6	2200.54605378	-278.312892064	30.4353873
34.65	2222.92785229	-278.613990635	30.7449462411
34.7	1908.93078576	-274.195039616	26.4021049202
34.75	2087.60277061	-276.682605583	28.8732874928
34.8	2196.11807164	-278.193846526	30.3741446139
34.85	2261.70478007	-279.181263913	31.2812634943
34.9	2277.33023374	-279.446804272	31.4973765511
34.95	2303.9807102	-279.850847446	31.8659748685
35.0	2057.42911725	-276.270177383	28.4559607005
35.05	2077.84446986	-276.491155994	28.7383220545
35.1	2297.07101767	-279.645550102	31.7704080577
35.15	2178.3161017	-277.906268725	30.1279285218
35.2	2184.07030685	-278.084043377	30.2075139783
35.25	1977.6836667	-275.125208552	27.3530146072
35.3	2262.21210978	-279.126139507	31.2882802874
35.35	2087.15848446	-276.671889859	28.8671426449
35.4	2171.24508487	-277.930433058	30.0301304614
35.45	2250.06603849	-278.970260491	31.120289991
35.5	2040.5152971	-275.944311545	28.2220284607
35.55	2263.74610803	-279.102901749	31.3094967626
35.6	2203.8196308	-278.261177548	30.4806636006
35.65	2218.64094214	-278.576949278	30.6856546982
35.7	2005.14972882	-275.591636856	27.7328931546
35.75	2216.06593156	-278.564742367	30.6500401542
35.8	2280.01992348	-279.464789299	31.5345772035
35.85	2084.29432175	-276.655720431	28.8275288858
35.9	2396.53650811	-281.034318901	33.1460987502
35.95	2284.55783355	-279.410284495	31.5973402847
36.0	2188.14940136	-278.11764515	30.2639312576
36.05	2186.20013005	-278.029529967	30.2369712096
36.1	2296.79438253	-279.553072507	31.766581963
36.15	2071.31095551	-276.463233033	28.6479581018
36.2	2114.10899444	-277.165027932	29.239890676
36.25	2263.92174319	-279.290935028	31.3119259434
36.3	2222.51171603	-278.674772696	30.7391907296
36.35	2375.29419426	-280.77676535	32.8522998324
36.4	2221.63770418	-278.631319675	30.7271024167
36.45	2166.5647436	-277.81641693	29.9653974379
36.5	2282.05547845	-279.483718433	31.5627306265
36.55	2359.90747059	-280.495079534	32.6394886107
36.6	2165.81944448	-277.761198337	29.9550893295
36.65	2036.93146025	-275.956068355	28.172461008
36.7	2069.6248572	-276.458679974	28.6246379558
36.75	2215.56803121	-278.490789778	30.643153777
36.8	2216.06508234	-278.57916144	30.6500284088
36.85	2321.84866012	-279.985026017	32.1131035188
36.9	2279.93434404	-279.395719559	31.5333935685
36.95	2307.28234	-279.790433301	31.9116391623
37.0	2053.80690235	-276.25979981	28.4058624473
37.05	2048.05372471	-276.13089901	28.3262912019
37.1	1976.74471297	-275.089295892	27.340028094
37.15	2137.86028031	-277.370107377	29.5683907696
37.2	2329.69127234	-280.017983875	32.2215733869
37.25	2295.6031357	-279.651511677	31.7501060258
37.3	2088.31059263	-276.660825329	28.8830772618
37.35	2083.88699393	-276.645818101	28.8218952022
37.4	2198.97524592	-278.222510717	30.4136617172
37.45	1886.89275147	-273.854938023	26.0973005251
37.5	2227.05703195	-278.646278294	30.8020562398
37.55	2177.80286079	-277.912742727	30.1208299719
37.6	2332.58379762	-280.182939131	32.261579424
37.65	2170.30590342	-277.845822886	30.0171407985
37.7	2219.53759567	-278.558641442	30.6980561644
37.75	2187.24274387	-278.07187087	30.2513914283
37.8	2192.27080737	-278.133152844	30.3209337401
37.85	1931.50903306	-274.483874498	26.7143809118
37.9	2136.70713231	-277.399140783	29.5524417709
37.95	2098.41825228	-276.860714199	29.0228746251
38.0	2337.10275228	-280.208987624	32.3240803361
38.05	2236.24263645	-278.800943763	30.9291008112
38.1	2067.95639099	-276.444560523	28.6015616766
38.15	2213.42039644	-278.443920573	30.613450197
38.2	2236.36419875	-278.775508567	30.9307821193
38.25	2042.89899671	-276.045488394	28.2549970144
38.3	1935.94242989	-274.53801849	26.7756984877
38.35	2185.31356732	-278.038515502	30.2247093076
38.4	2208.71819288	-278.327106116	30.5484147998
38.45	2263.04289118	-279.107967527	31.2997706871
38.5	2046.84786645	-276.065312633	28.3096131765
38.55	2134.57669534	-277.359436583	29.5229760507
38.6	2081.31901753	-276.564628802	28.7863779468
38.65	2085.07003617	-276.67992888	28.8382576631
38.7	2250.73445201	-279.020749167	31.1295347074
38.75	2358.59348827	-280.513841415	32.6213151393
38.8	2029.68995282	-275.836387537	28.0723049204
38.85	2157.24965012	-277.659094881	29.8365619259
38.9	1981.56329308	-275.253003927	27.4066730759
38.95	2374.2845243	-280.721453782	32.8383352548
39.0	2157.17449872	-277.672711568	29.8355225193
39.05	2096.46484036	-276.748249604	28.995857309
39.1	2245.70999726	-278.943887192	31.0600423076
39.15	2188.37910384	-278.207655068	30.2671082344
39.2	2156.40248635	-277.699301499	29.8248449444
39.25	2022.70638284	-275.770548138	27.9757163229
39.3	2034.40287469	-275.983402963	28.1374885607
39.35	2152.30825964	-277.587425611	29.7682183742
39.4	2130.57227041	-277.308158128	29.4675915141
39.45	2253.11458961	-279.000663965	31.1624539956
39.5	2140.90576118	-277.409747827	29.61051231
39.55	2224.3113555	-278.59916149	30.7640812444
39.6	2284.46197308	-279.454939857	31.5960144545
39.65	1868.24565693	-273.71399177	25.8393956548
39.7	2044.64245375	-276.137283604	28.2791104794
39.75	2179.57421532	-277.944916358	30.1453292825
39.8	2188.53890276	-278.099830896	30.2693183868
39.85	2155.84325036	-277.638992162	29.8171102441
39.9	2111.93947111	-277.031134132	29.2098843589
39.95	2240.10226359	-278.852134439	30.9824826737
40.0	2036.61681966	-276.096537643	28.1681092661
40.05	2133.84217477	-277.289372148	29.5128170186
40.1	2217.02623773	-278.523648404	30.6633219895
40.15	2021.34787968	-275.863219835	27.9569270911
40.2	2231.9564902	-278.732466066	30.8698198337
40.25	2040.52277351	-276.04037889	28.2221318657
40.3	2117.49942934	-277.126301868	29.2867832185
40.35	2255.11337912	-279.087710942	31.1900989216
40.4	2187.38758568	-278.173540326	30.2533947114
40.45	2110.27490069	-277.014515671	29.1868619617
40.5	2381.27784098	-280.897974527	32.9350586572
40.55	2169.67537881	-277.901263334	30.0084201174
40.6	2166.47155967	-277.916501344	29.9641086264
40.65	2096.1529685	-276.910099487	28.9915438611
40.7	2295.22860608	-279.651972565	31.7449259688
40.75	2369.15600703	-280.723049789	32.7674035834
40.8	2120.48007186	-277.137403039	29.3280079906
40.85	2201.07803238	-278.331313256	30.4427450078
40.9	2301.06270628	-279.679329331	31.8256164405
40.95	2227.56136067	-278.644244248	30.8090315266
41.0	2120.40866024	-277.126454048	29.3270203084
41.05	2268.06606526	-279.231803101	31.3692453742
41.1	2097.73023496	-276.831914206	29.0133587718
41.15	2378.3762858	-280.761220133	32.894927729
41.2	2139.70523206	-277.465468496	29.5939079911
41.25	2287.80008604	-279.577211556	31.6421833408
41.3	2201.15567975	-278.366843264	30.4438189357
41.35	2103.0542907	-276.937732235	29.0869949031
41.4	2100.39533322	-276.839916793	29.0502193035
41.45	2229.01798069	-278.706935122	30.8291777964
41.5	2109.51800359	-277.026737986	29.1763934434
41.55	2117.00637428	-277.076909357	29.2799638559
41.6	2225.90845897	-278.685420698	30.7861705174
41.65	1995.85616595	-275.485758718	27.6043554287
41.7	2327.34768763	-280.136777869	32.1891596557
41.75	2462.71305974	-281.987061324	34.0613756542
41.8	2156.17647807	-277.699759888	29.8217190614
41.85	2266.87262217	-279.301446225	31.3527390609
41.9	2021.55028437	-275.80207957	27.9597265167
41.95	2144.76725063	-277.346311607	29.6639199298
42.0	2126.02965208	-277.26250215	29.4047633138
42.05	2307.85238108	-279.874217997	31.9195233059
42.1	2139.17555904	-277.373219187	29.5865821715
42.15	2287.27630781	-279.518081066	31.6349390511
42.2	1909.4056874	-274.29387982	26.408673206
42.25	2219.70990594	-278.583121873	30.7004393591
42.3	2062.25619919	-276.35044292	28.5227232698
42.35	2113.80891715	-277.025204438	29.235740357
42.4	2131.84411865	-277.258728345	29.485182236
42.45	2186.46128615	-278.078786387	30.2405832162
42.5	1939.12107512	-274.61239698	26.8196618023
42.55	2206.1559905	-278.418410243	30.5129774039
42.6	2136.71324124	-277.440598043	29.5525262626
42.65	2128.18634784	-277.337847873	29.4345922149
42.7	2213.99860459	-278.457293274	30.621447298
42.75	2140.83114067	-277.515163809	29.6094802463
42.8	2225.25469843	-278.752877486	30.7771284639
42.85	2204.76626107	-278.393233269	30.4937562868
42.9	2057.6840153	-276.301146419	28.4594861531
42.95	2053.20526028	-276.314703702	28.3975412357
43.0	2077.18344149	-276.571403933	28.7291794809
43.05	2121.77819838	-277.16407965	29.3459621631
43.1	2284.91584025	-279.438148535	31.6022918159
43.15	2036.06353175	-275.938551667	28.1604568329
43.2	2139.10007067	-277.431703024	29.5855381044
43.25	2265.66240309	-279.182644831	31.3360007216
43.3	2044.35639144	-276.040803683	28.2751539991
43.35	2086.73541567	-276.727228117	28.8612912506
43.4	2122.85236828	-277.16268086	29.3608188288
43.45	2140.93577411	-277.416343834	29.610927414
43.5	2103.24656361	-276.945357961	29.0896541979
43.55	2304.17052562	-279.801904561	31.8686001741
43.6	2204.86000505	-278.424262676	30.4950528442
43.65	2185.5419713	-278.122973946	30.2278683251
43.7	2047.69703142	-276.135826471	28.3213578363
43.75	2272.01630934	-279.372922086	31.4238805445
43.8	2048.53117431	-276.183672755	28.3328947282
43.85	2102.73344155	-276.945518125	29.0825572919
43.9	2166.14625603	-277.80840475	29.9596094058
43.95	2009.15651484	-275.669232781	27.788310347
44.0	2126.06794852	-277.292762598	29.4052929854
44.05	2046.57478173	-276.145108907	28.3058361871
44.1	1962.33079609	-274.915630629	27.1406716016
44.15	1981.98357602	-275.170831337	27.4124859395
44.2	2049.16293683	-276.166219516	28.3416325308
44.25	2109.9694448	-277.034925642	29.182637252
44.3	2242.58210247	-278.921904596	31.0167809138
44.35	2121.69099291	-277.220585051	29.3447560387
44.4	2229.52195244	-278.628309787	30.836148146
44.45	2151.06489776	-277.608452258	29.7510216423
44.5	2214.18594402	-278.522709366	30.6240383584
44.55	2027.02519413	-275.907571429	28.0354490852
44.6	2252.05129251	-279.013911494	31.1477477098
44.65	2122.47118417	-277.183358762	29.3555467346
44.7	2150.90027659	-277.671639498	29.7487447942
44.75	1942.85489555	-274.654788571	26.8713036531
44.8	2426.95632587	-281.488156085	33.5668302016
44.85	2239.57381067	-278.853793666	30.9751737291
44.9	2196.80962144	-278.268145578	30.3837093244
44.95	2563.83808065	-283.390647748	35.4600190372
45.0	2378.91463948	-280.770387095	32.9023736094
45.05	2201.4389734	-278.2860347	30.4477371232
45.1	2251.25114136	-278.969028235	31.1366809521
45.15	2186.44847034	-278.104697817	30.2404059629
45.2	2095.84612354	-276.79377956	28.9872999393
45.25	2253.31642468	-279.080950023	31.1652455429
45.3	2123.06514916	-277.120686575	29.3637617659
45.35	2048.50543336	-276.090827083	28.3325387094
45.4	2343.87049865	-280.317039226	32.417683913
45.45	2272.27177767	-279.30469304	31.4274138846
45.5	2241.05480423	-278.856089171	30.9956571053
45.55	2043.06411277	-276.168640661	28.2572807073
45.6	2173.84729368	-277.966375408	30.0661211797
45.65	1893.097815	-273.946835953	26.1831217289
45.7	2136.07511311	-277.446537001	29.5437004182
45.75	2155.00155562	-277.649108695	29.8054689039
45.8	2168.8989735	-277.850539427	29.9976817843
45.85	2106.30439327	-276.978875892	29.1319465324
45.9	2048.41739176	-276.1424243	28.3313210207
45.95	2129.3707278	-277.36552703	29.4509731776
46.0	1964.46960659	-275.047492866	27.1702531347
46.05	2057.96400768	-276.238849505	28.4633586812
46.1	2280.38400659	-279.393954603	31.5396127766
46.15	2152.38393334	-277.63332169	29.7692650045
46.2	2177.06754849	-278.032599547	30.1106599895
46.25	2178.15032008	-277.960471637	30.1256356237
46.3	2111.63119363	-277.070388151	29.2056206243
46.35	2169.9525016	-277.845553272	30.0122529567
46.4	2428.63247628	-281.444728098	33.5900127598
46.45	2101.98623183	-276.861408396	29.0722227582
46.5	2194.98090413	-278.258630088	30.3584166387
46.55	2142.53339575	-277.494503307	29.6330238537
46.6	2100.48006093	-276.852158827	29.0513911584
46.65	2210.53572311	-278.340547013	30.5735527588
46.7	2155.58166209	-277.574935705	29.8134922602
46.75	2310.05472478	-279.876580891	31.9499835561
46.8	2381.66996874	-280.850390613	32.9404821112
46.85	2173.10740183	-277.855733207	30.0558878582
46.9	2249.46468423	-278.955725077	31.1119727599
46.95	2024.65929428	-275.787147926	28.0027267169
47.0	2164.89966594	-277.787863207	29.9423680251
47.05	2251.38349011	-279.019196821	31.1385114457
47.1	2106.64017941	-276.918853105	29.1365907349
47.15	2237.34186686	-278.804410188	30.9443040846
47.2	2314.78953781	-279.831401338	32.0154699695
47.25	2156.02938999	-277.640376038	29.8196847104
47.3	2405.20182353	-281.192875095	33.2659472899
47.35	2332.27669703	-280.106211607	32.2573319668
47.4	2121.10623357	-277.110824431	29.3366683294
47.45	2215.9834682	-278.467754186	30.6488996171
47.5	2288.66746699	-279.5056669	31.6541799428
47.55	2284.81216856	-279.458405563	31.60085795
47.6	1975.62474914	-275.146261414	27.3245380601
47.65	2358.29155477	-280.570737446	32.6171391472
47.7	2308.36580652	-279.782995008	31.926624408
47.75	2104.04239834	-276.833736387	29.1006612559
47.8	2223.55131965	-278.628034374	30.7535693147
47.85	2317.20964833	-279.973282043	32.0489421165
47.9	2309.10055176	-279.879803938	31.9367865475
47.95	2194.17964077	-278.277850257	30.3473344982
48.0	2044.80965459	-276.155957604	28.2814230065
48.05	2346.99503169	-280.359705798	32.460898811
48.1	2205.53765358	-278.375099574	30.5044252885
48.15	2257.21864394	-279.092236736	31.21921649
48.2	2464.50584361	-282.090116485	34.0861713503
48.25	2137.4451076	-277.528340897	29.5626485848
48.3	2405.6090851	-281.21367069	33.271580057
48.35	2087.03958268	-276.653231672	28.865498134
48.4	2263.48133089	-279.153517666	31.3058346739
48.45	2297.36643467	-279.626235213	31.7744939213
48.5	2075.1135457	-276.494798998	28.7005510957
48.55	2033.42357919	-275.985238366	28.1239440871
48.6	2062.88693675	-276.481087699	28.5314468962
48.65	2200.84535906	-278.37120492	30.4395269416
48.7	2197.16775584	-278.270425448	30.3886626218
48.75	2146.23208162	-277.498267652	29.6841797642
48.8	1994.09308267	-275.35297202	27.5799705164
48.85	1903.41158307	-274.079429254	26.3257697437
48.9	2000.26798533	-275.394126083	27.6653745705
48.95	2202.23135715	-278.28222376	30.4586964513
49.0	2124.36141686	-277.218958269	29.3816902292
49.05	2220.73184729	-278.59929751	30.7145736604
49.1	1910.77012137	-274.255127944	26.4275444658
49.15	2038.72767169	-276.001197414	28.1973041103
49.2	2279.22868927	-279.369824472	31.5236337745
49.25	2161.79514546	-277.646128918	29.8994299176
49.3	2148.08945401	-277.49499814	29.7098687736
49.35	2292.32348998	-279.541199081	31.7047457901
49.4	2227.70111692	-278.685368286	30.8109644721
49.45	2437.89702453	-281.605232894	33.7181491893
49.5	2259.13439017	-279.07634222	31.2457128582
49.55	2184.1481302	-278.03046234	30.2085903401
49.6	2159.68863741	-277.798904965	29.8702951542
49.65	2059.65631369	-276.321371958	28.4867646847
49.7	2533.70075315	-282.962852525	35.0431946617
49.75	2441.04665168	-281.629267913	33.7617111597
49.8	2046.75500065	-276.050254837	28.3083287651
49.85	2015.53362227	-275.648011063	27.8765110617
49.9	2238.56542622	-278.837673054	30.9612269312
49.95	2310.38739355	-279.956565561	31.9545846428
50.0	2062.50198278	-276.372799277	28.5261226617
50.05	2162.2511709	-277.69446101	29.9057371298
50.1	2245.93459113	-278.903897817	31.0631486281
50.15	2132.2060128	-277.296871179	29.490187534
50.2	2130.09262741	-277.329128801	29.4609576513
50.25	2342.84162138	-280.278802657	32.4034536823
50.3	2156.4154467	-277.589023318	29.8250241968
50.35	2194.30069511	-278.102960195	30.3490087806
50.4	2276.21662621	-279.307266948	31.4819744301
50.45	2390.89802754	-281.040532122	33.0681138611
50.5	1937.12680346	-274.654001054	26.792079362
50.55	2183.36735329	-278.037769615	30.1977915443
50.6	2339.14224364	-280.25906542	32.3522882027
50.65	2380.41212499	-280.806598901	32.9230850831
50.7	1934.26259451	-274.527851575	26.7524649632
50.75	2195.25048396	-278.247991899	30.3621451527
50.8	2021.39955439	-275.778035823	27.9576417954
50.85	2063.09535836	-276.327265476	28.534329541
50.9	2168.82240274	-277.882482169	29.9966227469
50.95	2410.86824987	-281.317472929	33.3443186922
51.0	2167.88233173	-277.870312006	29.9836207807
51.05	2244.65403851	-278.85096518	31.0454375173
51.1	2025.03190146	-275.787894857	28.007880185
51.15	2243.08977254	-278.85272936	31.0238024143
51.2	2037.68193174	-275.967427518	28.1828406546
51.25	2114.83229371	-277.064292567	29.2498945083
51.3	2142.53220481	-277.549618699	29.633007382
51.35	2073.52309705	-276.540180877	28.6785538644
51.4	2287.11511626	-279.486109899	31.6327096375
51.45	2169.13327784	-277.784125337	30.0009224088
51.5	2145.63051024	-277.486938168	29.6758595303
51.55	2374.47148536	-280.717389234	32.8409210821
51.6	2179.62947567	-277.990746464	30.1460935792
51.65	2165.3560167	-277.791205738	29.9486797368
51.7	2211.50707332	-278.479001086	30.5869873423
51.75	2237.69081543	-278.774032073	30.9491303345
51.8	2292.20812506	-279.585819617	31.7031501971
51.85	1940.36530273	-274.716315375	26.8368705079
51.9	2016.98583998	-275.734362794	27.8965964438
51.95	2246.91023317	-278.964279297	31.0766425712
52.0	2224.11453916	-278.53445619	30.7613591102
52.05	2279.74240763	-279.38372371	31.5307389278
52.1	2099.25090887	-276.859387918	29.0343909602
52.15	2249.42165717	-278.950684461	31.1113776599
52.2	2190.64788114	-278.181359876	30.2984873168
52.25	2265.54122082	-279.099386096	31.3343246697
52.3	2005.46285351	-275.438260766	27.7372239302
52.35	2306.54688789	-279.771175796	31.9014672463
52.4	2014.83683424	-275.646603485	27.8668739021
52.45	2316.57594358	-279.912763841	32.0401774513
52.5	2209.79972939	-278.46652639	30.5633733517
52.55	2045.90518441	-276.182578203	28.2965750977
52.6	1985.79370792	-275.221509433	27.4651832416
52.65	2138.72723196	-277.396248324	29.5803814339
52.7	2191.98446681	-278.120160145	30.3169734114
52.75	1985.63830346	-275.235102688	27.4630338683
52.8	2090.78422482	-276.716386303	28.9172896581
52.85	2304.66592901	-279.671532559	31.8754520162
52.9	2220.86654208	-278.496584024	30.7164366016
52.95	2130.98883637	-277.282369144	29.4733529687
53.0	2189.52724998	-278.169025414	30.2829880532
53.05	2107.56959154	-277.028257042	29.1494452798
53.1	2172.20111302	-277.877827891	30.0433531281
53.15	2203.8915127	-278.41506602	30.4816577872
53.2	2278.35293087	-279.512564155	31.5115213054
53.25	2077.96506421	-276.548260006	28.739989975
53.3	2167.4239596	-277.763127076	29.9772811118
53.35	2228.26676245	-278.7213875	30.8187878215
53.4	2157.95387266	-277.659869702	29.8463019109
53.45	1936.0476206	-274.540350468	26.777153363
53.5	2121.42245881	-277.197495082	29.3410419882
53.55	2231.91693136	-278.707039873	30.8692727019
53.6	2157.33614848	-277.671959033	29.8377582704
53.65	2195.17552809	-278.160761299	30.3611084505
53.7	2214.93472223	-278.559316938	30.6343945857
53.75	2061.85295067	-276.341029345	28.5171460063
53.8	2101.20699867	-276.811229253	29.0614453136
53.85	2027.90108032	-275.846952607	28.0475633217
53.9	2120.22973388	-277.184758392	29.3245456076
53.95	2285.44819445	-279.488928449	31.6096547185
54.0	2155.49129605	-277.666806922	29.8122424224
54.05	2149.74216878	-277.472484686	29.7327271973
54.1	2401.6190325	-281.093777949	33.2163943016
54.15	2155.90808189	-277.664134716	29.8180069182
54.2	2238.02049778	-278.808095644	30.9536901163
54.25	2400.73501283	-281.126264092	33.2041675723
54.3	2039.096614	-275.998124262	28.2024068902
54.35	2027.65801263	-275.925977678	28.0442014928
54.4	2028.12794039	-275.862974287	28.0507009857
54.45	2072.17242622	-276.537484654	28.6598729602
54.5	2032.41216463	-275.920336863	28.1099553802
54.55	2094.22429177	-276.709276408	28.9648686532
54.6	2077.04053223	-276.491197856	28.7272029265
54.65	2155.38811044	-277.664648268	29.8108152795
54.7	2125.40566557	-277.171146376	29.3961330598
54.75	2071.23945185	-276.513198427	28.6469691465
54.8	2299.05849289	-279.724757848	31.7978964977
54.85	2273.99673345	-279.343253992	31.4512714617
54.9	2134.68234675	-277.428004275	29.5244372979
54.95	1966.68939066	-274.998302537	27.2009545998
55.0	1963.74274223	-274.950702454	27.1601999943
55.05	2303.06847175	-279.77237689	31.8533578498
55.1	2161.40073756	-277.774523205	29.8939749274
55.15	1881.00608802	-273.792058344	26.0158830598
55.2	2142.25091822	-277.465247756	29.6291169539
55.25	2151.11985225	-277.556556963	29.7517817088
55.3	2140.06459684	-277.450775487	29.5988783057
55.35	2149.04664839	-277.636385315	29.7231075702
55.4	1890.0232025	-273.922704396	26.1405972737
55.45	2110.1134476	-277.03298572	29.1846289308
55.5	2043.96163235	-276.093404409	28.2696941517
55.55	2217.47083748	-278.548966361	30.6694711747
55.6	2070.49502772	-276.459519867	28.6366731399
55.65	2163.93774906	-277.796988472	29.9290639124
55.7	1859.6379699	-273.465046556	25.7203441639
55.75	2011.27527125	-275.666173304	27.8176145154
55.8	2236.06046287	-278.865651692	30.9265811987
55.85	2026.35186887	-275.773347145	28.0261364353
55.9	2178.51297394	-277.95556207	30.130651429
55.95	2072.74422617	-276.437594939	28.6677814304
56.0	2148.60908353	-277.505602734	29.7170556832
56.05	2421.72206451	-281.437575177	33.4944360013
56.1	1991.09971415	-275.364185772	27.5385697332
56.15	2182.32529161	-278.016011093	30.1833789621
56.2	2017.63142469	-275.656211134	27.9055254189
56.25	2114.02328493	-277.070510064	29.2387052421
56.3	2150.68874529	-277.565015083	29.7458191399
56.35	2180.17341471	-277.966848805	30.1536167098
56.4	2139.59372726	-277.414375857	29.5923657867
56.45	1884.43316711	-273.85238429	26.0632824219
56.5	2235.66798208	-278.9240766	30.9211528621
56.55	2170.06173275	-277.898802784	30.0137637146
56.6	2188.51796282	-278.130846752	30.26902877
56.65	2254.7752628	-279.126039702	31.1854224909
56.7	2095.06702312	-276.78091162	28.9765243307
56.75	2330.54732172	-280.028326681	32.2334132638
56.8	2298.8965713	-279.671301708	31.795656987
56.85	2215.18488614	-278.552951668	30.6378545611
56.9	2073.38642617	-276.424543171	28.676663592
56.95	2256.95007706	-279.052525484	31.215501986
57.0	2331.01513549	-280.114408016	32.2398835185
57.05	2197.10704106	-278.273891348	30.3878228857
57.1	2239.82589765	-278.860177308	30.9786603023
57.15	2113.38258579	-276.941229267	29.2298438386
57.2	2276.08939567	-279.240781088	31.4802147257
57.25	2190.13064103	-278.143624388	30.2913334547
57.3	2034.51059515	-276.020820988	28.1389784245
57.35	1984.32757259	-275.402365372	27.4449053671
57.4	2261.71654162	-279.25137398	31.2814261664
57.45	1929.24761509	-274.43947274	26.6831036152
57.5	2198.57428072	-278.283995439	30.4081160341
57.55	2006.46050862	-275.501263709	27.7510223324
57.6	2095.03881405	-276.829373454	28.9761341757
57.65	2166.44883393	-277.851340526	29.9637943106
57.7	2017.50084052	-275.762490369	27.9037193309
57.75	2087.90027411	-276.725497716	28.8774022144
57.8	2177.38689768	-278.002659057	30.1150768552
57.85	2114.78067529	-277.09928055	29.2491805824
57.9	2316.38974402	-279.941823214	32.037602156
57.95	2175.21941813	-277.987830675	30.0850988051
58.0	1979.76683681	-275.245516815	27.3818265873
58.05	2133.05789315	-277.294734771	29.5019697497
58.1	2324.78812756	-279.973534732	32.1537588051
58.15	2162.27027186	-277.662095706	29.906001312
58.2	2341.50785794	-280.16202251	32.3850066214
58.25	1991.72112778	-275.234787281	27.5471644021
58.3	2160.87498687	-277.671961927	29.8867033569
58.35	2072.99008554	-276.559787342	28.6711818707
58.4	2226.63209234	-278.74702827	30.7961789705
58.45	2322.80719631	-280.176823464	32.1263608738
58.5	2280.73382719	-279.413509585	31.5444510873
58.55	2166.26792649	-277.847922321	29.9612922097
58.6	2214.66131161	-278.565560965	30.6306130887
58.65	2147.2401774	-277.592082609	29.6981225697
58.7	2004.91305356	-275.582725234	27.7296197383
58.75	2221.37303443	-278.572051047	30.7234418132
58.8	2473.52192258	-282.061803733	34.2108712424
58.85	2115.43596543	-277.047887209	29.2582437917
58.9	2108.50552996	-277.00500958	29.1623900888
58.95	2132.33734314	-277.423275488	29.4920039421
59.0	2218.30395741	-278.653784032	30.6809939183
59.05	2130.91947457	-277.320867749	29.4723936372
59.1	2244.58372049	-278.899322557	31.0444649605
59.15	2045.3794911	-276.111521837	28.2893043207
59.2	2219.70742245	-278.531004181	30.7004050104
59.25	2248.73145124	-278.953773971	31.1018315362
59.3	2024.27173012	-275.714212124	27.9973663813
59.35	2265.31839061	-279.214865074	31.331242742
59.4	2341.77720255	-280.2732394	32.3887318821
59.45	2030.04758151	-275.803883372	28.0772512235
59.5	2260.56944131	-279.111769989	31.2655608124
59.55	2254.15027087	-279.031410399	31.1767783312
59.6	2233.62724037	-278.765021439	30.8929277021
59.65	2104.16370565	-276.971724487	29.1023390372
59.7	2098.56753079	-276.921105213	29.0249392714
59.75	2241.83565595	-278.972059955	31.0064569358
59.8	1930.52036785	-274.418523793	26.7007068474
59.85	2058.88597762	-276.302636527	28.4761102944
59.9	2038.43647488	-275.972193133	28.1932766156
59.95	2032.74245655	-275.90618514	28.114523593
60.0	2085.42144485	-276.647356006	28.8431179382
60.05	1975.50805987	-275.087210879	27.3229241503
60.1	2147.57651863	-277.487060621	29.7027744494
60.15	1819.78354278	-272.857138546	25.169124196
60.2	2108.58022758	-276.978689802	29.1634232192
60.25	2028.92919345	-275.864319492	28.0617829838
60.3	2240.47419028	-278.862745969	30.9876267301
60.35	2387.06679691	-280.887036289	33.0151247461
60.4	2113.66742342	-277.01877513	29.2337833806
60.45	2219.8067006	-278.57632706	30.70177811
60.5	2372.54493445	-280.724488185	32.8142752762
60.55	2306.72641203	-279.838302904	31.9039502148
60.6	2091.9474326	-276.771017101	28.9333777919
60.65	2216.11204187	-278.537729824	30.6506778982
60.7	2259.64781741	-279.1244791	31.2528139851
60.75	2268.79999551	-279.241772433	31.3793962417
60.8	2102.39989652	-276.838351591	29.0779440859
60.85	2263.02485913	-279.201269737	31.2995212888
60.9	2270.24304209	-279.284895988	31.3993547794
60.95	2143.84173509	-277.521290073	29.6511192781
61.0	2027.37342966	-275.815755666	28.0402654729
61.05	2407.49253478	-281.174997951	33.297629737
61.1	2088.80335265	-276.709801336	28.8898925438
61.15	2324.01032093	-280.007966825	32.1430010907
61.2	2081.4007204	-276.57880763	28.7875079657
61.25	2137.67865791	-277.390954127	29.5658787803
61.3	2124.72748597	-277.166049638	29.3867532704
61.35	2322.01106873	-279.983992475	32.1153497652
61.4	2415.65088373	-281.296216128	33.4104665074
61.45	2181.04630223	-278.067655727	30.1656894723
61.5	2178.38305315	-278.002370939	30.1288545161
61.55	1992.42880061	-275.384017462	27.5569521075
61.6	2184.05869441	-277.983736493	30.2073533686
61.65	2217.08204567	-278.480324351	30.6640938598
61.7	2123.30216015	-277.226030381	29.3670398255
61.75	2043.9628493	-276.088462947	28.2697109831
61.8	2124.47512045	-277.201228195	29.3832628448
61.85	2380.84363957	-280.877044492	32.9290532896
61.9	2323.68535728	-279.945816005	32.1385065724
61.95	2279.38091546	-279.51073399	31.5257391897
62.0	1995.71546992	-275.451447732	27.6024094853
