# 	 t 	 T	E	K
2.05	2184.74769439	-282.562531181	30.216882813
2.1	2024.18123024	-280.223938376	27.9961146925
2.15	1810.14553719	-277.24809286	25.0358225402
2.2	2243.87632979	-283.285517537	31.0346811571
2.25	2073.25604026	-280.987936998	28.6748602462
2.3	2010.81122815	-280.120035259	27.8111964123
2.35	1987.07703212	-279.828591546	27.4829326856
2.4	2119.11229574	-281.68230401	29.3090905062
2.45	2136.02350193	-281.794285419	29.5429865925
2.5	2122.32432053	-281.671984911	29.353515488
2.55	2194.48799706	-282.63329499	30.3515993228
2.6	2160.77310741	-282.163565165	29.885294279
2.65	2083.50752093	-281.140889754	28.8166467741
2.7	2128.88761381	-281.759118216	29.4442913082
2.75	2207.57973682	-282.910920589	30.532669003
2.8	1932.69158013	-279.035007459	26.7307365241
2.85	2071.06125235	-280.949051003	28.6445044988
2.9	1939.04694831	-279.101871622	26.8186365668
2.95	2111.60892449	-281.616226148	29.2053126235
3.0	1954.85703686	-279.402736696	27.037303278
3.05	2207.26704148	-282.898183326	30.5283441657
3.1	1823.21944648	-277.45647044	25.2166456099
3.15	1943.42205295	-279.110509029	26.879147913
3.2	2068.92158278	-280.898819987	28.6149110841
3.25	2092.16902794	-281.274746174	28.9364426402
3.3	2091.6253034	-281.333167309	28.9289224763
3.35	1904.01823516	-278.614455755	26.3341602481
3.4	2075.59219126	-281.006719885	28.7071711631
3.45	2039.97624128	-280.434965561	28.2145728691
3.5	2032.90879907	-280.393368967	28.1168242487
3.55	2155.15952974	-282.168011328	29.8076538178
3.6	1936.05226409	-279.089611252	26.7772175862
3.65	2121.88398132	-281.694892984	29.3474252294
3.7	1959.36037031	-279.371325294	27.0995881355
3.75	1991.20521178	-279.845610509	27.5400288535
3.8	2138.97734956	-281.907628025	29.5838407689
3.85	1979.73024561	-279.720100099	27.3813205006
3.9	1970.73086234	-279.52456088	27.2568515239
3.95	2043.28150555	-280.514233464	28.2602874307
4.0	2164.64581265	-282.232391497	29.9388570224
4.05	2051.57252203	-280.655811542	28.3749591038
4.1	2011.75653173	-280.072450695	27.8242707493
4.15	1882.06825223	-278.271361576	26.0305736766
4.2	2113.92309739	-281.564693993	29.2373195648
4.25	2097.89155748	-281.340167438	29.0155899967
4.3	1939.5313632	-279.12339345	26.8253364287
4.35	2169.15994482	-282.314423013	30.0012912354
4.4	1939.82850781	-279.16732161	26.8294461864
4.45	1994.68409854	-279.864034443	27.5881447589
4.5	1985.79946165	-279.672701205	27.4652628204
4.55	2038.39314126	-280.453305148	28.1926772754
4.6	2016.96425916	-280.161080829	27.8962979631
4.65	1918.04325503	-278.822620214	26.5281379705
4.7	2102.75541418	-281.385576984	29.0828611916
4.75	2021.17744445	-280.256899657	27.9545698297
4.8	2038.12752913	-280.417649749	28.1890036381
4.85	2213.74205172	-282.952380971	30.6178989577
4.9	2010.84006797	-280.169516788	27.8115952911
4.95	2136.85219768	-281.904461786	29.554448146
5.0	1839.56460221	-277.592682618	25.4427127464
5.05	2050.21069364	-280.627383134	28.3561238813
5.1	2021.58371369	-280.235632287	27.9601888722
5.15	1957.5831719	-279.29904135	27.0750079993
5.2	1895.27977649	-278.405574279	26.2133000763
5.25	1975.96639478	-279.562808721	27.3292633043
5.3	2007.6434991	-280.011732116	27.7673840775
5.35	1737.91075497	-276.207089076	24.0367552543
5.4	2016.73536453	-280.13645947	27.8931321594
5.45	2051.51491633	-280.688629041	28.3741623689
5.5	2013.09590114	-280.190960931	27.8427953454
5.55	2188.32903869	-282.56344275	30.2664157917
5.6	2213.93813083	-282.870794245	30.6206108953
5.65	2127.13060078	-281.722974655	29.4199903526
5.7	2099.64926633	-281.350173421	29.0399005762
5.75	1919.90718746	-278.747308187	26.5539177106
5.8	2177.00732197	-282.438325731	30.1098270065
5.85	2143.06351342	-281.91666937	29.6403558233
5.9	2026.00555056	-280.337702173	28.0213465641
5.95	2065.35549843	-280.982488317	28.5655891631
6.0	1881.39072035	-278.273262329	26.0212028456
6.05	2075.44245629	-280.909917486	28.7051002035
6.1	2025.7423821	-280.409590209	28.0177067249
6.15	2075.581527	-281.108702305	28.7070236673
6.2	1929.57105194	-278.972530591	26.6875770165
6.25	2221.73638895	-283.002224703	30.7284673094
6.3	1952.42488414	-279.219300368	27.0036645773
6.35	1963.08989663	-279.394132687	27.1511705952
6.4	2039.23654954	-280.488387384	28.2043423155
6.45	1850.00695951	-277.785909357	25.5871392574
6.5	2162.41867958	-282.214815592	29.9080539145
6.55	1991.74127945	-279.857874532	27.5474431163
6.6	1858.40757372	-278.041605637	25.7033267585
6.65	1816.39123009	-277.383073469	25.1222056821
6.7	1896.14130525	-278.495339223	26.2252157375
6.75	2143.77380387	-282.005424284	29.6501797326
6.8	2039.44909273	-280.491803623	28.207281965
6.85	1853.25211043	-277.82298379	25.6320224013
6.9	2065.29128843	-280.817591811	28.5647010854
6.95	2032.10139355	-280.364753391	28.105657157
7.0	2069.52006987	-280.926745289	28.6231886597
7.05	2193.80602087	-282.634577333	30.3421670234
7.1	1931.91037928	-278.903638568	26.7199318648
7.15	2117.80489109	-281.537650275	29.2910080093
7.2	2138.25900125	-281.868924114	29.5739054127
7.25	2091.2726732	-281.260756454	28.9240453067
7.3	2190.8262062	-282.600251128	30.3009537011
7.35	2020.94056474	-280.208440619	27.9512935857
7.4	2077.13463126	-281.01335159	28.7285043946
7.45	1766.42294466	-276.604871332	24.4311026184
7.5	2168.28142939	-282.310604651	29.9891406343
7.55	1922.25329363	-278.81868389	26.5863663157
7.6	1953.93741431	-279.265045066	27.0245841311
7.65	1950.56081215	-279.165900019	26.9778829069
7.7	2057.23425385	-280.621935218	28.4532655771
7.75	2227.5075678	-283.00892729	30.8082875263
7.8	1961.72482638	-279.32449746	27.132290535
7.85	1961.56210565	-279.433677628	27.1300399716
7.9	2257.13608206	-283.569190204	31.2180745903
7.95	2043.62255411	-280.539662375	28.2650044168
8.0	1917.23996156	-278.819443399	26.5170277518
8.05	2151.32700093	-282.165596877	29.7546467477
8.1	2063.24135289	-280.774054069	28.5363487671
8.15	2243.52697332	-283.30175818	31.0298492658
8.2	2188.8352602	-282.608347275	30.2734172573
8.25	2165.93230642	-282.282084807	29.9566503042
8.3	1846.64085063	-277.786547883	25.5405831641
8.35	2179.51921941	-282.482366641	30.1445686432
8.4	2026.32587597	-280.332597268	28.0257769317
8.45	2110.86086221	-281.405795406	29.1949662982
8.5	2192.31030423	-282.615363855	30.3214800148
8.55	1960.32884752	-279.451810442	27.1129829831
8.6	2111.71898569	-281.465889938	29.2068348617
8.65	2068.05286863	-280.805420934	28.6028960428
8.7	2013.11405158	-280.121150693	27.843046381
8.75	2036.10369983	-280.495360566	28.161012391
8.8	2062.99764035	-280.818037484	28.5329780194
8.85	2079.27785271	-281.076320439	28.7581469349
8.9	1958.82534225	-279.293310776	27.0921882512
8.95	2066.3888177	-280.909790745	28.5798808305
9.0	1906.49656132	-278.711015754	26.3684375659
9.05	2119.27488597	-281.654603048	29.3113392646
9.1	2162.83640928	-282.26308256	29.9138314647
9.15	1877.32062797	-278.18631858	25.9649100733
9.2	1795.92437548	-277.039399292	24.8391320125
9.25	2194.88835578	-282.646519531	30.3571366178
9.3	2086.14944971	-281.119269196	28.8531868527
9.35	2117.42800377	-281.550016275	29.2857953433
9.4	1926.29810073	-278.910370394	26.6423093714
9.45	1980.40377011	-279.66390086	27.3906359062
9.5	1971.72046021	-279.467713845	27.2705384879
9.55	1932.50379478	-278.935708732	26.7281392961
9.6	1894.84048039	-278.416576414	26.2072242448
9.65	2100.8548125	-281.380942296	29.0565742851
9.7	1923.09323505	-278.871700066	26.5979834062
9.75	2280.01686829	-283.863379348	31.5345349477
9.8	2058.54077399	-280.738607986	28.4713358403
9.85	1998.7958866	-279.93736976	27.6450142173
9.9	2115.928447	-281.536464511	29.2650552225
9.95	1984.21938757	-279.636249257	27.443409078
10.0	2113.11334277	-281.552353725	29.226119983
10.05	2068.83883224	-280.934850411	28.6137665751
10.1	1972.19628503	-279.556756	27.2771195419
10.15	2017.76809571	-280.192485835	27.907415693
10.2	2022.91723699	-280.278588205	27.9786326116
10.25	1874.87801369	-278.198014846	25.9311266805
10.3	2077.81368759	-281.067595259	28.7378963101
10.35	1876.74037223	-278.236195681	25.9568846524
10.4	2060.27187796	-280.831648472	28.4952784521
10.45	1924.67539008	-278.882762372	26.6198659298
10.5	1926.10295755	-278.954201229	26.6396103786
10.55	2064.21185349	-280.887906222	28.5497715998
10.6	2074.60958533	-280.933331634	28.6935809034
10.65	1959.36600834	-279.373205553	27.0996661142
10.7	1999.77106466	-279.924951294	27.6585017431
10.75	2108.54650708	-281.422491136	29.1629568365
10.8	1827.14595221	-277.500018323	25.2709524592
10.85	2016.46842364	-280.121620594	27.8894401443
10.9	2241.57451268	-283.276476263	31.0028451065
10.95	2117.82068353	-281.513943859	29.291226432
11.0	1953.61090977	-279.251620879	27.0200683008
11.05	2122.86400457	-281.682381318	29.3609797683
11.1	2088.22327349	-281.131239721	28.8818695653
11.15	1797.48067076	-277.088886936	24.8606568743
11.2	2039.65357983	-280.503311808	28.2101101921
11.25	1985.77479998	-279.801252485	27.464921729
11.3	2042.1891762	-280.585408476	28.2451796048
11.35	1977.51253734	-279.681857969	27.3506477455
11.4	2004.88508434	-279.987267224	27.7292329007
11.45	2075.77152714	-280.958035129	28.7096515278
11.5	1831.51084367	-277.477986047	25.3313225485
11.55	2029.08656463	-280.335005645	28.0639595584
11.6	2036.48204254	-280.526472379	28.1662451862
11.65	2094.39175121	-281.348406586	28.967184757
11.7	2115.15432866	-281.624105592	29.2543485203
11.75	2146.50023458	-281.992705307	29.6878885433
11.8	1954.89875436	-279.291084521	27.0378802657
11.85	2001.91366263	-279.945873521	27.6881356601
11.9	2112.35858581	-281.510282294	29.2156810648
11.95	1902.80043934	-278.602359558	26.3173171162
12.0	1965.76377544	-279.440354561	27.1881525692
12.05	1981.51337667	-279.581948542	27.4059826903
12.1	2052.00545944	-280.672039292	28.3809469894
12.15	1891.65939041	-278.475608681	26.1632271171
12.2	1842.77128397	-277.723509331	25.4870638298
12.25	2161.31388603	-282.224081341	29.8927736983
12.3	2210.10114136	-282.90384367	30.5675421307
12.35	1986.67988826	-279.637353892	27.4774398547
12.4	2077.62307631	-281.017339274	28.735259997
12.45	1954.74162859	-279.360346157	27.0357070852
12.5	2029.72125105	-280.379427929	28.0727378011
12.55	2068.65687793	-280.895188139	28.6112499953
12.6	1877.50648407	-278.183192857	25.9674806182
12.65	1910.50212409	-278.647441761	26.4238378399
12.7	2018.35717818	-280.124453464	27.915563195
12.75	2273.03231313	-283.831352654	31.4379327244
12.8	2114.84648835	-281.516450385	29.250090832
12.85	2037.4886263	-280.378922051	28.1801670792
12.9	1879.2778533	-278.24662089	25.991980132
12.95	1981.89250776	-279.689441812	27.4112263895
13.0	2044.79392688	-280.669611949	28.2812054791
13.05	1789.12554408	-276.97666218	24.7450985035
13.1	1874.82757654	-278.20821325	25.9304290927
13.15	1968.90085541	-279.590631047	27.2315410017
13.2	2070.18870549	-280.934835057	28.632436448
13.25	2067.63364062	-280.875012918	28.5970977698
13.3	1881.51773544	-278.273219433	26.0229595702
13.35	2059.43863686	-280.799614761	28.4837540328
13.4	2115.80279593	-281.558454646	29.2633173634
13.45	1959.68240023	-279.3147644	27.1040420779
13.5	2190.08150686	-282.604852974	30.2906538881
13.55	1826.16232306	-277.48286036	25.2573480476
13.6	1914.24211762	-278.695409471	26.4755650698
13.65	1859.77017069	-277.930902524	25.7221726112
13.7	2403.57373964	-285.648148897	33.2434295317
13.75	2137.84025761	-281.86748958	29.568113839
13.8	2002.05899229	-279.966315008	27.6901456905
13.85	2073.56055807	-280.888777243	28.6790719815
13.9	2022.24906842	-280.234464679	27.9693912831
13.95	2031.23653072	-280.377117021	28.0936953827
14.0	2093.45541314	-281.268875264	28.9542344205
14.05	2069.09961033	-280.881833838	28.6173733536
14.1	2104.53876773	-281.413943965	29.1075264585
14.15	1909.93083461	-278.608445203	26.4159364299
14.2	2378.28183253	-285.26621644	32.8936213615
14.25	1961.15543028	-279.415505013	27.1244153121
14.3	1980.71646627	-279.665734278	27.3949607548
14.35	2063.23669381	-280.855474891	28.5362843282
14.4	2144.36737987	-281.993677776	29.6583893838
14.45	2042.66772689	-280.466101922	28.25179836
14.5	2096.79450463	-281.209402505	29.0004168407
14.55	1907.12436206	-278.668064205	26.3771205737
14.6	1903.75501785	-278.610191085	26.3305197331
14.65	1788.23529797	-276.974055765	24.7327856574
14.7	2018.52052298	-280.136390384	27.9178223898
14.75	1952.79836673	-279.213537398	27.0088301529
14.8	2218.98675969	-283.015148305	30.6904376433
14.85	2173.62728858	-282.47980385	30.0630783256
14.9	1962.44134067	-279.428330236	27.1422005253
14.95	1922.5188285	-278.852667595	26.5900388844
15.0	2142.09974689	-281.997217835	29.6270261284
15.05	1772.51201297	-276.79454121	24.5153195118
15.1	2098.62139411	-281.336659847	29.025684246
15.15	1780.06176181	-276.807996428	24.6197388352
15.2	1943.99458677	-279.134287373	26.8870665332
15.25	2003.49079502	-280.011203225	27.7099487165
15.3	1957.54615981	-279.366585741	27.0744960912
15.35	1929.92823652	-278.871550417	26.6925171773
15.4	2160.94694752	-282.207920832	29.8876986326
15.45	2211.26908096	-282.971649475	30.5836957095
15.5	1965.35641094	-279.38433154	27.1825183785
15.55	2018.76426438	-280.11783902	27.9211935366
15.6	1950.09812928	-279.243065549	26.9714836169
15.65	2111.71639536	-281.4951766	29.2067990352
15.7	1816.66516272	-277.344904982	25.1259943989
15.75	2001.97401852	-279.940125313	27.6889704325
15.8	2018.68688948	-280.121751298	27.9201233772
15.85	1869.88094791	-278.014838048	25.862013093
15.9	2081.22992528	-281.094596957	28.7851457267
15.95	1975.06266621	-279.603491832	27.3167639845
16.0	2136.46754703	-281.840908542	29.5491281067
16.05	2223.12967118	-283.044801522	30.7477375646
16.1	2006.11427389	-279.998113849	27.7462336174
16.15	2076.86383456	-280.988526882	28.7247590505
16.2	2145.1172652	-281.931738816	29.6687609233
16.25	1962.57935743	-279.418794968	27.1441094122
16.3	2203.90525235	-282.834018633	30.481847818
16.35	2006.24148101	-280.022048408	27.7479929979
16.4	2014.62932071	-280.127822521	27.8640038169
16.45	2077.00560244	-281.026609469	28.7267198185
16.5	2098.9284852	-281.254979521	29.029931572
16.55	2038.94850177	-280.472301625	28.2003583744
16.6	2007.57151191	-280.062288523	27.7663884346
16.65	1929.07603002	-278.908871906	26.6807304505
16.7	1945.12123338	-279.185872583	26.9026489955
16.75	2097.75803224	-281.33894859	29.0137432313
16.8	2175.60688534	-282.394513597	30.0904577998
16.85	2005.75464393	-280.015789192	27.7412596351
16.9	1818.91693824	-277.373875974	25.1571383324
16.95	2120.79043158	-281.656896081	29.3323005245
17.0	2018.01853733	-280.205444016	27.9108795096
17.05	2026.52788174	-280.33585673	28.0285708401
17.1	1924.0061436	-278.879221611	26.6106096927
17.15	1915.1725222	-278.765615991	26.4884333411
17.2	1989.57308386	-279.859937507	27.517455163
17.25	1965.0104704	-279.416355425	27.1777337323
17.3	2028.03543096	-280.317757042	28.049421503
17.35	2089.98652444	-281.187981176	28.9062567965
17.4	2056.98492458	-280.691985244	28.4498171454
17.45	1998.98192699	-279.948228691	27.647587311
17.5	1777.35625417	-276.811038142	24.5823194079
17.55	1976.35813343	-279.613292656	27.3346813765
17.6	2094.60464772	-281.262834921	28.9701292933
17.65	1998.34772273	-279.91903743	27.6388157371
17.7	2009.46944173	-279.997783969	27.792638387
17.75	1925.20827394	-278.901425489	26.627236158
17.8	2085.47290246	-281.176734359	28.84382964
17.85	2195.4999106	-282.704080303	30.3655949311
17.9	2180.85971527	-282.496087487	30.1631088189
17.95	1898.09392241	-278.526288284	26.2522220615
18.0	2186.76076064	-282.577480917	30.2447251982
18.05	2133.16267605	-281.771384201	29.5034189846
18.1	1900.14071599	-278.438308346	26.2805309238
18.15	1995.52588319	-279.854185912	27.5997873428
18.2	2002.38570778	-279.916337078	27.6946644382
18.25	2011.81477878	-280.013483038	27.8250763545
18.3	2008.32369875	-280.049424332	27.776791806
18.35	2151.90848692	-282.071891184	29.7626891839
18.4	1963.27661877	-279.381182249	27.1537531182
18.45	2057.23376344	-280.729422178	28.4532587943
18.5	2034.44130915	-280.465041604	28.1380201414
18.55	1867.01985577	-278.086127664	25.8224418024
18.6	2022.78868216	-280.238130549	27.9768545911
18.65	1835.94663078	-277.638709317	25.392673184
18.7	1955.93357984	-279.316345559	27.0521927651
18.75	1906.80730736	-278.585778643	26.3727354428
18.8	1984.82437614	-279.670631017	27.4517765745
18.85	1948.08886608	-279.187504538	26.943693831
18.9	1938.95500524	-279.074973739	26.8173649175
18.95	1989.57801257	-279.771554151	27.5175233311
19.0	2018.50931902	-280.238639506	27.9176674296
19.05	1767.47793651	-276.66301538	24.4456940355
19.1	2060.12716577	-280.774694712	28.4932769618
19.15	2047.66152497	-280.623846465	28.3208667526
19.2	1819.36369892	-277.45401876	25.1633174053
19.25	2200.85852891	-282.731511113	30.4397090917
19.3	2142.92072945	-281.98850776	29.6383810019
19.35	1893.63841973	-278.569637217	26.1905987432
19.4	1986.37604174	-279.766811102	27.4732374039
19.45	1860.49646184	-277.968007555	25.7322178235
19.5	2060.17123833	-280.740015877	28.493886522
19.55	1973.03674113	-279.513032204	27.2887437508
19.6	2025.05646286	-280.254517715	28.0082198897
19.65	2004.59937289	-279.978360748	27.7252812731
19.7	2109.98256304	-281.495556653	29.1828186882
19.75	2106.07288997	-281.369295511	29.1287446487
19.8	1921.67553661	-278.831752575	26.5783754542
19.85	1796.61672676	-277.096799778	24.8487078081
19.9	1996.40702404	-279.839392046	27.6119742555
19.95	2099.13932515	-281.329896105	29.0328476643
20.0	2026.13006669	-280.306156349	28.0230687261
20.05	1913.07280976	-278.736377295	26.4593925668
20.1	2102.04119389	-281.366343431	29.0729829293
20.15	1947.91162586	-279.221311985	26.9412424509
20.2	1956.31346741	-279.361067186	27.0574469271
20.25	2019.31798912	-280.193107159	27.9288520117
20.3	1829.45939174	-277.515380452	25.3029492573
20.35	2111.56061527	-281.530284424	29.2046444668
20.4	1986.80331905	-279.84484449	27.4791470055
20.45	1829.01809861	-277.594732121	25.2968458053
20.5	2111.11825046	-281.546699264	29.1985261924
20.55	2154.72137483	-282.113012178	29.8015937699
20.6	1707.72608684	-275.868095934	23.6192761183
20.65	1970.29286882	-279.517611323	27.2507937082
20.7	2086.44478698	-281.123990577	28.8572716135
20.75	1938.34256414	-279.003499884	26.8088943462
20.8	1988.06152254	-279.723808461	27.4965490092
20.85	2112.06356284	-281.592473147	29.2116006511
20.9	2068.81030493	-280.907120409	28.6133720186
20.95	2107.45934127	-281.490976804	29.1479204267
21.0	1893.4910328	-278.461183846	26.1885602592
21.05	2056.32699358	-280.730250435	28.4407174108
21.1	2103.8761312	-281.443486917	29.0983616428
21.15	2096.33931484	-281.300488345	28.9941211864
21.2	2082.72867829	-281.09544359	28.8058747309
21.25	2154.00690159	-282.010938527	29.7917120091
21.3	2131.58221096	-281.686360428	29.4815598341
21.35	1956.55404036	-279.26027051	27.0607742517
21.4	1884.82739573	-278.256117793	26.0687349326
21.45	2085.91014151	-281.164100823	28.8498770206
21.5	1890.35347068	-278.425727276	26.1451651582
21.55	2086.91197296	-281.122452314	28.8637331852
21.6	2125.43765831	-281.616701556	29.3965755461
21.65	1881.67111749	-278.260960907	26.0250809719
21.7	1974.72017057	-279.638861313	27.3120269841
21.75	2019.54099325	-280.226728687	27.9319363447
21.8	1864.53364902	-278.033841421	25.7880554894
21.85	1975.30007184	-279.511747271	27.3200475023
21.9	2032.7005183	-280.389962127	28.1139435519
21.95	1868.95368401	-278.014862077	25.8491882599
22.0	1942.81808582	-279.050395791	26.8707945439
22.05	2105.48387108	-281.478364055	29.1205980262
22.1	1858.57561095	-277.91883173	25.7056508536
22.15	1823.91723	-277.436681627	25.226296538
22.2	1835.6080862	-277.599694967	25.3879908301
22.25	2011.62014736	-280.045326314	27.8223844397
22.3	2069.78998369	-280.971299223	28.6269217929
22.35	2104.12244172	-281.427490592	29.1017683226
22.4	2085.09289948	-281.094818907	28.8385738817
22.45	2108.10297293	-281.50117627	29.1568223893
22.5	1935.88339762	-279.104677937	26.7748820222
22.55	2010.20788132	-280.165052778	27.8028516225
22.6	2018.54475821	-280.15977473	27.9181575832
22.65	2145.47497246	-281.961848268	29.6737083131
22.7	2145.60994129	-282.088094155	29.6755750445
22.75	1913.82464067	-278.763044434	26.4697910153
22.8	1951.04050252	-279.291034548	26.9845174248
22.85	2003.38964834	-280.000760546	27.7085497735
22.9	2026.11343527	-280.251298843	28.0228386997
22.95	2034.98348174	-280.412383351	28.1455188404
23.0	2167.83611287	-282.30627575	29.9829815354
23.05	2043.15999033	-280.566325838	28.2586067739
23.1	2031.33992671	-280.385193566	28.0951254354
23.15	2195.96782896	-282.655796651	30.3720666323
23.2	2087.59481593	-281.153975974	28.873177473
23.25	1925.33164879	-278.878442907	26.6289425351
23.3	1990.71319864	-279.803425763	27.5332239013
23.35	2152.46075679	-282.02841132	29.7703275369
23.4	2125.78976038	-281.6310986	29.4014454114
23.45	1987.54728182	-279.745844183	27.4894366312
23.5	2074.5929032	-280.997090141	28.6933501757
23.55	1978.98627796	-279.656998235	27.3710308075
23.6	2061.47391827	-280.81828867	28.5119036721
23.65	1905.81468894	-278.56726047	26.3590067022
23.7	1994.51698573	-279.867434882	27.5858334494
23.75	2013.41808109	-280.095359002	27.8472513628
23.8	1781.00017474	-276.814856302	24.6327178686
23.85	1963.60239772	-279.423583958	27.1582589128
23.9	1981.00652787	-279.646525847	27.3989725487
23.95	1950.23559805	-279.116698669	26.9733849246
24.0	2025.76634626	-280.261417744	28.0180381691
24.05	2125.3984748	-281.690086919	29.3960336056
24.1	1875.95252128	-278.154928653	25.9459880167
24.15	1859.42236831	-277.883539291	25.7173622141
24.2	2055.21988376	-280.759034074	28.4254051586
24.25	1942.097431	-279.117307532	26.8608272866
24.3	2035.76821038	-280.457459548	28.1563722921
24.35	2318.975819	-284.437481245	32.07336973
24.4	2176.59242327	-282.427579143	30.1040886114
24.45	2066.89413687	-280.855896824	28.5868698161
24.5	2305.93464336	-284.21007961	31.8929993938
24.55	2020.35320662	-280.191327268	27.943169933
24.6	2187.82442682	-282.531758943	30.2594365886
24.65	1994.5317417	-279.789955313	27.5860375367
24.7	2203.4072832	-282.712884295	30.4749604894
24.75	1859.99772532	-277.945685053	25.7253198814
24.8	1846.54433084	-277.833296257	25.5392482149
24.85	2000.15683533	-279.937594725	27.6638372733
24.9	2059.32023682	-280.728990836	28.4821164614
24.95	1982.42853557	-279.69224474	27.4186401012
25.0	2062.91534075	-280.864630453	28.5318397472
25.05	1995.25164486	-279.849711937	27.5959943979
25.1	2211.05521015	-282.903228206	30.5807376979
25.15	2025.34114766	-280.378461525	28.0121573179
25.2	1988.82355306	-279.903634434	27.5070885268
25.25	2029.32854567	-280.434811695	28.0673063581
25.3	2115.53998808	-281.51545887	29.2596825117
25.35	2087.01265467	-281.075195969	28.8651256973
25.4	2055.94919701	-280.703305503	28.4354921692
25.45	2092.80129686	-281.259804963	28.9451874467
25.5	1992.06806685	-279.831210422	27.5519628587
25.55	2235.56342855	-283.28720094	30.9197067996
25.6	2133.12706674	-281.769315948	29.5029264782
25.65	2154.21481669	-282.047061948	29.7945876482
25.7	2155.54147549	-282.10501913	29.812936446
25.75	1998.58087986	-279.940890554	27.6420404947
25.8	2176.57697924	-282.427718499	30.1038750077
25.85	2052.36013739	-280.718798115	28.3858524812
25.9	2092.03665026	-281.203986739	28.9346117466
25.95	2135.51225928	-281.828074883	29.5359156803
26.0	2036.63837073	-280.41652585	28.1684073355
26.05	2085.98939283	-281.093499891	28.8509731326
26.1	2084.25472568	-281.097315814	28.8269812391
26.15	2222.18287212	-283.094150961	30.734642544
26.2	2056.39814597	-280.758780376	28.4417015078
26.25	2102.52419734	-281.403287888	29.0796632699
26.3	2013.21653639	-280.089688479	27.8444638314
26.35	2204.82589314	-282.779125383	30.494581048
26.4	2188.21491394	-282.5081786	30.2648373512
26.45	2190.09988	-282.631873944	30.290908004
26.5	2038.44610961	-280.540786484	28.193409872
26.55	2017.18206048	-280.207795366	27.899310337
26.6	2233.29790497	-283.283489598	30.8883727188
26.65	2179.28618574	-282.480296208	30.1413455932
26.7	2163.63180878	-282.247969601	29.9248325032
26.75	2143.3194669	-281.97561364	29.6438958734
26.8	2033.13920501	-280.397023154	28.120010955
26.85	1995.2494119	-279.883894047	27.5959635142
26.9	2105.01731598	-281.466263822	29.11414518
26.95	2081.74143073	-281.10306743	28.7922202737
27.0	1725.18940318	-276.06704395	23.8608083487
27.05	1995.37801105	-279.890845837	27.5977421476
27.1	1895.81768363	-278.489967914	26.2207397806
27.15	1910.83306933	-278.61300361	26.4284150886
27.2	2047.27302756	-280.569914725	28.3154935093
27.25	2050.93582574	-280.678600211	28.3661530631
27.3	1988.30584031	-279.727089006	27.4999281278
27.35	1925.64802209	-278.852110342	26.6333182417
27.4	2048.17250243	-280.578518008	28.327933997
27.45	2279.19442223	-283.843269151	31.5231598328
27.5	2010.31631311	-280.129334231	27.8043513245
27.55	1924.6408273	-278.857653129	26.6193878978
27.6	2115.39865115	-281.518421243	29.257727704
27.65	2056.97667579	-280.739572511	28.4497030577
27.7	2062.28284379	-280.764326788	28.5230917868
27.75	2110.69212111	-281.483728841	29.1926324681
27.8	2017.98331051	-280.215974423	27.9103922933
27.85	2258.70343653	-283.537624721	31.2397524099
27.9	1999.44287961	-279.915557022	27.6539626702
27.95	2072.19577701	-280.915966181	28.6601959211
28.0	1849.93306951	-277.710721784	25.5861172971
28.05	1871.70860632	-278.115672357	25.8872911331
28.1	2186.15762713	-282.626854439	30.2363833588
28.15	1957.54138492	-279.35296554	27.0744300505
28.2	1994.94159406	-279.875498517	27.5917061367
28.25	1987.6026026	-279.712366744	27.4902017637
28.3	2143.32158201	-281.915662991	29.643925127
28.35	1946.55466215	-279.164487852	26.922474511
28.4	2049.44940463	-280.582812057	28.3455946194
28.45	2013.53757337	-280.101110555	27.8489040406
28.5	2080.64623737	-281.024945926	28.7770728361
28.55	2027.58082795	-280.30777883	28.0431339642
28.6	2069.33540981	-280.966291734	28.6206346571
28.65	1970.63597995	-279.548125185	27.2555392214
28.7	2046.83859969	-280.601729989	28.3094850095
28.75	2091.17356033	-281.214856549	28.922674493
28.8	1999.16597703	-279.920423181	27.6501328766
28.85	1912.68479301	-278.713520506	26.4540259714
28.9	2124.00002042	-281.717958525	29.376691815
28.95	1864.07364682	-278.043877319	25.7816932753
29.0	1883.34609016	-278.324475946	26.048247241
29.05	2331.98067219	-284.612544359	32.2532376963
29.1	2131.84410261	-281.81917126	29.4851820141
29.15	1856.84684219	-277.953664326	25.6817405397
29.2	2022.08773425	-280.255345913	27.9671598968
29.25	1858.07215354	-277.966249701	25.6986876176
29.3	1897.31784799	-278.509072128	26.2414883049
29.35	1917.43757776	-278.74273142	26.5197609487
29.4	1922.18562283	-278.750017287	26.5854303721
29.45	2085.20948365	-281.194614986	28.8401863381
29.5	2187.33530455	-282.63102002	30.2526716198
29.55	2068.18937252	-280.859453903	28.6047840055
29.6	2288.32207296	-283.962910012	31.6494028553
29.65	2119.289404	-281.61864704	29.3115400611
29.7	1951.07641808	-279.220564247	26.9850141669
29.75	2044.63803411	-280.533974017	28.2790493521
29.8	1886.00552607	-278.329880855	26.0850294577
29.85	2023.73802172	-280.272962308	27.989984749
29.9	2286.25848532	-283.875746287	31.6208617172
29.95	2379.51427504	-285.259722057	32.9106670694
30.0	1928.7648666	-278.932147705	26.6764268009
30.05	1990.51307393	-279.794418289	27.5304560096
30.1	2092.78156407	-281.211121935	28.9449145258
30.15	1913.44183507	-278.647219609	26.4644964945
30.2	2246.50560096	-283.410535864	31.0710461703
30.25	1899.22866795	-278.516308123	26.2679165388
30.3	2193.4712223	-282.58646872	30.3375364799
30.35	2178.0703039	-282.398835474	30.1245289332
30.4	1980.71827569	-279.57357236	27.3949857806
30.45	2084.49386157	-281.054573439	28.8302886878
30.5	1995.00011771	-279.80529055	27.5925155676
30.55	2082.29284549	-281.064961605	28.7998467996
30.6	2099.04555093	-281.347617332	29.0315506886
30.65	1951.88620369	-279.270644806	26.9962141774
30.7	1884.38077671	-278.299955577	26.062557819
30.75	2058.96732568	-280.707666846	28.477235406
30.8	2034.14782666	-280.398589563	28.1339610337
30.85	1897.65753238	-278.512760825	26.2461864234
30.9	2023.2824155	-280.296325846	27.983683335
30.95	1913.29127569	-278.72854327	26.4624141328
31.0	2029.73617678	-280.379627755	28.0729442363
31.05	1960.38680166	-279.370488695	27.1137845372
31.1	1835.54613484	-277.585098329	25.3871339911
31.15	1952.85213908	-279.207499702	27.0095738694
31.2	2223.35960494	-283.040016326	30.7509177403
31.25	1958.95653338	-279.278709786	27.094002734
31.3	1961.25076756	-279.409764312	27.1257339062
31.35	1917.77684917	-278.771142752	26.5244533553
31.4	2013.80940548	-280.132254005	27.8526637054
31.45	2111.56319666	-281.523717044	29.2046801694
31.5	1967.47315196	-279.477630176	27.2117946723
31.55	1983.76142048	-279.73067952	27.4370750112
31.6	1924.72727029	-278.910832317	26.6205834763
31.65	1880.59472355	-278.280221663	26.010193546
31.7	2091.4709656	-281.242040999	28.9267878559
31.75	2172.3304278	-282.372437152	30.0451416594
31.8	1946.88960347	-279.221752472	26.9271070289
31.85	2131.96491484	-281.772008459	29.4868529481
31.9	2015.89361808	-280.209019333	27.881490104
31.95	1904.2619773	-278.701174161	26.3375314051
32.0	1890.79144785	-278.416700209	26.1512227477
32.05	1996.75492462	-279.875535505	27.6167860107
32.1	1991.62402418	-279.821412987	27.5458213782
32.15	2037.76976922	-280.458730909	28.1840555202
32.2	1942.31552124	-279.129912313	26.8638436565
32.25	1905.99190827	-278.531503967	26.3614577932
32.3	2080.44769671	-280.957157748	28.7743268531
32.35	2063.23793989	-280.793167694	28.5363015625
32.4	1908.48861144	-278.72406927	26.3959892805
32.45	2041.60548801	-280.536554419	28.2371067103
32.5	2129.50162909	-281.718097312	29.4527836516
32.55	2113.46073226	-281.52571819	29.2309246695
32.6	2141.11007919	-281.908366615	29.6133381986
32.65	2027.89751329	-280.337403354	28.0475139867
32.7	2098.22569029	-281.357517052	29.0202113321
32.75	2188.89548792	-282.613720654	30.2742502569
32.8	2184.88547297	-282.503216389	30.2187884056
32.85	1924.81030029	-278.780853037	26.6217318505
32.9	1967.97373427	-279.458293193	27.2187181431
32.95	2006.03727894	-280.071690112	27.745168713
33.0	2247.99230045	-283.370631498	31.0916084643
33.05	2086.53184969	-281.167993304	28.8584757633
33.1	2096.41671575	-281.30774163	28.9951917055
33.15	2010.67275216	-280.085932876	27.8092811738
33.2	2079.36843304	-281.110110182	28.7593997364
33.25	1933.50617544	-279.003204873	26.7420030567
33.3	2099.10755373	-281.293829005	29.032408239
33.35	1988.6321889	-279.812452198	27.5044418009
33.4	2135.6802273	-281.762197278	29.5382388182
33.45	2305.02343054	-284.268238561	31.8803965605
33.5	2054.83680092	-280.843924373	28.4201068034
33.55	2006.9747398	-280.088111614	27.7581345786
33.6	2220.18411467	-283.05191733	30.7069980614
33.65	1972.25210553	-279.515099431	27.277891586
33.7	2268.11231006	-283.656750071	31.3698849783
33.75	2159.946535	-282.152246898	29.8738620931
33.8	1850.69514773	-277.74680536	25.5966574745
33.85	2352.63557341	-284.935555082	32.5389122075
33.9	1920.66413589	-278.817505568	26.5643869387
33.95	2019.88638867	-280.190115812	27.9367134515
34.0	2453.29476649	-286.358955345	33.9311128031
34.05	2159.18478408	-282.213358365	29.8633264425
34.1	2090.41763993	-281.239193305	28.9122194834
34.15	2100.89521537	-281.449361577	29.0571330905
34.2	1803.34525271	-277.210694422	24.9417689339
34.25	2168.82076277	-282.284962801	29.9966000647
34.3	2104.97852894	-281.386990729	29.1136087229
34.35	2199.62856237	-282.714747654	30.4226976286
34.4	2039.17789558	-280.434345445	28.2035310822
34.45	2175.26947978	-282.389587023	30.0857911996
34.5	2024.17096958	-280.202385456	27.9959727791
34.55	1954.40989177	-279.326694821	27.0311188884
34.6	1945.85593535	-279.119396794	26.9128105366
34.65	2141.52601453	-281.924553505	29.6190909313
34.7	2168.7656709	-282.281903464	29.9958380982
34.75	2219.38178568	-283.023260204	30.6959011822
34.8	1947.96224847	-279.221394093	26.9419426038
34.85	2108.67420633	-281.475877926	29.1647230236
34.9	1913.47069872	-278.734657217	26.4648957029
34.95	2000.26430538	-279.987993709	27.6653236736
35.0	2094.72167296	-281.301570919	28.9717478499
35.05	1960.49057806	-279.413294916	27.1152198514
35.1	1831.90630557	-277.543791356	25.3367921165
35.15	2105.66520551	-281.401668357	29.1231060326
35.2	1994.98147932	-279.882427739	27.5922577832
35.25	1867.64265151	-277.990646597	25.8310555869
35.3	1893.70349829	-278.461711005	26.1914988341
35.35	1992.10915454	-279.880636269	27.5525311357
35.4	2018.84140117	-280.165893998	27.9222604028
35.45	1818.15825936	-277.355263726	25.1466451708
35.5	1923.19366118	-278.892658247	26.5993723833
35.55	2150.58425734	-282.064706311	29.7443739843
35.6	1965.61863507	-279.470203953	27.1861451569
35.65	1936.58019264	-279.058949343	26.7845192785
35.7	1834.47720343	-277.598223371	25.3723497781
35.75	2037.22385335	-280.503149179	28.1765050485
35.8	1980.19942041	-279.627567363	27.3878095793
35.85	2084.87210434	-281.188611641	28.8355201009
35.9	1960.06462712	-279.402409133	27.1093285947
35.95	1835.52276251	-277.640061861	25.3868107323
36.0	1989.60966304	-279.811932846	27.5179610836
36.05	2232.67122376	-283.207669254	30.879705195
36.1	1993.76594911	-279.796854831	27.5754459865
36.15	1833.7445697	-277.556819961	25.3622168427
36.2	1976.69713418	-279.591338829	27.3393700396
36.25	2076.36682534	-281.033688237	28.7178849984
36.3	2193.30357698	-282.656987335	30.3352178052
36.35	1999.86246129	-279.967202596	27.6597658347
36.4	2109.72185358	-281.534291041	29.1792128589
36.45	1954.93763117	-279.329480875	27.0384179645
36.5	1963.82690489	-279.541168177	27.1613640342
36.55	2146.554304	-282.051519055	29.6886363684
36.6	1994.69725372	-279.752111236	27.5883267059
36.65	2185.2812821	-282.582528388	30.224262776
36.7	2046.04829903	-280.607689178	28.2985544922
36.75	2030.70942473	-280.346852312	28.0864050672
36.8	2045.69334183	-280.586769321	28.2936451381
36.85	2006.74647637	-280.031901073	27.754977505
36.9	2212.83759446	-282.939890021	30.6053895594
36.95	2025.40758177	-280.354003801	28.013076157
37.0	2151.21531994	-282.147843896	29.7531021065
37.05	2074.95474766	-280.900004857	28.6983547864
37.1	2074.87303724	-280.944602423	28.697224663
37.15	2270.61414062	-283.805705749	31.4044873817
37.2	1993.93830846	-279.912122168	27.5778298601
37.25	1997.29932131	-279.862060466	27.6243154711
37.3	2098.62156712	-281.318875187	29.0256866389
37.35	2157.38372114	-282.23342615	29.8384162399
37.4	1879.91767742	-278.205156456	26.0008294333
37.45	2036.6500265	-280.3856156	28.1685685444
37.5	2190.7924386	-282.581100188	30.3004866671
37.55	2269.7766797	-283.743514419	31.3929045987
37.6	1907.88479561	-278.691566521	26.387638004
37.65	2030.79385663	-280.320438874	28.0875728307
37.7	2258.15075505	-283.517427188	31.232108364
37.75	2085.54444631	-281.151134752	28.8448191511
37.8	2005.92033671	-279.957963469	27.7435513044
37.85	2099.12761563	-281.235743805	29.0326857119
37.9	1933.630151	-278.935656102	26.743717742
37.95	2198.47796948	-282.694399334	30.4067839693
38.0	2026.5395097	-280.264775723	28.0287316643
38.05	2218.30729493	-282.961768594	30.6810400789
38.1	2010.89877976	-280.070362558	27.8124073242
38.15	2111.00814202	-281.482070141	29.1970033008
38.2	2034.22166703	-280.397129294	28.1349823076
38.25	2244.2440142	-283.390924269	31.0397665392
38.3	1856.14939657	-277.851292869	25.6720942851
38.35	1954.88324733	-279.28390204	27.0376657906
38.4	2355.04735555	-284.854154324	32.5722691661
38.45	1946.00148236	-279.144166956	26.9148235731
38.5	1851.35807668	-277.8580819	25.6058263348
38.55	1891.62211697	-278.439303716	26.1627115945
38.6	2136.22150562	-281.889039727	29.5457251488
38.65	1992.45875739	-279.880759083	27.5573664348
38.7	2011.02631185	-280.104424117	27.8141711993
38.75	2101.55443483	-281.406513222	29.0662506456
38.8	1923.60207684	-278.819128685	26.6050211125
38.85	2156.32453288	-282.13915221	29.8237667828
38.9	2134.41651481	-281.823661215	29.5207606203
38.95	1994.64707713	-279.869675654	27.5876327219
39.0	2216.2852382	-282.926540084	30.653073348
39.05	2026.51914962	-280.265641245	28.0284500675
39.1	2099.85061234	-281.332394455	29.0426853593
39.15	2059.14614194	-280.787305616	28.479708584
39.2	1984.46369012	-279.740621694	27.4467879861
39.25	1904.04425053	-278.593406436	26.3345200623
39.3	2008.39813888	-280.056606775	27.777821375
39.35	2106.05396241	-281.427966932	29.1284828648
39.4	1966.96938252	-279.513773545	27.2048271207
39.45	2091.94929092	-281.344254316	28.9334034939
39.5	1904.83160898	-278.598781001	26.3454098864
39.55	2247.85401237	-283.337378886	31.0896958247
39.6	2018.46899056	-280.143743849	27.9171096534
39.65	2082.06061377	-281.138152317	28.7966348413
39.7	2124.65953325	-281.732412734	29.3858134276
39.75	2207.52437736	-282.868879888	30.5319033355
39.8	2296.86087176	-284.142026631	31.7675015645
39.85	2097.2591848	-281.227161607	29.0068437551
39.9	2438.79060934	-286.048756869	33.7305082124
39.95	1757.7895716	-276.429155936	24.3116958683
40.0	2130.28547116	-281.803009184	29.4636248412
40.05	2072.28290349	-280.937354737	28.661400953
40.1	1745.88800075	-276.318364248	24.1470872168
40.15	2060.71866358	-280.828407491	28.5014578698
40.2	2131.82300937	-281.749098411	29.484890277
40.25	2227.64540896	-283.103127055	30.8101939845
40.3	1962.72823387	-279.317031237	27.1461684976
40.35	1884.2414859	-278.223121606	26.0606313108
40.4	2196.88933985	-282.634743332	30.3848118965
40.45	2098.27827628	-281.254525161	29.0209386403
40.5	1928.9110539	-278.875285161	26.6784486932
40.55	2134.9458666	-281.817026368	29.5280819971
40.6	2146.69717908	-281.978571849	29.69061245
40.65	1991.68636504	-279.822622788	27.5466836044
40.7	2045.99915897	-280.617444447	28.2978748442
40.75	1952.70138829	-279.246164202	27.0074888603
40.8	2057.31729696	-280.727060871	28.4544141326
40.85	2176.42754196	-282.437154113	30.1018081654
40.9	2166.70124175	-282.236075954	29.9672853212
40.95	1928.12501953	-278.937655419	26.6675771822
41.0	2144.97713124	-281.959707424	29.6668227538
41.05	1945.73194342	-279.150079782	26.9110956248
41.1	2112.7813076	-281.536312101	29.2215276598
41.15	2150.50216603	-282.057276265	29.743238593
41.2	1935.6624127	-279.076576063	26.7718256165
41.25	2207.16637317	-282.91499533	30.5269518389
41.3	1911.97850527	-278.768649482	26.4442574229
41.35	2167.67570964	-282.349856069	29.9807630249
41.4	2047.69440382	-280.582974881	28.3213214945
41.45	2022.14146284	-280.198744008	27.9679030081
41.5	1836.06592203	-277.571915185	25.3943230815
41.55	1915.280349	-278.798520401	26.4899246756
41.6	1736.19386599	-276.290673795	24.0130092477
41.65	2042.63648087	-280.59952777	28.2513662014
41.7	2003.77743132	-279.993677071	27.7139131355
41.75	2145.34984583	-281.987886099	29.6719777075
41.8	2047.33430238	-280.65520412	28.3163409912
41.85	1995.39459159	-279.911091681	27.5979714704
41.9	2021.96417986	-280.269212771	27.9654510366
41.95	2121.93989186	-281.775064848	29.3481985189
42.0	1820.32784135	-277.427521961	25.1766522992
42.05	2011.00178908	-280.129176666	27.8138320289
42.1	1851.88112386	-277.829093943	25.6130605136
42.15	2093.76375263	-281.28029474	28.9584990128
42.2	2060.05244942	-280.723093244	28.4922435723
42.25	2054.50291857	-280.627318998	28.4154889321
42.3	2000.37991651	-279.912200418	27.6669226721
42.35	2117.13608168	-281.574640012	29.2817578174
42.4	1881.41005462	-278.213558885	26.0214702547
42.45	2164.69012008	-282.170516664	29.9394698311
42.5	1973.96628012	-279.548901997	27.3016000504
42.55	2219.3248575	-282.995099969	30.695113818
42.6	2088.21890267	-281.254147195	28.8818091132
42.65	2090.25476323	-281.298042593	28.9099667628
42.7	1963.35136665	-279.448041074	27.1547869436
42.75	1831.12606706	-277.482340688	25.3260007672
42.8	1847.14450292	-277.807381003	25.5475490954
42.85	2250.52035631	-283.437599743	31.1265735853
42.9	2152.44653925	-281.983709048	29.7701308965
42.95	1999.35027764	-279.907343507	27.6526819077
43.0	1955.36686338	-279.359228287	27.0443546039
43.05	1959.27420501	-279.346773676	27.0983963976
43.1	2070.91432783	-280.902278923	28.6424724101
43.15	2125.74222322	-281.664969257	29.4007879329
43.2	1906.07793145	-278.678024787	26.3626475657
43.25	2008.65664456	-280.088545521	27.7813967242
43.3	2082.53838448	-281.054905284	28.8032428087
43.35	2036.09713743	-280.425449804	28.1609216274
43.4	1907.99918669	-278.614498113	26.389220128
43.45	2136.13958091	-281.822008655	29.5445920617
43.5	1954.45980592	-279.318167029	27.0318092427
43.55	2071.56489097	-280.965561769	28.6514702411
43.6	1868.67707197	-278.167019179	25.8453624847
43.65	2141.1923832	-281.975458938	29.6144765316
43.7	2054.35307566	-280.685494563	28.4134164797
43.75	1976.36873233	-279.591371042	27.3348279681
43.8	2042.41172325	-280.654584193	28.248257616
43.85	1986.56829336	-279.72327297	27.4758964042
43.9	2063.6464172	-280.814654542	28.5419511443
43.95	1963.88557421	-279.435825848	27.1621754798
44.0	1953.25950725	-279.179159128	27.015208111
44.05	2111.17631616	-281.497580521	29.1993292895
44.1	2036.65134678	-280.493895069	28.168586805
44.15	2028.14117401	-280.341512445	28.0508840177
44.2	2033.89707723	-280.514475649	28.1304929599
44.25	2243.34487255	-283.464784227	31.0273306602
44.3	1944.17228564	-279.101800005	26.8895242569
44.35	1915.50725313	-278.733655981	26.493062949
44.4	2040.50675438	-280.530563974	28.2219103078
44.45	2159.71535324	-282.201645123	29.8706646565
44.5	2235.70307561	-283.207343145	30.9216382348
44.55	2223.51488895	-283.035355376	30.7530654477
44.6	2300.49562453	-284.160774222	31.8177732269
44.65	2011.55395017	-280.047664571	27.8214688772
44.7	1989.70290609	-279.770962789	27.5192507128
44.75	2047.94791234	-280.549222467	28.3248277287
44.8	2007.59734078	-280.013076943	27.7667456694
44.85	1933.71063867	-278.962179921	26.7448309536
44.9	2128.73280886	-281.723289294	29.4421502266
44.95	1899.97238452	-278.591513196	26.2782027593
45.0	2065.78909598	-280.942390853	28.5715861789
45.05	1979.14322449	-279.620593522	27.3732015088
45.1	2171.868955	-282.374853567	30.0387591056
45.15	2068.50790129	-280.915095801	28.609189524
45.2	1874.2683598	-278.070905091	25.9226946587
45.25	2099.03013202	-281.334512524	29.0313374323
45.3	2069.73653549	-281.000764685	28.6261825598
45.35	1896.37433437	-278.439247657	26.2284387247
45.4	2124.61554024	-281.664367104	29.3852049675
45.45	2047.9427534	-280.611973203	28.3247563762
45.5	1992.2844624	-279.853853647	27.5549557897
45.55	1966.44267893	-279.464607569	27.1975423708
45.6	2074.27905689	-280.970812047	28.6890094195
45.65	2034.12897658	-280.384522526	28.1337003214
45.7	2062.71696686	-280.754476192	28.5290960709
45.75	1942.08411678	-279.171368884	26.8606431399
45.8	1947.70984379	-279.247924637	26.9384516366
45.85	2104.1734799	-281.464128242	29.1024742232
45.9	1933.51313573	-279.012497757	26.7420993233
45.95	1947.7669715	-279.159020339	26.9392417604
46.0	1931.77702444	-278.956886273	26.7180874562
46.05	2035.49939415	-280.452418152	28.1526543394
46.1	1944.94342668	-279.140698864	26.9001897806
46.15	2029.76437616	-280.344561384	28.0733342573
46.2	2025.26919441	-280.279643873	28.0111621444
46.25	1876.08355166	-278.134453824	25.9478002762
46.3	2092.62373763	-281.242271668	28.9427316546
46.35	2053.96553114	-280.667766548	28.4080564157
46.4	2125.15370242	-281.718231584	29.3926481993
46.45	1911.44635763	-278.761615188	26.4368973773
46.5	2104.83642091	-281.479679403	29.1116432504
46.55	2002.53891178	-280.007323421	27.6967833773
46.6	2161.99142393	-282.265267219	29.9021446125
46.65	1927.84642198	-278.954062995	26.6637239458
46.7	2110.08404346	-281.464669511	29.184222247
46.75	1932.70613877	-278.972334932	26.7309378822
46.8	1990.92624724	-279.792004348	27.5361705411
46.85	2063.85787997	-280.74024258	28.5448758508
46.9	2050.94585745	-280.653370597	28.36629181
46.95	1994.87794407	-279.884998411	27.5908258043
47.0	2064.12349253	-280.862334281	28.5485494941
47.05	2008.84134347	-280.053067428	27.7839512642
47.1	2030.93571292	-280.379120104	28.0895348216
47.15	2199.30744124	-282.782187972	30.4182562556
47.2	2015.12654076	-280.099674813	27.8708807849
47.25	2176.72223241	-282.337488778	30.1058839801
47.3	1825.45124598	-277.384267179	25.2475132586
47.35	1974.64031955	-279.551855987	27.3109225779
47.4	2064.22632771	-280.849320276	28.5499717903
47.45	2062.68191535	-280.83022245	28.5286112792
47.5	2095.24167872	-281.275933994	28.9789399633
47.55	2108.05975958	-281.404089598	29.1562247126
47.6	1760.06448348	-276.498607795	24.343159797
47.65	1948.24031337	-279.142290747	26.9457884733
47.7	2087.42508003	-281.178074415	28.870829884
47.75	2153.57534354	-282.083755064	29.7857432012
47.8	1985.3069203	-279.742531616	27.4584505627
47.85	2097.04866053	-281.365387694	29.0039320289
47.9	1767.93582118	-276.718715742	24.4520269625
47.95	2021.31701193	-280.261023488	27.9565001644
48.0	1690.64365928	-275.577514032	23.3830118975
48.05	1849.20812034	-277.743087952	25.5760906454
48.1	1949.18614236	-279.212162999	26.9588700771
48.15	2004.34936977	-279.967945852	27.7218235213
48.2	2085.20903526	-281.135786691	28.8401801364
48.25	1768.81080277	-276.67699231	24.4641286876
48.3	1868.77999229	-278.100654491	25.8467859585
48.35	1866.99429496	-278.047115617	25.8220882751
48.4	1841.01255084	-277.694546242	25.4627390837
48.45	1873.05767459	-278.07962846	25.9059498725
48.5	1802.80103771	-277.143253375	24.9342419866
48.55	1962.74841074	-279.392673507	27.1464475604
48.6	1952.58613323	-279.293992995	27.0058947866
48.65	2151.17411535	-282.120649825	29.7525322127
48.7	1853.67994459	-277.882776651	25.6379397045
48.75	2218.35252897	-283.029637902	30.6816657034
48.8	2068.12465561	-280.94591577	28.6038889167
48.85	1985.364672	-279.749853642	27.4592493169
48.9	2078.98020984	-281.020600683	28.7540302858
48.95	2130.99027081	-281.751930799	29.4733728083
49.0	1820.04962347	-277.423022499	25.1728043139
49.05	2059.32874681	-280.824076983	28.4822341616
49.1	2079.72742631	-281.128619981	28.7643649127
49.15	2199.68334154	-282.774391606	30.4234552702
49.2	2056.29238714	-280.740347321	28.4402387749
49.25	2004.5070794	-280.035725983	27.7240047771
49.3	2062.80558891	-280.816796077	28.5303217878
49.35	2017.66108329	-280.195700842	27.9059356221
49.4	2188.36885568	-282.584505237	30.2669664938
49.45	2025.65160788	-280.256427962	28.0164512417
49.5	2043.19921845	-280.552960859	28.2591493316
49.55	2202.02099683	-282.890508576	30.4557869927
49.6	2074.94736564	-281.103015778	28.6982526868
49.65	2067.18747339	-280.893358335	28.5909269049
49.7	1981.11517739	-279.711401206	27.4004752621
49.75	1978.94070615	-279.735958585	27.3704005113
49.8	1976.08502248	-279.607391071	27.3309040244
49.85	1984.53143556	-279.633344431	27.447724962
49.9	2119.22971813	-281.565799464	29.3107145557
49.95	1996.93655499	-279.828823573	27.6192981103
50.0	2030.77058695	-280.389318324	28.0872509917
50.05	2159.82932441	-282.157846051	29.8722409729
50.1	2034.96975207	-280.370429438	28.1453289477
50.15	2102.46100768	-281.420318908	29.0787893041
50.2	2228.28058749	-283.128107236	30.8189790334
50.25	2032.4688381	-280.410307308	28.1107392216
50.3	2242.77453285	-283.346262	31.0194423865
50.35	1862.14172011	-277.889749353	25.7549731175
50.4	2309.40545644	-284.175008281	31.9410036335
50.45	2202.34963507	-282.712305404	30.4603323336
50.5	2058.81197523	-280.73867074	28.4750867796
50.55	2041.98110162	-280.511598128	28.2423017597
50.6	2196.22638838	-282.708505596	30.3756427247
50.65	1938.83543224	-279.135714262	26.8157111231
50.7	2115.25843473	-281.550630808	29.2557883941
50.75	2170.57438409	-282.311401515	30.0208541102
50.8	2092.57055385	-281.259871615	28.9419960785
50.85	2076.51616907	-280.97451674	28.7199505468
50.9	1871.18266381	-278.108531079	25.8800169096
50.95	2120.83980211	-281.634809347	29.3329833601
51.0	2114.01882234	-281.507170759	29.2386435207
51.05	2163.79983054	-282.276344859	29.9271563843
51.1	2091.45291995	-281.320485114	28.9265382695
51.15	1968.0832562	-279.525262344	27.2202329228
51.2	1857.90927575	-277.988973958	25.696434882
51.25	2063.71628858	-280.813088519	28.5429175237
51.3	2112.246309	-281.522501797	29.2141281829
51.35	1829.67778626	-277.552872202	25.3059698357
51.4	2006.21610403	-280.043172948	27.7476420131
51.45	2029.25017232	-280.359091379	28.0662223892
51.5	2035.53431793	-280.45117065	28.1531373643
51.55	2125.49663366	-281.718480383	29.3973912245
51.6	2052.61926634	-280.676314722	28.3894364507
51.65	1918.33816212	-278.802569397	26.5322167816
51.7	2000.70553091	-279.998331552	27.6714261908
51.75	1928.11704179	-278.992928443	26.6674668435
51.8	2027.23400587	-280.318584681	28.0383371256
51.85	1969.04608061	-279.492416558	27.2335495874
51.9	2023.89775278	-280.285223805	27.9921939629
51.95	1944.212742	-279.118935409	26.890083802
52.0	2140.84842501	-281.88373045	29.609719303
52.05	2195.38419673	-282.730560944	30.3639945117
52.1	1952.12544711	-279.287646277	26.9995231133
52.15	2168.33110159	-282.374640896	29.9898276423
52.2	2105.27980842	-281.532696441	29.1177756695
52.25	2212.58025	-282.948978159	30.6018302709
52.3	1927.11661227	-278.859126811	26.6536300688
52.35	2087.49420931	-281.127634076	28.8717859996
52.4	2039.27193535	-280.48183658	28.2048317307
52.45	1893.57126855	-278.414868639	26.1896699865
52.5	1992.80991212	-279.816170928	27.5622231975
52.55	1851.36352863	-277.786259576	25.6059017397
52.6	1982.44066831	-279.656223879	27.4188079071
52.65	2095.2410306	-281.296683084	28.9789309992
52.7	2061.6806156	-280.803669005	28.5147624686
52.75	1932.79517145	-278.97451479	26.7321692785
52.8	2137.28972085	-281.873748507	29.5604994564
52.85	1882.24968508	-278.26523048	26.0330830443
52.9	1966.45870538	-279.431861907	27.19776403
52.95	2013.82914735	-280.193935449	27.8529367519
53.0	1848.98549616	-277.862232208	25.5730115673
53.05	1988.0716644	-279.792380286	27.4966892796
53.1	1811.1662996	-277.281510123	25.0499405356
53.15	2062.13174492	-280.832056957	28.5210019634
53.2	2133.53630958	-281.804789707	29.508586648
53.25	1962.78776921	-279.37155181	27.1469919209
53.3	2091.28017283	-281.189660123	28.9241490327
53.35	1989.3972913	-279.770674226	27.5150238052
53.4	2075.09267774	-281.0202593	28.7002624744
53.45	1821.29062693	-277.457201597	25.1899684269
53.5	2123.06439999	-281.675879304	29.3637514042
53.55	2097.37168459	-281.320368849	29.0083997211
53.6	2074.4456669	-280.984075903	28.6913137748
53.65	1969.31950185	-279.450383633	27.2373312312
53.7	1903.96339323	-278.680626779	26.3334017385
53.75	2016.27548554	-280.142602201	27.8867716495
53.8	1910.2116194	-278.648939789	26.4198199177
53.85	2094.6431889	-281.326360142	28.97066235
53.9	2163.36499496	-282.241386783	29.9211422455
53.95	2112.6286475	-281.462170682	29.2194162433
54.0	1936.53499244	-278.996659661	26.783894122
54.05	1813.72294486	-277.278565505	25.085301072
54.1	2110.41585082	-281.466728129	29.1888114196
54.15	2013.80377932	-280.164874164	27.8525858909
54.2	2010.27810313	-280.0948619	27.8038228487
54.25	2162.62682056	-282.211600006	29.9109326779
54.3	2071.36153127	-280.949299433	28.6486576068
54.35	2131.64895303	-281.766379001	29.4824829327
54.4	2085.58482811	-281.111456015	28.8453776651
54.45	2049.41109617	-280.723448187	28.3450647815
54.5	2035.41749538	-280.501383725	28.151521611
54.55	2125.81521311	-281.667214888	29.4017974439
54.6	1928.62210587	-279.018460474	26.6744523009
54.65	2044.40139907	-280.658787541	28.2757764922
54.7	2198.88335163	-282.824803494	30.4123907426
54.75	1868.92335433	-278.08830825	25.8487687751
54.8	2108.33833613	-281.41622123	29.1600776586
54.85	1997.83941706	-279.884352629	27.6317854458
54.9	1967.0914801	-279.496011092	27.2065158321
54.95	1967.17334725	-279.402240279	27.207648123
55.0	1851.72373971	-277.799640761	25.6108837595
55.05	1890.28623553	-278.413870159	26.1442352399
55.1	2204.70976699	-282.813676368	30.4929749265
55.15	2068.39875609	-280.903600705	28.6076799549
55.2	2036.44536662	-280.469325058	28.1657379276
55.25	2035.42051153	-280.463934527	28.1515633269
55.3	1954.46370059	-279.290113402	27.0318631092
55.35	2164.23189776	-282.203473812	29.9331322343
55.4	2060.33887226	-280.69354606	28.4962050391
55.45	1958.02212302	-279.339301531	27.0810790594
55.5	1994.48285251	-279.893503442	27.5853613585
55.55	1884.07439562	-278.247459735	26.058320313
55.6	2057.8573393	-280.78719324	28.4618833685
55.65	2140.35356416	-281.927198421	29.6028749647
55.7	2060.33760114	-280.772819422	28.4961874584
55.75	2047.8865835	-280.629973788	28.3239794997
55.8	1988.59495552	-279.821372621	27.5039268323
55.85	2107.10286496	-281.528059678	29.1429900619
55.9	2058.11594546	-280.774763287	28.4654601075
55.95	1913.03272879	-278.683132199	26.4588382135
56.0	1958.16441189	-279.363047432	27.0830470331
56.05	1963.8305575	-279.458759788	27.1614145527
56.1	2034.34757725	-280.406196558	28.136723751
56.15	2039.47338739	-280.463862637	28.2076179804
56.2	1906.01087558	-278.566020471	26.361720127
56.25	1984.14635601	-279.713748482	27.4423989906
56.3	2148.37874173	-282.039767066	29.713869864
56.35	1992.61921422	-279.81355427	27.5595856866
56.4	2016.89131127	-280.158718559	27.895289033
56.45	2204.76725228	-282.778699109	30.493769996
56.5	2015.79665169	-280.152985548	27.880148978
56.55	2000.56347488	-279.913796146	27.6694614374
56.6	1950.50720413	-279.2624355	26.9771414632
56.65	1997.53695359	-279.924940625	27.6276021237
56.7	2232.50178429	-283.254913801	30.8773617058
56.75	2109.56327568	-281.486405459	29.1770195942
56.8	2281.9642788	-283.834103039	31.5614692593
56.85	2195.85779355	-282.73909685	30.3705447508
56.9	2110.1377244	-281.507832472	29.1849646991
56.95	1946.00489486	-279.172188015	26.9148707709
57.0	1983.6311086	-279.685993962	27.4352726892
57.05	2034.99331237	-280.489195782	28.1456548063
57.1	1936.18126634	-279.067852313	26.7790017951
57.15	2105.75323314	-281.467969697	29.1243235281
57.2	1919.78392019	-278.911374953	26.5522128214
57.25	2002.93656001	-280.017659706	27.702283184
57.3	2148.52146381	-281.991631045	29.7158438294
57.35	2035.06537846	-280.3552321	28.1466515403
57.4	2304.85801831	-284.23325795	31.8781087714
57.45	1978.63165483	-279.557944034	27.3661260737
57.5	2124.87952734	-281.646957614	29.3888561293
57.55	2020.07820089	-280.159538219	27.9393663745
57.6	2128.0459389	-281.690636694	29.4326502421
57.65	2125.60650874	-281.710523567	29.3989108885
57.7	2006.93675062	-280.135703949	27.7576091565
57.75	1926.64736397	-278.968472579	26.6471399734
57.8	2178.09644056	-282.436679376	30.124890425
57.85	1812.75502142	-277.313124039	25.0719138835
57.9	2152.01554866	-282.122211366	29.7641699372
57.95	2033.183896	-280.392472664	28.1206290687
58.0	2232.48477285	-283.232176438	30.8771264235
58.05	2054.08772306	-280.759460141	28.4097464319
58.1	2036.23576758	-280.520287612	28.162838998
58.15	2016.61637923	-280.211282172	27.8914864935
58.2	2039.66823305	-280.563040423	28.2103128585
58.25	1965.98475102	-279.437516587	27.1912088459
58.3	1880.89592942	-278.277629946	26.0143594744
58.35	2001.70947794	-279.953569693	27.6853116155
58.4	2100.63293006	-281.410747943	29.053505466
58.45	1870.66525922	-278.112739647	25.8728607725
58.5	1865.06098145	-278.021497486	25.7953489367
58.55	2058.63795769	-280.833603277	28.472679972
58.6	2260.88005534	-283.622126339	31.2698568634
58.65	1950.05936224	-279.236798228	26.9709474364
58.7	2036.22415635	-280.44511022	28.162678405
58.75	1933.1081441	-278.960652715	26.7364979513
58.8	2320.01456824	-284.447062437	32.0877364983
58.85	1963.76156527	-279.382503459	27.1604603326
58.9	1963.48466192	-279.391010779	27.1566305284
58.95	2009.09681504	-280.141327368	27.7874846491
59.0	1694.89355302	-275.61318358	23.4417914726
59.05	2080.57990707	-281.041362122	28.7761554327
59.1	1852.64566606	-277.891915422	25.6236347698
59.15	2090.3589109	-281.297420024	28.9114072119
59.2	1864.36928303	-278.039307745	25.7857821707
59.25	1845.31293334	-277.808425347	25.5222169604
59.3	1914.40766637	-278.808062596	26.477854747
59.35	1976.84836569	-279.681767269	27.3414616976
59.4	2072.55376471	-280.978585953	28.6651471897
59.45	2082.13738597	-281.115769411	28.7976966649
59.5	1935.03493764	-279.178695584	26.763147113
59.55	2053.16860262	-280.761156649	28.3970342296
59.6	2221.81545602	-282.993025923	30.7295608729
59.65	2023.50572567	-280.243197188	27.986771901
59.7	1786.75259435	-276.968341238	24.7122786297
59.75	1894.16483591	-278.477531693	26.1978795182
59.8	1829.90002154	-277.610846454	25.3090435349
59.85	2151.87213524	-282.077905034	29.76218641
59.9	1783.44917129	-276.891381833	24.6665895334
59.95	2099.63357293	-281.386714058	29.0396835234
60.0	1988.50803136	-279.851429612	27.5027245987
60.05	1747.24016216	-276.346873415	24.1657887369
60.1	2035.52267626	-280.43978274	28.1529763503
60.15	2068.05738961	-280.915676098	28.6029585717
60.2	1933.86795868	-278.992570152	26.7470068207
60.25	1868.05960381	-278.057023463	25.836822385
60.3	2033.1444899	-280.419971561	28.1200840494
60.35	1830.89766033	-277.568896037	25.3228417116
60.4	1987.60338882	-279.740242629	27.4902126378
60.45	2113.414053	-281.537492882	29.2302790563
60.5	2037.7123848	-280.492445878	28.1832618458
60.55	1968.98051038	-279.55986425	27.2326426964
60.6	1935.2650104	-279.016749523	26.7663292111
60.65	1803.21047694	-277.09219006	24.9399048727
60.7	1879.39000045	-278.213679495	25.9935312207
60.75	2035.62914601	-280.432488222	28.1544489159
60.8	2155.5384731	-282.169863135	29.8128949204
60.85	1933.7074282	-279.028010156	26.7447865502
60.9	1930.89077698	-279.05142998	26.7058299145
60.95	1981.2503529	-279.720391418	27.4023448522
61.0	1877.74525306	-278.178059983	25.9707829925
61.05	2051.18448443	-280.622158019	28.3695922202
61.1	1956.51416336	-279.366245831	27.0602227196
61.15	2053.83629292	-280.683362096	28.4062689434
61.2	1964.92513895	-279.386782609	27.1765535272
61.25	1894.45148358	-278.462725737	26.2018440945
61.3	1939.4211119	-279.04730592	26.8238115613
61.35	2038.15583897	-280.318136086	28.1893951868
61.4	2107.87492686	-281.381484856	29.1536683219
61.45	1974.90756589	-279.55967376	27.3146188176
61.5	2188.34071324	-282.531260539	30.2665772604
61.55	2262.57329097	-283.658374258	31.2932757245
61.6	1979.33981751	-279.715176821	27.3759205543
61.65	2066.13702795	-280.910068716	28.5763983683
61.7	2100.83131524	-281.426893404	29.0562492985
61.75	1933.47253394	-279.107866631	26.7415377667
61.8	2041.83929935	-280.602676693	28.2403405161
61.85	1931.71486084	-278.999423898	26.7172276816
61.9	2013.88969942	-280.15609032	27.8537742376
61.95	2036.03065131	-280.419959932	28.160002069
62.0	2053.91452591	-280.626381557	28.4073509709
