# 	 t 	 T	E	K
2.05	1089.68235976	-307.995591123	15.0712158904
2.1	898.605251912	-305.316735917	12.4284601201
2.15	910.42375123	-305.478994829	12.5919198229
2.2	1010.47108817	-306.894186127	13.9756579378
2.25	1018.71609934	-307.022433782	14.0896933191
2.3	995.809925491	-306.666694195	13.7728818297
2.35	1017.14454621	-306.973851572	14.0679574284
2.4	1004.31695269	-306.796521384	13.8905411112
2.45	831.593303415	-304.36932491	11.5016289807
2.5	946.809862584	-306.007515565	13.095170091
2.55	978.993553276	-306.467632649	13.5402973762
2.6	998.88189777	-306.724818802	13.8153697685
2.65	995.216835232	-306.666991432	13.7646788967
2.7	939.177516696	-305.889499733	12.9896083815
2.75	1028.13397367	-307.141904342	14.219950376
2.8	928.241486281	-305.737866887	12.8383539596
2.85	1007.02445401	-306.854827972	13.9279881126
2.9	970.795974324	-306.316213918	13.4269180221
2.95	956.500804653	-306.131063466	13.2292039025
3.0	979.296463828	-306.454450652	13.5444868818
3.05	1063.25741799	-307.636995453	14.7057369059
3.1	982.805563711	-306.504231682	13.5930206599
3.15	926.190621449	-305.705499178	12.8099887885
3.2	970.837586157	-306.333495012	13.4274935484
3.25	967.876722366	-306.287050337	13.3865423327
3.3	893.365435806	-305.243946663	12.355989093
3.35	977.807091303	-306.432515635	13.5238876175
3.4	1097.31985853	-308.102359129	15.1768488684
3.45	1033.80904407	-307.20336065	14.298441333
3.5	943.506492776	-305.951320871	13.0494817313
3.55	941.373443954	-305.934386046	13.019979887
3.6	855.28809656	-304.71355959	11.8293477327
3.65	1041.58634278	-307.334909566	14.4060078609
3.7	945.851179234	-305.985282178	13.0819107006
3.75	1020.58683336	-307.045611465	14.1155671308
3.8	936.923026352	-305.839051729	12.9584268997
3.85	1131.41316945	-308.608633946	15.6483877942
3.9	885.876542096	-305.150582424	12.2524114469
3.95	996.617340851	-306.706332775	13.7840490576
4.0	966.569852714	-306.267942411	13.3684672354
4.05	968.137373892	-306.294598727	13.3901473607
4.1	924.890918812	-305.67818864	12.792012817
4.15	1127.51202622	-308.525507005	15.5944317295
4.2	884.590651708	-305.115098612	12.2346265103
4.25	942.734276505	-305.959467115	13.0388013362
4.3	967.963959038	-306.285647379	13.3877488886
4.35	1065.71599881	-307.652728849	14.7397411292
4.4	996.112805854	-306.688965525	13.7770709177
4.45	957.439710844	-306.166102272	13.2421897583
4.5	981.055780277	-306.485725895	13.5688196956
4.55	937.756857827	-305.851087609	12.9699594845
4.6	1055.86366963	-307.538048809	14.6034751993
4.65	894.665841952	-305.264281089	12.3739747946
4.7	1056.57803513	-307.540079259	14.6133554699
4.75	917.525199709	-305.58456361	12.6901387784
4.8	1039.72948441	-307.296440532	14.3803259608
4.85	1007.60860278	-306.837637787	13.9360673773
4.9	919.906786192	-305.606802876	12.7230781058
4.95	1051.27010828	-307.469745689	14.5399424145
5.0	912.698093489	-305.523571268	12.6233758733
5.05	967.085367808	-306.296243198	13.3755972391
5.1	951.540227635	-306.062247358	13.160594985
5.15	1100.3019118	-308.147260343	15.2180931524
5.2	984.654937177	-306.521498347	13.6185990375
5.25	967.883700684	-306.276998614	13.3866388486
5.3	985.935857708	-306.561884272	13.6363152368
5.35	885.955916213	-305.172639879	12.2535092571
5.4	1018.52986033	-307.009291395	14.0871174782
5.45	959.240557892	-306.162678748	13.267096975
5.5	1013.83845003	-306.938200615	14.0222313609
5.55	997.932939452	-306.703374498	13.8022448835
5.6	936.859416663	-305.868622979	12.9575471247
5.65	985.359746081	-306.534825935	13.6283471324
5.7	1038.091223	-307.2647443	14.3576674392
5.75	925.195505948	-305.702470508	12.7962255111
5.8	968.591135386	-306.298821289	13.3964232606
5.85	971.760266994	-306.344953586	13.4402549939
5.9	973.0102665	-306.3821309	13.4575435297
5.95	968.949259762	-306.304866279	13.4013764194
6.0	1032.48585812	-307.206806321	14.2801405677
6.05	967.102575275	-306.319516146	13.3758352327
6.1	1002.12986483	-306.769075172	13.860291862
6.15	978.772049303	-306.437858511	13.5372337915
6.2	1060.38540303	-307.613874598	14.6660145436
6.25	902.069479437	-305.354323979	12.4763732761
6.3	1076.37759097	-307.818836115	14.8871998411
6.35	902.44375378	-305.360429643	12.4815498024
6.4	972.318428468	-306.367928694	13.4479748327
6.45	966.382142782	-306.279905798	13.3658710504
6.5	1036.91797793	-307.264413005	14.3414404813
6.55	959.429443502	-306.178898047	13.2697094205
6.6	959.189659971	-306.18424141	13.2663930142
6.65	1000.38244908	-306.763360037	13.8361236447
6.7	1029.66528714	-307.170441706	14.2411297185
6.75	951.789246749	-306.091887083	13.164039127
6.8	1042.13310638	-307.347437631	14.4135700574
6.85	1002.22587465	-306.769705763	13.8616197578
6.9	981.017704884	-306.483402698	13.5682930812
6.95	978.583981977	-306.439321312	13.5346326635
7.0	939.064009051	-305.8905942	12.9880384761
7.05	957.694178408	-306.148312048	13.2457092569
7.1	988.615400981	-306.594053125	13.6733755551
7.15	967.00649998	-306.280385395	13.3745064313
7.2	1004.62779576	-306.800151723	13.89484033
7.25	940.767030265	-305.919787261	13.0115926799
7.3	1036.65680796	-307.284923927	14.3378282827
7.35	994.419792638	-306.673830904	13.7536551329
7.4	973.032013835	-306.384048446	13.4578443135
7.45	1048.09560628	-307.425339107	14.4960364041
7.5	970.23576108	-306.316259867	13.4191698056
7.55	1017.15880269	-306.995545032	14.0681546076
7.6	931.030188081	-305.786393381	12.8769240315
7.65	892.481750743	-305.229733138	12.3437669916
7.7	1025.25318055	-307.098181743	14.1801066045
7.75	931.579834084	-305.782648707	12.8845260941
7.8	1045.13926731	-307.374003954	14.4551477705
7.85	1003.85406105	-306.778483905	13.8841389338
7.9	988.405142775	-306.59375279	13.6704675087
7.95	949.040626605	-306.064062031	13.1260234179
8.0	952.698274327	-306.064609058	13.1766117366
8.05	1093.33789499	-308.04798257	15.1217749915
8.1	966.476285631	-306.278918896	13.3671731246
8.15	902.096848264	-305.373560101	12.4767518098
8.2	1046.67873314	-307.406259654	14.4764398668
8.25	907.692711803	-305.445340829	12.5541472698
8.3	992.507720649	-306.644583304	13.7272095825
8.35	878.519699264	-305.03149227	12.1506601745
8.4	1054.78686811	-307.511236571	14.5885821361
8.45	1083.5528795	-307.916172033	14.9864400661
8.5	896.613891822	-305.293730049	12.4009179491
8.55	962.658598931	-306.21176576	13.3143713334
8.6	1035.77973242	-307.257864248	14.3256975966
8.65	1055.88748872	-307.548221983	14.6038046371
8.7	888.233275062	-305.192360572	12.2850070294
8.75	1018.6355023	-307.012273132	14.0885785948
8.8	1066.57969656	-307.662520741	14.7516867895
8.85	844.475669648	-304.573620334	11.6798028503
8.9	992.068423602	-306.652983299	13.721133738
8.95	966.608553367	-306.269757201	13.3690024977
9.0	1071.78124433	-307.752423925	14.8236285335
9.05	965.182356714	-306.254304116	13.3492770084
9.1	951.286974207	-306.06711215	13.1570922789
9.15	1054.75110583	-307.501713728	14.5880875139
9.2	966.073405226	-306.262562048	13.3616009525
9.25	890.182143423	-305.20380545	12.3119615043
9.3	1020.93280373	-307.052921588	14.1203521896
9.35	1016.52345129	-306.981276862	14.0593671677
9.4	974.184412319	-306.373587863	13.4737829457
9.45	936.675937209	-305.857470743	12.9550094508
9.5	1018.37294834	-307.001877811	14.0849472544
9.55	946.524363472	-305.972960941	13.0912214001
9.6	1021.39532255	-307.050192513	14.1267492106
9.65	920.34462562	-305.639664196	12.7291337903
9.7	1038.687615	-307.278536396	14.3659160379
9.75	930.5436891	-305.762557932	12.8701953448
9.8	989.083999704	-306.603978932	13.6798566663
9.85	1035.19843613	-307.243512648	14.317657784
9.9	959.233237297	-306.191403784	13.266995725
9.95	973.685344456	-306.372068936	13.4668804209
10.0	974.80452525	-306.380248392	13.4823596247
10.05	1068.39048143	-307.703234945	14.7767314545
10.1	937.384768605	-305.860721544	12.9648131802
10.15	930.339263439	-305.755062176	12.8673679674
10.2	976.900229927	-306.411336318	13.5113449683
10.25	974.958188187	-306.389841494	13.4844849113
10.3	966.665734841	-306.263293808	13.3697933652
10.35	1045.17250348	-307.377096272	14.4556074543
10.4	989.374013852	-306.584777311	13.6838678038
10.45	1002.14058528	-306.780516079	13.8604401347
10.5	886.787426095	-305.170885107	12.2650097323
10.55	953.418013867	-306.097055168	13.1865663348
10.6	1005.76104574	-306.816655197	13.9105141225
10.65	1030.07656736	-307.15272984	14.2468180671
10.7	1002.39964457	-306.766627054	13.8640231407
10.75	1027.03164296	-307.130686085	14.204704223
10.8	830.042100875	-304.369915767	11.4801745558
10.85	999.767157737	-306.742164921	13.8276136522
10.9	999.749398659	-306.727591806	13.8273680294
10.95	947.494896035	-306.013411757	13.1046446749
11.0	1058.00488228	-307.556796147	14.6330899561
11.05	972.556825021	-306.351064466	13.4512720558
11.1	961.433728543	-306.210371267	13.2974303543
11.15	997.766056256	-306.71651334	13.7999367497
11.2	998.733901426	-306.726544987	13.8133228556
11.25	946.128439611	-305.974316478	13.0857454429
11.3	1023.26425288	-307.078720116	14.152598076
11.35	907.367835731	-305.438302708	12.5496539628
11.4	1078.72940141	-307.876355466	14.9197273411
11.45	914.07987014	-305.554614447	12.6424869968
11.5	1042.08672799	-307.325858588	14.4129286057
11.55	985.581400713	-306.545706873	13.6314128009
11.6	928.39582595	-305.74804392	12.840488606
11.65	987.908919328	-306.577911745	13.6636043246
11.7	1007.59883134	-306.877402386	13.9359322302
11.75	947.391427073	-306.017732946	13.1032136129
11.8	999.014612111	-306.725730147	13.8172053185
11.85	1038.8933702	-307.293872959	14.368761804
11.9	938.058355832	-305.872147833	12.9741294533
11.95	978.606665928	-306.45509388	13.5349464015
12.0	920.735680691	-305.624535601	12.7345424081
12.05	1033.56963545	-307.206772227	14.2951301121
12.1	943.520830768	-305.95146083	13.0496800377
12.15	988.249991542	-306.58214281	13.6683216378
12.2	1008.04309389	-306.865197281	13.9420767518
12.25	1049.12867333	-307.450969533	14.5103245831
12.3	925.731138171	-305.720086634	12.8036337515
12.35	944.103316138	-305.976597081	13.0577362962
12.4	975.127688086	-306.396801479	13.4868292363
12.45	1027.88780848	-307.134374577	14.2165457062
12.5	941.873861579	-305.92796047	13.0269010802
12.55	965.310569805	-306.254641111	13.3510503024
12.6	980.873522914	-306.475920111	13.5662989243
12.65	1014.09912734	-306.945139743	14.0258367454
12.7	1011.43003456	-306.895451812	13.9889209662
12.75	938.074588861	-305.856275752	12.9743539697
12.8	977.605976094	-306.430236633	13.5211060264
12.85	986.809293694	-306.575734911	13.6483955849
12.9	945.31372176	-305.968427249	13.0744772155
12.95	1015.61913962	-306.963217088	14.0468597831
13.0	975.346011597	-306.402185125	13.4898488325
13.05	1030.08181524	-307.169456667	14.2468906495
13.1	974.680366345	-306.375676138	13.4806424035
13.15	963.462179652	-306.238686885	13.325485525
13.2	933.91151714	-305.821862571	12.9167752155
13.25	1020.58715524	-307.034191063	14.1155715827
13.3	898.982396568	-305.341307079	12.4336763452
13.35	1044.77976378	-307.377321953	14.4501755368
13.4	990.426583407	-306.596834978	13.6984257187
13.45	990.588701156	-306.618885044	13.7006679424
13.5	945.639462061	-305.994744135	13.0789824755
13.55	985.892872045	-306.541294749	13.6357207092
13.6	1047.95157253	-307.409575126	14.4940442972
13.65	969.893816536	-306.326325855	13.4144404274
13.7	910.056950335	-305.490247595	12.5868466606
13.75	952.23049838	-306.066459934	13.1701420051
13.8	989.54085059	-306.599963039	13.6861752951
13.85	1010.19905317	-306.888554758	13.9718954669
13.9	1041.19456968	-307.311956802	14.4005893121
13.95	912.152742454	-305.506745817	12.6158332136
14.0	991.324190112	-306.623015789	13.7108403681
14.05	1002.75282834	-306.775569947	13.8689079669
14.1	916.243948872	-305.589523322	12.6724180107
14.15	947.99971122	-306.029721076	13.11162669
14.2	1061.77140386	-307.600985879	14.6851840911
14.25	976.68899758	-306.407296918	13.5084234488
14.3	965.199860518	-306.252805694	13.3495191006
14.35	948.299236791	-306.011980133	13.1157693785
14.4	1036.28211579	-307.251233331	14.3326459775
14.45	910.618555802	-305.495577102	12.5946141326
14.5	914.923053684	-305.574099935	12.6541489285
14.55	985.253100539	-306.516253458	13.6268721357
14.6	1124.62678415	-308.489834841	15.5545264252
14.65	956.165507209	-306.139416407	13.2245664592
14.7	959.316153954	-306.175403461	13.2681425315
14.75	883.242495349	-305.092273754	12.2159803834
14.8	1044.32346081	-307.353237172	14.4438644862
14.85	982.356185316	-306.498367755	13.5868053819
14.9	886.325162011	-305.148067989	12.2586162345
14.95	1023.64543196	-307.073697293	14.1578701006
15.0	963.837028336	-306.211019437	13.3306699949
15.05	1033.45032773	-307.226768544	14.2934799868
15.1	817.769739868	-304.186946123	11.3104375672
15.15	1094.23264805	-308.058296441	15.1341501727
15.2	991.758964476	-306.611556246	13.7168536601
15.25	997.151108785	-306.712832378	13.7914315133
15.3	940.675786279	-305.906977714	13.0103306995
15.35	961.784990746	-306.20627747	13.3022886035
15.4	1036.86475093	-307.258755538	14.3407043076
15.45	963.291336993	-306.227455792	13.3231226285
15.5	900.413209807	-305.352761629	12.4534656857
15.55	1004.85920577	-306.804453833	13.8980409236
15.6	1031.11215328	-307.169182064	14.2611410841
15.65	911.810498803	-305.523144104	12.6110996985
15.7	991.92556932	-306.642789599	13.7191579441
15.75	1106.59057661	-308.248784501	15.3050706319
15.8	924.42447153	-305.679670568	12.785561462
15.85	969.492954176	-306.325907529	13.4088961666
15.9	914.864034128	-305.539634265	12.6533326388
15.95	1078.4072826	-307.840072859	14.9152721692
16.0	959.447132822	-306.182648852	13.2699540785
16.05	983.530635648	-306.52574729	13.6030490096
16.1	877.867550035	-305.030174404	12.1416404067
16.15	1084.02093519	-307.932225332	14.9929136666
16.2	957.513314035	-306.146286571	13.2432077518
16.25	1031.66457844	-307.19524639	14.2687815848
16.3	1012.12896788	-306.906267528	13.9985877969
16.35	956.210053611	-306.15277514	13.2251825731
16.4	888.872647776	-305.201719611	12.2938500873
16.45	927.188760865	-305.721717117	12.8237938891
16.5	1097.55521348	-308.10886043	15.1801040237
16.55	1043.63240585	-307.354455599	14.4343066197
16.6	926.565344251	-305.733626173	12.8151715174
16.65	943.500892132	-305.953495041	13.0494042697
16.7	1013.96437695	-306.929481495	14.0239730352
16.75	984.860659361	-306.557473437	13.6214443468
16.8	1028.94647128	-307.173044672	14.2311878957
16.85	973.262243543	-306.372666236	13.4610285824
16.9	917.30270398	-305.606333109	12.6870614769
16.95	1013.29989197	-306.948599948	14.0147826536
17.0	1050.72916559	-307.463287083	14.5324607259
17.05	963.184049302	-306.228578307	13.3216387502
17.1	911.000614716	-305.50497543	12.5998983261
17.15	1037.01632617	-307.258855451	14.3428007195
17.2	1050.1806914	-307.444361715	14.5248748704
17.25	901.145265988	-305.35072247	12.4635906332
17.3	978.638286472	-306.45049778	13.53538374
17.35	997.783560656	-306.724265591	13.8001788502
17.4	928.280155893	-305.733815698	12.8388887926
17.45	995.508161668	-306.680110436	13.7687081843
17.5	1009.78643327	-306.873200138	13.9661885894
17.55	939.737451152	-305.907198185	12.9973527421
17.6	985.367999852	-306.53928085	13.628461289
17.65	999.597999092	-306.721000789	13.8252740471
17.7	1015.04472164	-306.988199997	14.0389151033
17.75	970.619436972	-306.371444297	13.4244763632
17.8	956.141253421	-306.118589967	13.2242310091
17.85	1040.49903525	-307.32194626	14.3909694909
17.9	942.590244147	-305.950395668	13.0368092486
17.95	1013.42237944	-306.939835162	14.0164767576
18.0	1027.43129536	-307.131319281	14.2102317489
18.05	1047.12025403	-307.422831693	14.482546469
18.1	830.61375711	-304.365280138	11.4880810383
18.15	938.620260478	-305.890255784	12.9819010633
18.2	1119.218272	-308.415892256	15.4797221912
18.25	1050.03430853	-307.458901256	14.5228502732
18.3	866.18432604	-304.872676899	11.9800516744
18.35	1027.5265474	-307.113149117	14.2115491641
18.4	920.523212059	-305.624817633	12.7316037897
18.45	926.582670781	-305.732204112	12.8154111577
18.5	970.999700679	-306.343933496	13.4297357275
18.55	937.369953684	-305.858831087	12.9646082775
18.6	1089.19848366	-307.995315121	15.0645234803
18.65	1042.08662995	-307.323531697	14.4129272496
18.7	874.472094598	-304.985315611	12.094678426
18.75	1048.67427477	-307.441273568	14.5040398719
18.8	871.116846076	-304.91538067	12.0482725405
18.85	1009.64421813	-306.880729748	13.9642216354
18.9	988.112362817	-306.583757304	13.6664181177
18.95	943.027738474	-305.940191586	13.04286016
19.0	1013.70057365	-306.927851283	14.0203244156
19.05	1008.61113917	-306.864433209	13.9499332918
19.1	1000.86201593	-306.762514763	13.8427564541
19.15	953.535527469	-306.098857605	13.1881916459
19.2	901.600033888	-305.370140903	12.4698804526
19.25	939.337060989	-305.88541389	12.9918150122
19.3	1034.78848578	-307.217498029	14.3119878287
19.35	991.896439218	-306.618711573	13.7187550505
19.4	969.679015665	-306.322684379	13.4114695522
19.45	1022.10147701	-307.058419513	14.1365159157
19.5	981.459199932	-306.498339917	13.5743993259
19.55	972.594597864	-306.37683361	13.4517944858
19.6	977.883819851	-306.447561877	13.5249488374
19.65	971.962937322	-306.352599675	13.4430580936
19.7	1046.18391677	-307.40111351	14.4695961437
19.75	958.060901073	-306.152425213	13.2507813372
19.8	988.107151927	-306.583370093	13.6663460468
19.85	1005.88548766	-306.840916636	13.9122352581
19.9	914.05018677	-305.532643302	12.6420764511
19.95	952.094389456	-306.085844989	13.1682595052
20.0	944.231984436	-305.943501907	13.0595158861
20.05	1072.9756952	-307.754145593	14.8401487853
20.1	995.873049238	-306.70094625	13.7737548838
20.15	943.179525483	-305.9516659	13.044959501
20.2	931.993188589	-305.773245162	12.8902431317
20.25	1022.91213032	-307.058478548	14.1477279273
20.3	1000.61519544	-306.737736584	13.839342721
20.35	919.071785437	-305.604544442	12.7115293489
20.4	978.667390383	-306.440001258	13.5357862713
20.45	990.404245518	-306.613906225	13.698116767
20.5	928.191582407	-305.741778731	12.8376637474
20.55	1028.86535469	-307.127154625	14.2300659856
20.6	972.523957751	-306.356650814	13.4508174741
20.65	965.099948494	-306.268755476	13.348137234
20.7	938.385575821	-305.888505436	12.9786551787
20.75	997.385806554	-306.705579802	13.7946775792
20.8	1120.47588469	-308.425689507	15.4971160237
20.85	936.588254501	-305.856116914	12.9537967258
20.9	925.739600438	-305.704955014	12.8037507917
20.95	950.769700258	-306.056410648	13.1499379487
21.0	968.770799588	-306.314500631	13.3989081663
21.05	1028.91895786	-307.15159064	14.2308073622
21.1	897.163196785	-305.298672804	12.4085152949
21.15	1117.06945493	-308.3846873	15.450002259
21.2	955.345050726	-306.084251308	13.2132188618
21.25	916.695972806	-305.565371099	12.6786698787
21.3	963.346943404	-306.244296997	13.3238917115
21.35	1000.72377904	-306.757327777	13.8408445228
21.4	1015.21004158	-306.961403884	14.0412016159
21.45	979.099816784	-306.476702378	13.5417670891
21.5	1005.82352399	-306.852818621	13.9113782489
21.55	967.695975601	-306.27975694	13.3840424541
21.6	1005.971295	-306.826183412	13.9134220451
21.65	1011.17702811	-306.915775571	13.9854216759
21.7	931.778424129	-305.7890549	12.8872727601
21.75	986.704294368	-306.56639554	13.6469433567
21.8	1030.6803432	-307.173651714	14.2551687905
21.85	940.267194423	-305.901250158	13.0046795334
21.9	1000.35503622	-306.774081008	13.835744502
21.95	983.124443132	-306.527669027	13.5974310283
22.0	981.951790054	-306.487917813	13.5812122582
22.05	995.118646808	-306.669630126	13.7633208689
22.1	989.766418586	-306.608374687	13.6892950886
22.15	967.001804257	-306.257398001	13.3744414855
22.2	1070.53145657	-307.738990907	14.8063429264
22.25	945.343794612	-305.999358877	13.0748931481
22.3	836.035002744	-304.445419741	11.5630613871
22.35	1003.90485508	-306.796930978	13.8848414576
22.4	989.331020338	-306.578541652	13.6832731677
22.45	1070.56020211	-307.732483796	14.8067405012
22.5	842.758486286	-304.51325038	11.6560527722
22.55	1048.14555382	-307.425045266	14.4967272203
22.6	1012.28245899	-306.919869264	14.000710707
22.65	886.352902213	-305.149458942	12.2589999046
22.7	995.063158564	-306.675012267	13.7625534203
22.75	997.306154597	-306.707993439	13.7935759262
22.8	971.244551157	-306.333504051	13.4331222138
22.85	1027.99722576	-307.139319391	14.2180590384
22.9	984.443499513	-306.540905284	13.6156746782
22.95	1026.76952219	-307.119927095	14.2010788741
23.0	903.402387343	-305.378721016	12.4948085042
23.05	935.756587072	-305.848733066	12.9422940716
23.1	997.823828113	-306.708630353	13.8007357827
23.15	1068.4596862	-307.70140822	14.7776886142
23.2	951.417449382	-306.055793184	13.1588968594
23.25	969.70161007	-306.344213995	13.4117820517
23.3	964.748041464	-306.253343203	13.3432700663
23.35	1024.41609563	-307.094227344	14.1685290218
23.4	966.83732024	-306.289990604	13.3721665343
23.45	981.47255577	-306.462715529	13.5745840483
23.5	1018.02070242	-306.994684063	14.0800753997
23.55	933.849169733	-305.818898838	12.9159128989
23.6	912.569709517	-305.527071373	12.6216002159
23.65	1028.94201414	-307.15495145	14.2311262497
23.7	1018.41733785	-306.975199008	14.0855611985
23.75	989.082184355	-306.583598738	13.6798315585
23.8	847.246713957	-304.604136091	11.7181287043
23.85	920.17487913	-305.633370054	12.7267860548
23.9	931.599256087	-305.784692397	12.8847947166
23.95	988.473860997	-306.572657523	13.6714179391
24.0	1023.95757016	-307.081597277	14.1621872321
24.05	1045.9950374	-307.397344574	14.4669837846
24.1	969.86787704	-306.311027311	13.4140816625
24.15	1013.23488476	-306.9512852	14.0138835498
24.2	958.267571165	-306.157058156	13.253639757
24.25	1010.77510395	-306.920415228	13.9798627296
24.3	933.031186955	-305.826519679	12.9045995148
24.35	1014.71106856	-306.927941325	14.034300403
24.4	960.810658492	-306.198481003	13.2888127758
24.45	888.677334981	-305.175451647	12.2911487485
24.5	1119.57068852	-308.424505739	15.4845964057
24.55	945.941163903	-305.979727791	13.0831552637
24.6	962.353330415	-306.236277449	13.3101492152
24.65	1002.9361362	-306.805724695	13.8714432675
24.7	998.967795362	-306.729547608	13.8165578039
24.75	932.910637814	-305.804226419	12.9029322197
24.8	1062.8624819	-307.640003195	14.7002746103
24.85	945.364744417	-305.969063987	13.0751829014
24.9	1030.43862004	-307.1756468	14.2518255576
24.95	989.565553681	-306.599987718	13.6865169594
25.0	932.474674461	-305.814233382	12.8969024829
25.05	857.274788055	-304.75214653	11.8568253331
25.1	1113.60865779	-308.347035464	15.4021365481
25.15	952.031486011	-306.065946223	13.1673894981
25.2	1027.55983118	-307.122019895	14.2120095066
25.25	1011.68397552	-306.889636571	13.9924331815
25.3	1000.72177438	-306.772162196	13.8408167966
25.35	869.718706374	-304.918060318	12.0289351023
25.4	998.697996656	-306.741318805	13.8128262627
25.45	1001.20397858	-306.749758353	13.8474860828
25.5	1036.01251115	-307.23169665	14.3289171205
25.55	960.374052229	-306.178392175	13.282774147
25.6	964.402522683	-306.256204077	13.3384912534
25.65	983.462899334	-306.524921389	13.6021121599
25.7	1001.71396527	-306.77205859	13.8545396242
25.75	925.822393282	-305.714246627	12.8048958858
25.8	990.39975706	-306.607536633	13.6980546879
25.85	1095.17842199	-308.07176511	15.147231015
25.9	920.744670478	-305.633936869	12.7346667443
25.95	1013.81425257	-306.961710773	14.0218966899
26.0	948.718872225	-306.019331607	13.1215732865
26.05	1039.87293464	-307.315391505	14.3823099972
26.1	923.24016401	-305.690268714	12.7691815013
26.15	992.871334629	-306.645285088	13.7322386671
26.2	979.73278209	-306.44525216	13.5505215272
26.25	1007.11683721	-306.83634309	13.9292658494
26.3	935.958975493	-305.845881505	12.9450932722
26.35	968.032707909	-306.299202845	13.3886997428
26.4	953.200065565	-306.083554764	13.183551928
26.45	992.00636855	-306.635960846	13.7202754648
26.5	1022.32779767	-307.055911909	14.1396461194
26.55	1031.48487697	-307.182917557	14.2662961635
26.6	921.096306248	-305.629421732	12.7395301603
26.65	1007.23456957	-306.840821274	13.9308941862
26.7	1012.41909062	-306.924041331	14.0026004364
26.75	841.439118754	-304.515347625	11.6378048188
26.8	1036.74317985	-307.262135637	14.3390228781
26.85	956.184405298	-306.111531137	13.2248278356
26.9	1026.47432774	-307.11682627	14.1969960886
26.95	929.591243116	-305.755367797	12.8570222224
27.0	924.53902825	-305.671591751	12.787145877
27.05	1050.07574729	-307.438273065	14.5234234059
27.1	942.304955761	-305.941159431	13.0328634723
27.15	969.787622646	-306.329706717	13.4129716773
27.2	1070.37888489	-307.735008516	14.8042327329
27.25	946.529943619	-306.013355323	13.0912985782
27.3	926.082775608	-305.714768587	12.8084971905
27.35	1019.13601894	-307.011954341	14.0955011574
27.4	996.343015602	-306.689499158	13.7802549106
27.45	1026.68725652	-307.133516585	14.1999410713
27.5	903.335656727	-305.39136339	12.4938855641
27.55	1051.6771136	-307.480968769	14.5455716375
27.6	995.505293157	-306.683085755	13.7686685104
27.65	927.644734014	-305.724262603	12.8301003781
27.7	1031.13698161	-307.189617635	14.2614844805
27.75	1004.8099978	-306.81155198	13.8973603363
27.8	973.022709483	-306.363171169	13.4577156265
27.85	892.220805955	-305.246286242	12.3401579075
27.9	983.279466463	-306.542676664	13.5995751303
27.95	1039.14854439	-307.278572442	14.3722910759
28.0	978.650495642	-306.412178727	13.535552603
28.05	983.963360423	-306.515405239	13.6090339541
28.1	1058.34142147	-307.569008744	14.6377445738
28.15	839.111821539	-304.495399482	11.6056163572
28.2	1035.45675039	-307.258451543	14.3212304857
28.25	986.70703283	-306.564764395	13.6469812319
28.3	989.934003146	-306.629951837	13.6916129228
28.35	933.213100535	-305.804437331	12.9071155314
28.4	1064.06389039	-307.634045652	14.7168910919
28.45	1001.64437577	-306.754011652	13.8535771433
28.5	1016.72439658	-306.989763024	14.0621464086
28.55	901.910635957	-305.379904781	12.4741763383
28.6	974.328594147	-306.377205829	13.4757771006
28.65	1018.73046196	-307.008103236	14.0898919661
28.7	902.967237418	-305.391395002	12.4887900178
28.75	961.771796384	-306.196498908	13.3021061145
28.8	1095.38640698	-308.066285527	15.150107621
28.85	952.467285612	-306.081677444	13.17341697
28.9	894.132601748	-305.283575912	12.3665996379
28.95	990.574721701	-306.608712834	13.7004745948
29.0	1106.99728794	-308.263295883	15.3106957888
29.05	918.914060332	-305.607177941	12.7093478792
29.1	986.480071606	-306.565607309	13.6438421689
29.15	942.275925645	-305.940729257	13.0324619615
29.2	1074.75826767	-307.80215833	14.8648032493
29.25	906.124596093	-305.425605317	12.5324589216
29.3	956.305877269	-306.126643212	13.2265078942
29.35	1025.57907677	-307.092764801	14.184614021
29.4	969.594346494	-306.317196101	13.4102985069
29.45	1006.8875081	-306.849911856	13.9260940365
29.5	938.312013812	-305.881664561	12.9776377548
29.55	1028.33719343	-307.139776793	14.2227610748
29.6	955.877668593	-306.124142638	13.2205854111
29.65	966.433723379	-306.277658128	13.3665844531
29.7	1044.18176007	-307.39239275	14.4419046467
29.75	936.61894012	-305.852492289	12.9542211335
29.8	1040.31648066	-307.305189574	14.3884446086
29.85	888.807833607	-305.182080754	12.2929536533
29.9	1032.46440478	-307.208271111	14.2798438502
29.95	936.40191586	-305.870591417	12.951219507
30.0	1021.00739921	-307.049721306	14.1213839073
30.05	940.219912924	-305.904039282	13.0040255908
30.1	1011.0230752	-306.918882379	13.9832923788
30.15	989.258840721	-306.593419198	13.6822748634
30.2	991.59488898	-306.622265405	13.7145843592
30.25	977.96422434	-306.433426614	13.5260608985
30.3	987.201058783	-306.557036469	13.6538140229
30.35	960.489538368	-306.202811835	13.2843714167
30.4	960.287514962	-306.186701274	13.2815772645
30.45	996.743720449	-306.682052444	13.7857969928
30.5	944.317522291	-305.97740912	13.060698946
30.55	1038.54861006	-307.312256682	14.3639934837
30.6	1035.2413425	-307.227159378	14.3182512149
30.65	1030.64201143	-307.160443509	14.2546386301
30.7	858.594165437	-304.763600914	11.8750734227
30.75	1029.25933356	-307.176959488	14.2355150419
30.8	937.719005505	-305.876412705	12.9694359553
30.85	1005.076669	-306.813313981	13.9010486214
30.9	1058.34458392	-307.567029464	14.6377883131
30.95	927.937678274	-305.732871737	12.8341520415
31.0	988.244868431	-306.5731882	13.6682507809
31.05	994.79965538	-306.662689057	13.7589089515
31.1	956.17618687	-306.136706837	13.2247141679
31.15	1014.74021347	-306.956387337	14.0347035014
31.2	956.67777149	-306.116597386	13.2316515015
31.25	1010.95713413	-306.90843464	13.9823803588
31.3	946.88674713	-306.008738228	13.0962334684
31.35	894.247651096	-305.263178108	12.3681908663
31.4	1012.07863738	-306.931068223	13.9978916841
31.45	989.039600559	-306.588022995	13.6792425891
31.5	1027.26136463	-307.10706792	14.2078814653
31.55	968.907089831	-306.310293901	13.4007931741
31.6	973.752886636	-306.379602455	13.4678145856
31.65	950.566053995	-306.051672858	13.147121351
31.7	1008.58270631	-306.868608188	13.9495400417
31.75	920.973609179	-305.630150681	12.7378331575
31.8	1077.08085464	-307.847067486	14.8969265643
31.85	959.727516289	-306.178331835	13.2738320157
31.9	1008.1017417	-306.863541226	13.9428878999
31.95	965.07931934	-306.247435742	13.3478519156
32.0	933.338502697	-305.812733807	12.9088499479
32.05	999.029213164	-306.733911368	13.8174072633
32.1	887.588932764	-305.142852311	12.276095238
32.15	1086.30170123	-307.96656052	15.0244585633
32.2	1057.04723294	-307.538281709	14.619844867
32.25	990.945854944	-306.606544768	13.7056076771
32.3	862.450511528	-304.8237917	11.9284099055
32.35	1004.23197545	-306.806628833	13.8893658051
32.4	902.722313879	-305.365213138	12.4854025209
32.45	1024.10048768	-307.088932666	14.1641639006
32.5	1029.49123017	-307.149153517	14.2387223655
32.55	1014.05377494	-306.932537278	14.025209484
32.6	938.194395163	-305.877546977	12.9760109908
32.65	981.915926216	-306.501262617	13.5807162314
32.7	968.662816029	-306.319441127	13.3974146637
32.75	943.291305985	-305.952775388	13.0465055185
32.8	1019.74601244	-307.019901935	14.1039378762
32.85	1019.51216605	-307.020911761	14.1007035856
32.9	953.105903778	-306.065797497	13.1822495919
32.95	957.433191354	-306.150414516	13.2420995883
33.0	990.285708397	-306.631979826	13.6964772998
33.05	1082.65570261	-307.890699135	14.9740313614
33.1	987.984589321	-306.577121602	13.6646509037
33.15	910.228632242	-305.50090616	12.5892211646
33.2	950.937760445	-306.069056321	13.1522623613
33.25	944.608761696	-305.977505419	13.0647270298
33.3	1058.61821137	-307.554767244	14.641572809
33.35	979.445657518	-306.43994922	13.5465503549
33.4	993.417330894	-306.653918912	13.7397902509
33.45	969.813093456	-306.331780007	13.4133239599
33.5	883.919708337	-305.111833829	12.2253468039
33.55	1016.37790215	-306.995110478	14.0573541018
33.6	943.182935252	-305.932300072	13.0450066609
33.65	1125.57411092	-308.460121394	15.5676287447
33.7	972.233290788	-306.36427353	13.4467973076
33.75	850.941996635	-304.668530939	11.7692375458
33.8	966.169301058	-306.285667038	13.3629272719
33.85	955.983752664	-306.144212515	13.2220526423
33.9	996.64771403	-306.673685547	13.784469144
33.95	1000.99602183	-306.743166341	13.8446098676
34.0	1028.76324372	-307.148829215	14.2286537057
34.05	968.886154517	-306.316230483	13.4005036212
34.1	920.317038555	-305.633031717	12.7287522382
34.15	1013.64400377	-306.926957563	14.019542007
34.2	1034.89916518	-307.224943656	14.3135186171
34.25	962.301537319	-306.20314615	13.3094328734
34.3	1034.84113005	-307.240481018	14.3127159429
34.35	862.764935887	-304.813023877	11.9327586567
34.4	950.236126574	-306.036883316	13.1425581796
34.45	1028.17432523	-307.139714132	14.2205084718
34.5	1014.99816623	-306.942452737	14.0382712032
34.55	945.072966539	-305.96644775	13.07114737
34.6	970.077455378	-306.323725554	13.4169803057
34.65	969.020208787	-306.304845689	13.4023577036
34.7	968.851391877	-306.29995076	13.4000228249
34.75	956.397646494	-306.136787053	13.2277771392
34.8	1070.1091768	-307.7455482	14.800502445
34.85	869.054441958	-304.879236635	12.0197477714
34.9	974.418462982	-306.394335272	13.4770200615
34.95	970.311557143	-306.320902443	13.4202181284
35.0	1068.93988978	-307.698017236	14.7843302303
35.05	953.328017855	-306.088892311	13.1853216149
35.1	886.572632569	-305.164644226	12.2620389587
35.15	974.228900894	-306.389973431	13.4743982598
35.2	983.731323557	-306.50461923	13.6058246907
35.25	1020.43955423	-307.028336241	14.1135301376
35.3	955.829181663	-306.12432707	13.2199147964
35.35	1014.87261745	-306.956190732	14.0365347588
35.4	898.883999251	-305.326411211	12.4323154283
35.45	1008.959354	-306.88574023	13.9547493933
35.5	997.077642478	-306.709041011	13.790415413
35.55	1001.64402958	-306.764015451	13.8535723552
35.6	1014.99023376	-306.949357709	14.0381614905
35.65	1027.74157181	-307.144927229	14.2145231311
35.7	918.547820526	-305.608202977	12.7042824772
35.75	1008.34991738	-306.8671121	13.9463203765
35.8	957.117353182	-306.140396453	13.2377312829
35.85	950.752960343	-306.077515662	13.1497064217
35.9	959.854089705	-306.183039328	13.2755826316
35.95	1039.9491257	-307.29969142	14.3833637831
36.0	1086.48524989	-307.96121075	15.0269971943
36.05	904.745709594	-305.406520916	12.5133877713
36.1	997.959542345	-306.729370625	13.8026128237
36.15	995.92001723	-306.697924926	13.7744044903
36.2	862.271857434	-304.802593195	11.9259389704
36.25	1062.71111589	-307.61790774	14.6981810922
36.3	1003.62191893	-306.777666513	13.8809282146
36.35	913.406502079	-305.526963216	12.6331737549
36.4	955.882612639	-306.136657788	13.2206537914
36.45	1062.14273524	-307.621610804	14.6903199137
36.5	1019.86633636	-307.019774858	14.1056020564
36.55	870.50078022	-304.936822299	12.0397518359
36.6	965.83033658	-306.271351471	13.3582391104
36.65	995.063797426	-306.669420332	13.7625622563
36.7	917.276135933	-305.575485082	12.6866940186
36.75	1032.048837	-307.193396062	14.2740962011
36.8	1038.58397147	-307.282710633	14.3644825615
36.85	959.91052506	-306.181108777	13.2763631797
36.9	965.172279832	-306.253882806	13.3491376368
36.95	1000.27144144	-306.755850298	13.8345883165
37.0	878.798915898	-305.042893111	12.1545219734
37.05	1065.21167577	-307.666700983	14.7327659209
37.1	1032.91168474	-307.211599175	14.286030105
37.15	978.175129811	-306.428542098	13.5289778971
37.2	992.964985495	-306.661171469	13.7335339367
37.25	870.772352516	-304.93725124	12.0435079073
37.3	975.643598014	-306.389199197	13.4939647009
37.35	1003.04691596	-306.794090938	13.8729754439
37.4	962.474642766	-306.217432193	13.3118270662
37.45	1064.71199089	-307.653986036	14.7258548623
37.5	983.664833018	-306.522437529	13.6049050711
37.55	929.074006811	-305.763272524	12.8498684129
37.6	978.985403924	-306.460988388	13.5401846639
37.65	967.766332315	-306.2952692	13.3850155462
37.7	979.538196813	-306.459583898	13.5478302506
37.75	1036.29927163	-307.254669196	14.3328832571
37.8	944.68008677	-305.960126608	13.0657135151
37.85	1045.13306951	-307.382753896	14.4550620497
37.9	961.761925589	-306.217012283	13.3019695932
37.95	952.039948104	-306.06482528	13.1675065359
38.0	966.693779172	-306.286313372	13.3701812416
38.05	1006.32075546	-306.851824027	13.9182553747
38.1	913.200374839	-305.531916956	12.6303228433
38.15	1047.59207022	-307.41398762	14.4890720805
38.2	1100.32654293	-308.15699463	15.2184338215
38.25	916.086686262	-305.58881893	12.6702429376
38.3	954.313433165	-306.088696604	13.1989507305
38.35	1023.40843907	-307.072053796	14.1545922912
38.4	898.453894456	-305.316527962	12.4263667202
38.45	1053.10473938	-307.481200979	14.5653168928
38.5	1040.22728899	-307.313900867	14.3872110135
38.55	915.153102925	-305.539031146	12.6573307014
38.6	1044.53160838	-307.36508057	14.4467433406
38.65	917.10459173	-305.593944106	12.6843214192
38.7	940.88979923	-305.915355894	13.0132906771
38.75	1009.67627125	-306.898901076	13.9646649569
38.8	1034.42303743	-307.235510513	14.3069333733
38.85	1004.29459413	-306.794479727	13.8902318737
38.9	910.330549332	-305.48655105	12.5906307629
38.95	966.18724069	-306.27100809	13.363175392
39.0	1026.2786252	-307.131086515	14.1942893592
39.05	1066.71282031	-307.708735558	14.7535280019
39.1	922.814029843	-305.655211556	12.7632877103
39.15	1014.46520292	-306.954848457	14.0308998761
39.2	980.897666826	-306.480077729	13.5666328547
39.25	1037.24841609	-307.273039936	14.3460107166
39.3	919.594742514	-305.610843462	12.7187622815
39.35	939.708689762	-305.905341226	12.9969549481
39.4	959.335737456	-306.176088373	13.2684133877
39.45	992.709444307	-306.643327123	13.729999589
39.5	994.12929525	-306.661413344	13.7496373117
39.55	969.699031342	-306.300757099	13.4117463857
39.6	1065.15386538	-307.665466283	14.731966355
39.65	1006.91408538	-306.846768452	13.9264616225
39.7	873.458293994	-304.972643381	12.0806567181
39.75	961.08053192	-306.203778469	13.2925453504
39.8	982.163224002	-306.494148785	13.584136566
39.85	1014.50816634	-306.953518783	14.031494096
39.9	1017.35833314	-306.990590885	14.07091428
39.95	994.778671844	-306.661582272	13.7586187316
40.0	888.4910822	-305.16734534	12.2885727172
40.05	1043.78692202	-307.366273041	14.4364437072
40.1	965.15894327	-306.250651865	13.348953181
40.15	903.642033308	-305.387341313	12.4981230077
40.2	972.764745326	-306.368697247	13.4541477671
40.25	955.976900528	-306.111544368	13.2219578715
40.3	1082.99524173	-307.899997733	14.9787274706
40.35	987.308269574	-306.559105372	13.6552968375
40.4	895.633671252	-305.276333007	12.3873606811
40.45	1059.78551935	-307.585529366	14.657717652
40.5	969.97733247	-306.318325035	13.4155955224
40.55	948.143006995	-306.044814884	13.1136085901
40.6	919.056416586	-305.598491807	12.7113167849
40.65	1115.8496628	-308.365130613	15.4331315165
40.7	926.113043659	-305.718119503	12.8089158229
40.75	892.449755481	-305.235195096	12.3433244704
40.8	1081.52203003	-307.875004241	14.9583517241
40.85	999.729131951	-306.744574846	13.8270877239
40.9	884.490823035	-305.147023106	12.2332457965
40.95	998.861119899	-306.72184954	13.8150823932
41.0	1054.62663208	-307.509851954	14.5863659382
41.05	1011.2296676	-306.915630278	13.986149724
41.1	956.982625399	-306.145146648	13.2358678853
41.15	931.224999618	-305.784210166	12.8796184375
41.2	1051.52814815	-307.458044294	14.5435113211
41.25	1000.68777925	-306.7555988	13.8403466156
41.3	901.929403351	-305.381852551	12.474435907
41.35	946.072264807	-305.995752396	13.0849684985
41.4	1036.57367161	-307.251515029	14.3366784377
41.45	929.522917088	-305.738107461	12.8560772165
41.5	1031.35670414	-307.190547831	14.2645234263
41.55	1009.22336206	-306.862470467	13.958400845
41.6	967.052418215	-306.28156927	13.3751415187
41.65	926.653288946	-305.711511739	12.8163878659
41.7	1021.18516875	-307.062619691	14.1238426083
41.75	908.347455917	-305.455329952	12.563202927
41.8	1079.27107117	-307.861374895	14.9272190857
41.85	935.568474142	-305.841721383	12.9396923129
41.9	1043.89106884	-307.365552571	14.4378841446
41.95	943.155072236	-305.936053244	13.0446212922
42.0	1051.14495393	-307.46578868	14.5382114255
42.05	924.756803649	-305.676281424	12.7901578924
42.1	874.459700714	-304.97596443	12.0945070083
42.15	960.04163586	-306.205587845	13.2781765514
42.2	1025.0219939	-307.083225637	14.1769091003
42.25	1011.53618194	-306.891492763	13.9903890729
42.3	1038.8424642	-307.296446666	14.3680577315
42.35	969.938995979	-306.327525707	13.4150652968
42.4	971.976059242	-306.380247966	13.4432395807
42.45	949.214900549	-306.036491595	13.1284337719
42.5	1009.12269796	-306.861706738	13.9570085766
42.55	1021.06745318	-307.047937218	14.1222145038
42.6	943.51650497	-305.946192232	13.0496202083
42.65	995.041275236	-306.657187374	13.7622507556
42.7	1061.58961189	-307.600485029	14.6826697564
42.75	909.933935375	-305.479710486	12.5851452611
42.8	954.045453754	-306.109947923	13.1952443517
42.85	942.517078721	-305.926301391	13.0357973097
42.9	1022.98450297	-307.080081664	14.1487289013
42.95	960.769289384	-306.185484367	13.2882406065
43.0	1005.53598696	-306.817407943	13.9074013719
43.05	945.483220986	-305.969937769	13.0768215312
43.1	1098.90946768	-308.146146896	15.1988344888
43.15	923.517085527	-305.674051741	12.7730115568
43.2	960.308730201	-306.21202168	13.2818706889
43.25	972.699215124	-306.366291994	13.4532414297
43.3	1058.75412028	-307.544022809	14.6434525426
43.35	990.818828711	-306.615966565	13.7038507984
43.4	940.94977782	-305.930306752	13.014120231
43.45	993.673818528	-306.661166757	13.7433376888
43.5	963.245110581	-306.222473349	13.3224832787
43.55	958.487154905	-306.162390604	13.2566767833
43.6	1054.95512773	-307.514832325	14.590909307
43.65	1009.82301793	-306.865366146	13.9666945858
43.7	996.927055135	-306.715998698	13.7883326644
43.75	868.540412981	-304.907134569	12.0126383219
43.8	995.306275734	-306.695623411	13.7659159335
43.85	1014.84766291	-306.969495208	14.0361896167
43.9	1038.13534236	-307.272288841	14.3582776467
43.95	953.844759169	-306.086314368	13.1924685782
44.0	923.461474226	-305.660530016	12.7722424061
44.05	1020.68853647	-307.015586532	14.1169737696
44.1	932.65866803	-305.804305852	12.8994472674
44.15	917.96200957	-305.616542951	12.6961802231
44.2	1049.46813113	-307.445055597	14.5150195676
44.25	1008.2393491	-306.836003634	13.9447911251
44.3	1026.64879161	-307.106250203	14.1994090694
44.35	913.347025759	-305.519784831	12.6323511478
44.4	953.818689575	-306.094348162	13.192108014
44.45	1025.43174028	-307.104154569	14.1825762345
44.5	873.454763409	-304.961830535	12.0806078872
44.55	1007.7511358	-306.86080462	13.9380387279
44.6	929.431123117	-305.746839655	12.8548076293
44.65	1021.18265454	-307.036854414	14.1238078347
44.7	958.663154153	-306.142078899	13.2591109997
44.75	1039.43761179	-307.298453054	14.376289119
44.8	987.777148058	-306.580628417	13.661781818
44.85	929.173786158	-305.770114575	12.8512484445
44.9	1013.87421406	-306.955120597	14.0227260072
44.95	943.411946669	-305.942107185	13.0481740798
45.0	944.970567472	-305.956103212	13.0697311055
45.05	1059.58963162	-307.58918493	14.6550083612
45.1	980.017641726	-306.467064483	13.5544613736
45.15	1042.76978802	-307.353302656	14.4223758956
45.2	870.845723644	-304.918708025	12.0445226911
45.25	1034.26925212	-307.239526592	14.3048063941
45.3	981.057846133	-306.499920773	13.5688482681
45.35	941.360278869	-305.91833906	13.0197978029
45.4	1058.24961284	-307.555384468	14.6364747839
45.45	987.812246857	-306.573713061	13.6622672637
45.5	912.130259536	-305.51892651	12.6155222561
45.55	960.909879295	-306.1917239	13.2901850823
45.6	1009.21794683	-306.843710774	13.9583259478
45.65	1032.11674564	-307.218185942	14.2750354342
45.7	945.264887457	-305.9940421	13.0738017964
45.75	1060.6435049	-307.590747157	14.6695843077
45.8	961.395863884	-306.20818278	13.2969066545
45.85	957.028728271	-306.13844515	13.2365055265
45.9	962.760189932	-306.235091365	13.3157764216
45.95	942.384565911	-305.953963578	13.033964547
46.0	954.584517986	-306.078007773	13.2027000597
46.05	1069.31791302	-307.709747745	14.7895586069
46.1	972.392487988	-306.358355214	13.4489991376
46.15	960.478840518	-306.205032893	13.2842234565
46.2	952.401383122	-306.080323042	13.1725054836
46.25	978.803081574	-306.452642758	13.5376629937
46.3	1047.0924592	-307.411581916	14.4821620434
46.35	976.517205576	-306.420241024	13.5060474221
46.4	953.073987143	-306.084082047	13.1818081582
46.45	999.435935779	-306.732615244	13.8230325763
46.5	949.108403102	-306.034958023	13.1269608234
46.55	1009.27295399	-306.863925669	13.9590867428
46.6	943.783192531	-305.940368665	13.0533087197
46.65	1040.29408258	-307.316863879	14.3881348245
46.7	961.817544922	-306.197598557	13.3027388549
46.75	919.08349498	-305.608044214	12.7116913017
46.8	918.370609513	-305.608787852	12.7018315011
46.85	1031.21233172	-307.168883471	14.2625266354
46.9	1025.89425931	-307.090444984	14.1889732584
46.95	941.585470082	-305.933531532	13.0229123852
47.0	949.061211602	-306.044900446	13.1263081256
47.05	1006.91055044	-306.868703071	13.9264127313
47.1	911.951545705	-305.490762099	12.6130504948
47.15	1037.18219804	-307.26426459	14.3450948659
47.2	1034.83369227	-307.237142013	14.3126130722
47.25	942.644474686	-305.923450664	13.0375593022
47.3	986.821726652	-306.54747626	13.6485675431
47.35	979.791675804	-306.455021141	13.5513360764
47.4	954.306571998	-306.115541162	13.1988558348
47.45	1036.58686253	-307.266211307	14.3368608791
47.5	848.663927151	-304.588569777	11.7377299448
47.55	1038.3687836	-307.281802779	14.3615063338
47.6	1002.21310918	-306.763766138	13.8614432008
47.65	931.744403384	-305.776164422	12.8868022248
47.7	1025.39856783	-307.107129957	14.1821174318
47.75	974.699298959	-306.388745401	13.4809042573
47.8	914.068505458	-305.555864158	12.6423298138
47.85	961.549303486	-306.219772505	13.2990288521
47.9	939.712969549	-305.888701699	12.9970141411
47.95	1064.30355589	-307.636615868	14.7202058656
48.0	1012.60025805	-306.908738995	14.005106133
48.05	1002.93879464	-306.786220046	13.8714800359
48.1	973.63612284	-306.386771418	13.4661996449
48.15	915.307814036	-305.56029439	12.6594704851
48.2	963.278786567	-306.228354311	13.3229490456
48.25	976.219690483	-306.413071812	13.5019325402
48.3	1026.07174961	-307.101021885	14.1914280974
48.35	1059.30980814	-307.555877989	14.6511381692
48.4	922.794753583	-305.665388891	12.7630211035
48.45	913.864613186	-305.55804854	12.6395098136
48.5	950.347061594	-306.040500591	13.1440925035
48.55	1066.62118594	-307.65391931	14.7522606222
48.6	1057.4427536	-307.539607019	14.6253152476
48.65	859.938857643	-304.780070117	11.8936716374
48.7	988.611495317	-306.598091941	13.6733215365
48.75	950.665840535	-306.051647994	13.1485014821
48.8	937.35364946	-305.871773465	12.9643827765
48.85	1022.59857925	-307.064237284	14.1433912544
48.9	1070.79487001	-307.7274546	14.809986154
48.95	992.398315983	-306.646064452	13.7256964247
49.0	890.123743538	-305.196532758	12.3111537852
49.05	969.10980405	-306.308254955	13.4035968808
49.1	976.698690738	-306.421911578	13.5085575132
49.15	945.11615218	-305.970847463	13.0717446634
49.2	1029.05135018	-307.140927979	14.2326384584
49.25	1062.13514136	-307.603738944	14.6902148841
49.3	932.725437839	-305.81139119	12.9003707495
49.35	874.958469157	-304.98380461	12.1014053918
49.4	977.579296785	-306.415715069	13.5207370294
49.45	1093.51580361	-308.055778339	15.1242356162
49.5	967.808353497	-306.292667164	13.3855967342
49.55	939.910801948	-305.907505545	12.9997503282
49.6	898.406487441	-305.313141033	12.4257110417
49.65	1013.91259161	-306.936773061	14.0232568007
49.7	1020.55474481	-307.033506558	14.1151233195
49.75	1041.66952707	-307.309900769	14.407158369
49.8	985.551232754	-306.534851119	13.6309955528
49.85	959.967924619	-306.180474283	13.2771570635
49.9	921.829235765	-305.648797455	12.7496671868
49.95	850.590027907	-304.666683111	11.7643695248
50.0	1000.05596575	-306.746906011	13.8316081079
50.05	1139.82873393	-308.694020764	15.76478207
50.1	963.801221366	-306.238283183	13.3301747546
50.15	960.095143715	-306.190962826	13.2789166097
50.2	980.31830188	-306.473975739	13.5586197543
50.25	974.508454772	-306.40546201	13.4782647231
50.3	1000.11670258	-306.752642288	13.8324481489
50.35	1029.97389558	-307.148525222	14.2453980307
50.4	961.019864735	-306.173433145	13.2917062726
50.45	1016.71157748	-306.979423465	14.0619691098
50.5	868.043322704	-304.893277853	12.0057631488
50.55	984.753148575	-306.537828601	13.619957383
50.6	1015.4113406	-306.963468993	14.0439857493
50.65	1014.41456554	-306.929925614	14.0301995189
50.7	949.405526915	-306.037079617	13.1310702936
50.75	1019.7923823	-307.025335949	14.1045792101
50.8	922.98554638	-305.651790322	12.7656599271
50.85	977.135356257	-306.437913364	13.5145969616
50.9	969.716349715	-306.31782873	13.4119859132
50.95	998.54357225	-306.716027054	13.8106904444
51.0	1020.36395451	-307.046218732	14.1124845304
51.05	952.246232864	-306.075986601	13.1703596262
51.1	954.493786389	-306.099306965	13.201445166
51.15	1002.7024108	-306.784566087	13.8682106503
51.2	1020.7930653	-307.01362821	14.1184194906
51.25	973.079434388	-306.360003581	13.4585001793
51.3	938.812479566	-305.902012165	12.9845596136
51.35	986.501131095	-306.560670467	13.6441334392
51.4	960.482678914	-306.178476481	13.2842765447
51.45	974.07741739	-306.384297965	13.4723031166
51.5	1016.06681398	-306.998075461	14.0530514929
51.55	984.346466937	-306.530765912	13.6143326367
51.6	1045.8762612	-307.393337783	14.4653410107
51.65	929.824698267	-305.759454891	12.8602511019
51.7	1008.0144074	-306.880399705	13.9416799936
51.75	945.409605619	-305.972902048	13.0758033692
51.8	1020.17527996	-307.031060466	14.1098750041
51.85	963.118013191	-306.244205374	13.3207254157
51.9	1011.84445873	-306.930435443	13.9946527981
51.95	1000.84800289	-306.751860254	13.8425626422
52.0	987.953376387	-306.57362491	13.6642192028
52.05	931.048713766	-305.7687544	12.8771802571
52.1	995.056980755	-306.676945014	13.762467976
52.15	996.964023403	-306.708483425	13.7888439664
52.2	1013.64240591	-306.932378128	14.0195199071
52.25	887.875599597	-305.171845343	12.2800600794
52.3	1070.14095105	-307.744911707	14.8009419094
52.35	963.58244888	-306.217840993	13.3271489487
52.4	1039.8574027	-307.308267099	14.3820951775
52.45	893.503239008	-305.239598347	12.3578950263
52.5	991.225531434	-306.620477045	13.7094758363
52.55	1026.44865428	-307.118796681	14.1966410033
52.6	945.188954391	-305.983879075	13.0727515787
52.65	927.691836399	-305.731057705	12.8307518433
52.7	1029.27883492	-307.141547414	14.235784762
52.75	958.498038771	-306.156710207	13.2568273162
52.8	927.277843577	-305.72741923	12.8250259773
52.85	1068.35096394	-307.713293945	14.7761848947
52.9	1006.6957004	-306.839430787	13.9234411761
52.95	952.868364188	-306.083344249	13.1789642213
53.0	1014.93020364	-306.954549473	14.0373312238
53.05	938.286412121	-305.873055812	12.977283662
53.1	950.298302565	-306.059850056	13.1434181254
53.15	999.821864251	-306.740051013	13.8283702889
53.2	994.014819933	-306.649101653	13.7480540226
53.25	992.147770466	-306.640175788	13.7222311713
53.3	932.438901973	-305.799133998	12.8964077195
53.35	1016.33131591	-306.975157984	14.0567097752
53.4	1029.81317739	-307.169531797	14.2431751641
53.45	921.081903616	-305.649023762	12.7393309599
53.5	947.771693839	-306.033865493	13.1084730194
53.55	1009.27664449	-306.866228746	13.9591377854
53.6	1065.94218177	-307.683318271	14.7428694282
53.65	890.23778794	-305.209296688	12.3127311144
53.7	1066.80410188	-307.672512677	14.7547905022
53.75	980.344523156	-306.481459584	13.5589824164
53.8	852.075649231	-304.6714505	11.7849169067
53.85	1016.92655731	-306.972456843	14.0649424601
53.9	1011.19260086	-306.898821422	13.98563706
53.95	1051.64487624	-307.463022434	14.545125768
54.0	993.696725496	-306.657119139	13.7436545112
54.05	853.972219118	-304.702019096	11.8111480501
54.1	994.02809432	-306.657884777	13.7482376185
54.15	993.114454756	-306.656249541	13.7356012213
54.2	1009.71302712	-306.892790522	13.9651733212
54.25	906.62414742	-305.43141945	12.5393681331
54.3	954.210698533	-306.103075325	13.1975298248
54.35	1007.75750975	-306.870429625	13.9381268849
54.4	1061.07976608	-307.602893358	14.6756181637
54.45	928.249924652	-305.728790007	12.8384706693
54.5	1053.61306563	-307.508870356	14.5723474688
54.55	935.012702434	-305.81565484	12.9320055266
54.6	896.492766523	-305.297310149	12.3992426852
54.65	995.729455977	-306.682453207	13.7717688692
54.7	1008.88688988	-306.840651857	13.9537471541
54.75	1015.40865672	-306.948451282	14.043948629
54.8	913.00430874	-305.535982887	12.6276110856
54.85	991.281547686	-306.643718738	13.7102505878
54.9	838.972832553	-304.484520412	11.6036940236
54.95	1086.61437905	-307.960265486	15.0287831583
55.0	961.497394584	-306.162902493	13.2983109087
55.05	1072.53355275	-307.768718524	14.8340335865
55.1	835.367087831	-304.456969148	11.5538235667
55.15	1024.36842039	-307.099877318	14.1678696335
55.2	1072.96924055	-307.772508135	14.8400595121
55.25	959.67773425	-306.175158767	13.2731434886
55.3	944.973638688	-305.960387724	13.069773583
55.35	1038.19176102	-307.286942213	14.3590579638
55.4	938.030463206	-305.888438576	12.9737436751
55.45	1012.15111485	-306.921274088	13.9988941079
55.5	932.740533409	-305.789024838	12.9005795339
55.55	958.903981834	-306.178651377	13.2624418473
55.6	1018.45281129	-307.004918047	14.0860518257
55.65	931.883848114	-305.785650614	12.8887308617
55.7	995.774513601	-306.691567345	13.7723920537
55.75	1008.95373123	-306.874866451	13.9546716258
55.8	916.084135684	-305.56090209	12.670207661
55.85	1021.74129256	-307.048527536	14.1315342644
55.9	936.55891686	-305.846016299	12.9533909617
55.95	1053.12121501	-307.495357118	14.5655447645
56.0	956.177641888	-306.120951101	13.224734292
56.05	998.106387691	-306.725304896	13.8046438173
56.1	920.341055922	-305.634946411	12.7290844184
56.15	1055.91502777	-307.535843023	14.6041855252
56.2	888.680896169	-305.176496378	12.2911980027
56.25	1032.76083152	-307.22628608	14.2839436792
56.3	995.359436182	-306.677236821	13.7666511868
56.35	1035.28260656	-307.239837388	14.3188219313
56.4	892.582537897	-305.241189278	12.345160962
56.45	1019.80871629	-307.041859923	14.1048051228
56.5	1012.63674101	-306.904332037	14.0056107228
56.55	1028.07393674	-307.145680752	14.2191200152
56.6	908.64187663	-305.488411719	12.567275011
56.65	1005.7276111	-306.816087542	13.9100516936
56.7	1014.24889363	-306.947198524	14.0279081382
56.75	958.792836858	-306.15603866	13.2609046196
56.8	942.347348755	-305.928531905	13.0334498027
56.85	1051.2311434	-307.468129756	14.5394034977
56.9	965.480918928	-306.25654587	13.3534063729
56.95	968.111499617	-306.305475385	13.3897894979
57.0	932.378225086	-305.800377584	12.8955685076
57.05	1080.14106931	-307.879281927	14.9392518855
57.1	972.477082812	-306.345210446	13.4501691546
57.15	981.433344015	-306.493682579	13.574041717
57.2	917.250114878	-305.59670033	12.6863341257
57.25	978.41396472	-306.440674931	13.5322811831
57.3	1129.17324285	-308.553023842	15.6174077411
57.35	896.657321463	-305.288279941	12.4015186173
57.4	963.708148084	-306.241747848	13.3288874735
57.45	1022.6028936	-307.029806072	14.1434509254
57.5	1006.39905142	-306.817812702	13.9193382732
57.55	936.942668125	-305.897249691	12.9586985618
57.6	937.850191806	-305.880421899	12.9712503712
57.65	1072.0128619	-307.739601011	14.8268319977
57.7	949.378801305	-306.019368285	13.1307006561
57.75	981.388818545	-306.483885121	13.5734258926
57.8	956.751674727	-306.13151232	13.2326736449
57.85	1046.63612554	-307.387900543	14.4758505682
57.9	960.791103655	-306.181436677	13.2885423161
57.95	957.64476223	-306.170036179	13.24502579
58.0	910.159373634	-305.49274625	12.5882632603
58.05	951.060800292	-306.037680695	13.153964105
58.1	1070.74395826	-307.72575547	14.809282002
58.15	972.885387773	-306.355761235	13.4558163527
58.2	947.226433096	-306.022276126	13.1009316086
58.25	966.704107919	-306.28049601	13.3703240968
58.3	1024.90590382	-307.06856519	14.1753034777
58.35	1020.91307457	-307.019422034	14.1200793189
58.4	954.989356339	-306.128886799	13.2082993117
58.45	971.394711625	-306.366346946	13.4351990583
58.5	932.621927976	-305.784248049	12.8989391218
58.55	959.078694932	-306.171340718	13.2648582752
58.6	975.296705646	-306.384922453	13.4891668901
58.65	1031.15249751	-307.170432568	14.2616990784
58.7	1059.63218501	-307.587376441	14.6555969101
58.75	856.550875427	-304.726720313	11.8468130176
58.8	968.08311438	-306.309629748	13.3893969064
58.85	957.117977494	-306.150982795	13.2377399177
58.9	1022.62827922	-307.068490878	14.1438020297
58.95	985.707712082	-306.531780591	13.6331597925
59.0	1042.11898471	-307.328175634	14.4133747431
59.05	932.950688443	-305.816950691	12.9034861533
59.1	944.77135735	-305.983868186	13.0669758633
59.15	999.41005994	-306.724235644	13.8226746919
59.2	1036.44473102	-307.243328506	14.3348950818
59.25	939.523973959	-305.885462049	12.9944001744
59.3	962.139633578	-306.230693752	13.3071936097
59.35	1029.4856465	-307.172016434	14.2386451386
59.4	948.332680453	-306.019066556	13.1162319322
59.45	1015.22692087	-306.953857245	14.0414350706
59.5	976.450529822	-306.409678569	13.5051252408
59.55	932.232103365	-305.792081264	12.8935475223
59.6	977.439169023	-306.433152686	13.5187989455
59.65	990.944192841	-306.61712546	13.7055846889
59.7	1005.8610532	-306.82275188	13.9118973092
59.75	959.138921614	-306.186923947	13.2656912604
59.8	1025.01193131	-307.09142253	14.1767699263
59.85	974.292613066	-306.380930224	13.4752794523
59.9	875.039199076	-305.005364051	12.102521954
59.95	1009.39167232	-306.877711951	13.9607287163
60.0	990.797627008	-306.62871086	13.7035575612
60.05	982.54725251	-306.515395217	13.5894480006
60.1	1058.15018583	-307.558125365	14.6350996254
60.15	987.988871734	-306.589260118	13.6647101331
60.2	940.468549812	-305.895652142	13.0074644463
60.25	975.904032321	-306.396880851	13.4975667246
60.3	921.668445217	-305.642728865	12.7474433195
60.35	1011.05708988	-306.90448072	13.9837628302
60.4	939.605224309	-305.884188235	12.9955239346
60.45	993.490553876	-306.646856091	13.7408029858
60.5	971.509420813	-306.329940169	13.4367855821
60.55	1048.30763816	-307.414021657	14.4989689819
60.6	918.106997795	-305.601544009	12.6981855312
60.65	920.370675481	-305.625721467	12.7294940816
60.7	962.062513193	-306.190584558	13.3061269704
60.75	1101.00468449	-308.131387013	15.2278130848
60.8	989.052163297	-306.580334304	13.6794163422
60.85	861.413975862	-304.82682957	11.9140737527
60.9	929.545192936	-305.752695538	12.85638531
60.95	1012.3681302	-306.912960475	14.0018956112
61.0	994.345222312	-306.658929237	13.7526237631
61.05	1059.79845089	-307.585578079	14.6578965059
61.1	957.54542792	-306.151143753	13.2436519136
61.15	962.416515824	-306.219853412	13.3110231221
61.2	974.638121905	-306.387104429	13.4800581277
61.25	970.977808533	-306.332201437	13.4294329408
61.3	1078.79746427	-307.85277023	14.9206687072
61.35	936.375374778	-305.841647386	12.9508524217
61.4	896.105530284	-305.298376912	12.3938868851
61.45	962.268822	-306.228070408	13.3089803933
61.5	984.123837639	-306.510905575	13.6112534879
61.55	988.22524332	-306.576471512	13.6679793492
61.6	987.729926148	-306.588689431	13.6611286996
61.65	1043.53817114	-307.352327965	14.433003275
61.7	959.467090484	-306.153325299	13.2702301096
61.75	1009.47897105	-306.887145749	13.9619361306
61.8	879.599133099	-305.063048021	12.1655896447
61.85	975.646889259	-306.41082063	13.4940102215
61.9	1063.17390298	-307.617190031	14.7045818237
61.95	989.493218228	-306.594318263	13.6855164998
62.0	944.571963512	-305.978248149	13.0642180803
