# 	 t 	 T	E	K
2.05	1161.94939536	-301.383831525	16.0707292675
2.1	1231.46144249	-302.334937021	17.0321388562
2.15	1447.97470287	-305.373650667	20.0266978311
2.2	1059.94397612	-299.900057662	14.6599092412
2.25	1327.13334579	-303.706288506	18.3553610743
2.3	1262.88618222	-302.799563073	17.4667692165
2.35	1246.94192865	-302.553959759	17.2462468913
2.4	1309.97871405	-303.442354338	18.1180982095
2.45	1278.88367852	-303.007441574	17.6880279331
2.5	1334.60946987	-303.805213072	18.4587621059
2.55	1088.63859711	-300.338726362	15.0567797825
2.6	1318.32979348	-303.56427178	18.2336006033
2.65	1262.8445576	-302.774134141	17.4661935133
2.7	1328.237268	-303.689001918	18.3706292392
2.75	1284.93913926	-303.091744782	17.7717800058
2.8	1224.19855475	-302.238869037	16.931687061
2.85	1115.36011354	-300.718771638	15.4263606419
2.9	1305.74412997	-303.380019972	18.0595303798
2.95	1345.39955485	-303.910362992	18.6079979807
3.0	1180.80564379	-301.623367953	16.3315269104
3.05	1241.27087427	-302.478950423	17.1678114793
3.1	1182.22127911	-301.665270325	16.3511063275
3.15	1353.91398381	-304.087619459	18.7257596347
3.2	1309.48540961	-303.434862479	18.1112753977
3.25	1301.90983459	-303.347259901	18.0064988767
3.3	1120.49531937	-300.792397581	15.4973848215
3.35	1370.00417481	-304.273229356	18.9483003964
3.4	1207.14860807	-301.992829653	16.6958720778
3.45	1326.33503525	-303.71608626	18.3443197738
3.5	1289.04751725	-303.152783851	17.8286023
3.55	1279.55544139	-303.025816972	17.6973189739
3.6	1260.15163488	-302.716947108	17.4289481461
3.65	1314.31354526	-303.519768578	18.1780525407
3.7	1096.41725693	-300.477232199	15.1643651356
3.75	1269.13241268	-302.881475626	17.5531597935
3.8	1333.9334334	-303.792631694	18.4494119577
3.85	1295.65473807	-303.260187452	17.9199856747
3.9	1287.86858706	-303.123958634	17.8122967121
3.95	1248.61519047	-302.56536124	17.2693894978
4.0	1288.29322453	-303.154036475	17.8181698025
4.05	1233.61198157	-302.362514532	17.0618826053
4.1	1207.12222925	-301.991694615	16.6955072368
4.15	1313.10401721	-303.502914341	18.1613237588
4.2	1330.67419523	-303.739291214	18.4043339754
4.25	1061.12870873	-299.980529691	14.6762950813
4.3	1386.69460941	-304.53642573	19.1791430276
4.35	1385.40815521	-304.491525258	19.1613502931
4.4	1269.61619124	-302.897100029	17.5598508545
4.45	1198.93699396	-301.899075484	16.5822986057
4.5	1244.46266242	-302.543427416	17.2119565715
4.55	1294.07623325	-303.237939695	17.8981536364
4.6	1217.78394327	-302.146011774	16.8429676341
4.65	1338.1436213	-303.818700644	18.5076423679
4.7	1216.46791256	-302.090774479	16.8247658317
4.75	1251.6793062	-302.642274688	17.3117687741
4.8	1216.68553519	-302.127137804	16.8277757342
4.85	1262.39052706	-302.744333666	17.4599138922
4.9	1281.96363251	-303.03650117	17.7306262656
4.95	1317.92063077	-303.556202009	18.2279415417
5.0	1168.39290821	-301.470770423	16.1598484244
5.05	1241.1083952	-302.46528971	17.1655642582
5.1	1303.03246241	-303.349217812	18.0220257558
5.15	1347.82193439	-303.984343436	18.6415015101
5.2	1212.54926022	-302.067594646	16.7705676015
5.25	1351.54779841	-304.061855608	18.6930333171
5.3	1213.9493061	-302.091382497	16.7899314038
5.35	1222.64528668	-302.219420816	16.9102040681
5.4	1241.27430421	-302.47485132	17.1678589182
5.45	1328.29764497	-303.680083815	18.3714643031
5.5	1312.79712802	-303.491589879	18.1570792254
5.55	1236.90590143	-302.426870723	17.1074402642
5.6	1181.6788091	-301.652600039	16.3436035149
5.65	1242.09587318	-302.479641215	17.1792219023
5.7	1256.41947403	-302.682640679	17.3773292487
5.75	1380.8751034	-304.46285512	19.0986544057
5.8	1356.75374737	-304.0932406	18.7650359333
5.85	1172.40823803	-301.504056093	16.2153837849
5.9	1226.49693682	-302.279470189	16.963475602
5.95	1218.85906813	-302.1598795	16.8578375076
6.0	1239.23273168	-302.46213579	17.1396222673
6.05	1191.71524414	-301.782202236	16.4824157824
6.1	1315.79111815	-303.530920301	18.198488606
6.15	1260.30781634	-302.744377102	17.431108266
6.2	1290.03956389	-303.160324913	17.8423231324
6.25	1158.54701414	-301.285389067	16.0236714974
6.3	1374.75004394	-304.340581377	19.0139397248
6.35	1256.12520228	-302.710211155	17.3732592249
6.4	1323.90999883	-303.656638283	18.3107794974
6.45	1223.17788069	-302.223574849	16.9175702875
6.5	1120.03738172	-300.763077363	15.4910511618
6.55	1333.91453787	-303.788800223	18.4491506168
6.6	1079.95814109	-300.229565081	14.9367218357
6.65	1369.83853318	-304.282903959	18.9460094345
6.7	1270.52436174	-302.88489042	17.57241161
6.75	1350.84697367	-304.026080739	18.6833403263
6.8	1238.99573472	-302.436200088	17.1363444017
6.85	1285.49752946	-303.103437893	17.779503008
6.9	1239.04939369	-302.433095661	17.1370865499
6.95	1277.07307002	-303.006752169	17.6629857075
7.0	1229.21344006	-302.317262495	17.0010471075
7.05	1267.37935712	-302.820467727	17.528913573
7.1	1321.66077142	-303.607608724	18.2796708064
7.15	1213.76605354	-302.088802116	16.7873968681
7.2	1264.46047084	-302.800842111	17.4885429412
7.25	1247.30066412	-302.558448145	17.251208502
7.3	1174.00271679	-301.54435954	16.237436756
7.35	1410.29970207	-304.848677592	19.5056211471
7.4	1256.69105806	-302.660270095	17.3810854823
7.45	1214.35120677	-302.103322866	16.7954900252
7.5	1131.62936279	-300.948221236	15.6513779284
7.55	1259.21000707	-302.704772888	17.415924648
7.6	1239.37634502	-302.440821574	17.1416085595
7.65	1310.2734111	-303.443120268	18.1221741155
7.7	1261.87038018	-302.750723104	17.4527198271
7.75	1286.89869125	-303.123518642	17.7988822442
7.8	1194.23617912	-301.810028352	16.5172824158
7.85	1424.40311394	-305.047589316	19.7006830962
7.9	1135.56131	-300.991094133	15.7057600378
7.95	1198.82595847	-301.910864225	16.5807628924
8.0	1239.69184988	-302.455975153	17.1459722549
8.05	1297.50679026	-303.247231914	17.9456011012
8.1	1242.4098355	-302.488090986	17.183564263
8.15	1193.1029117	-301.813035994	16.5016083821
8.2	1311.98898352	-303.495351522	18.145901913
8.25	1282.38691291	-303.036469468	17.7364805866
8.3	1174.40345468	-301.524802534	16.2429792951
8.35	1283.73148401	-303.095999209	17.7550771264
8.4	1272.82517221	-302.923528395	17.6042337378
8.45	1300.79255095	-303.303306063	17.991045912
8.5	1337.95154813	-303.84603543	18.5049858357
8.55	1132.01586325	-300.955201524	15.6567235521
8.6	1303.99104928	-303.358261785	18.0352838117
8.65	1316.94859884	-303.54746045	18.2144975294
8.7	1225.54699788	-302.287325692	16.9503371541
8.75	1213.60418912	-302.07411881	16.7851581481
8.8	1355.45391637	-304.06108086	18.7470581864
8.85	1286.52581786	-303.113622968	17.7937250942
8.9	1120.897177	-300.790832618	15.5029428477
8.95	1224.21044405	-302.237644521	16.9318515
9.0	1299.32919709	-303.291778347	17.9708065077
9.05	1211.3068711	-302.073501577	16.7533843238
9.1	1249.73398631	-302.597545552	17.2848633774
9.15	1333.49802926	-303.790916017	18.4433899552
9.2	1297.45798956	-303.259848094	17.9449261469
9.25	1152.7638374	-301.203404497	15.9436853396
9.3	1275.79851954	-302.955951954	17.6453576112
9.35	1289.43524937	-303.184511013	17.8339649586
9.4	1146.7041961	-301.186604553	15.8598754464
9.45	1314.6549151	-303.499050892	18.1827739702
9.5	1319.93859189	-303.535114767	18.255851627
9.55	1179.68292104	-301.618879204	16.3159987183
9.6	1252.55897621	-302.674718056	17.323935344
9.65	1222.29339052	-302.192007546	16.9053370507
9.7	1335.79436716	-303.772954746	18.4751502237
9.75	1273.71495504	-302.935252684	17.6165401764
9.8	1277.2783216	-302.983887462	17.6658245079
9.85	1299.773548	-303.294463053	17.9769522513
9.9	1154.82551195	-301.281600046	15.9722000182
9.95	1265.08564962	-302.830711955	17.4971896852
10.0	1243.15548612	-302.524637553	17.193877233
10.05	1279.75058549	-303.012656635	17.7000179796
10.1	1398.52183308	-304.661254144	19.3427233955
10.15	1210.41049943	-301.99060696	16.740986756
10.2	1211.72681074	-302.069336422	16.7591924393
10.25	1149.22973322	-301.237332373	15.8948057312
10.3	1218.92632694	-302.162609793	16.8587677531
10.35	1358.68217335	-304.129916989	18.791707673
10.4	1315.26315384	-303.511390374	18.1911864193
10.45	1348.99449166	-304.004010388	18.6577189551
10.5	1142.89015162	-301.127160237	15.8071240301
10.55	1251.07869649	-302.624182581	17.3034618407
10.6	1286.2322421	-303.088416181	17.7896646966
10.65	1169.4220109	-301.473391033	16.1740817729
10.7	1291.76843077	-303.180399853	17.8662348033
10.75	1280.12753331	-303.032235197	17.7052314823
10.8	1331.78947925	-303.758041604	18.4197592836
10.85	1286.21717839	-303.081836228	17.7894563528
10.9	1163.74339738	-301.40270494	16.0955418117
10.95	1269.16097451	-302.89481888	17.5535548275
11.0	1256.12484866	-302.680371692	17.3732543341
11.05	1200.8093969	-301.936190313	16.6081955001
11.1	1316.98619567	-303.571949506	18.2150175249
11.15	1231.60251184	-302.320865946	17.0340899629
11.2	1280.8806471	-303.038355642	17.7156476742
11.25	1240.98589054	-302.495122834	17.1638699166
11.3	1321.68525022	-303.612497809	18.2800093686
11.35	1277.13600583	-302.983970525	17.6638561622
11.4	1157.25772158	-301.321610106	16.0058395059
11.45	1269.40588625	-302.830709053	17.5569421611
11.5	1321.86061096	-303.559272949	18.2824347539
11.55	1196.61315216	-301.864687933	16.5501579354
11.6	1229.20441409	-302.306026302	17.0009222708
11.65	1323.95656985	-303.624849104	18.3114236136
11.7	1265.46154385	-302.825091473	17.5023886158
11.75	1139.11531883	-301.052971223	15.7549149441
11.8	1286.62310396	-303.107567207	17.7950706421
11.85	1255.53397064	-302.668860319	17.3650819982
11.9	1324.93170189	-303.650290252	18.324910503
11.95	1315.11922421	-303.528887811	18.1891957524
12.0	1173.19091888	-301.515064177	16.2262089137
12.05	1343.35482711	-303.909287376	18.5797176906
12.1	1233.17025982	-302.382103583	17.0557732251
12.15	1199.12917732	-301.894740171	16.5849566619
12.2	1303.96762651	-303.353475421	18.0349598553
12.25	1236.76731112	-302.423988052	17.1055234446
12.3	1351.86996134	-304.053389671	18.6974890992
12.35	1229.27833313	-302.304071076	17.0019446329
12.4	1246.27269928	-302.570118608	17.236990891
12.45	1168.99739895	-301.463502665	16.1682090356
12.5	1307.12259112	-303.402906953	18.0785956472
12.55	1257.59870757	-302.70214277	17.3936390321
12.6	1343.20161227	-303.914356951	18.5775986015
12.65	1133.67081496	-300.982898554	15.6796129145
12.7	1356.03899097	-304.0909573	18.7551502561
12.75	1285.39350065	-303.082170077	17.7780642028
12.8	1241.12482109	-302.494533459	17.165791442
12.85	1221.77519855	-302.23718414	16.8981700236
12.9	1272.24638443	-302.923130432	17.59622862
12.95	1258.97775847	-302.734361649	17.4127124562
13.0	1210.24596883	-302.021761627	16.7387111606
13.05	1342.49734843	-303.876979569	18.5678580453
13.1	1273.62162271	-302.956175827	17.6152493124
13.15	1265.13013814	-302.810480294	17.4978049985
13.2	1251.4120218	-302.608099203	17.3080720078
13.25	1221.86581774	-302.206357621	16.8994233625
13.3	1238.10409632	-302.451261397	17.1240122989
13.35	1213.04421473	-302.086975245	16.7774132352
13.4	1326.43420124	-303.66442563	18.3456913221
13.45	1260.44875181	-302.73493048	17.433057521
13.5	1348.07689781	-303.992591688	18.6450278669
13.55	1153.27115292	-301.245747239	15.9507019364
13.6	1196.07075643	-301.862275344	16.5426561501
13.65	1367.44693145	-304.258641326	18.9129315878
13.7	1309.11852635	-303.412347323	18.1062010962
13.75	1271.61437203	-302.914445379	17.5874873614
13.8	1256.47236231	-302.707172494	17.3780607376
13.85	1230.53558328	-302.323518921	17.019333451
13.9	1276.2452556	-302.984850224	17.6515363435
13.95	1254.81129198	-302.679800033	17.3550867496
14.0	1299.51397523	-303.31214793	17.9733621435
14.05	1230.33253088	-302.321512691	17.0165250669
14.1	1247.75294229	-302.57154376	17.2574638864
14.15	1295.28762426	-303.268011677	17.9149081845
14.2	1168.35389113	-301.446826926	16.1593087856
14.25	1295.27399591	-303.250718125	17.9147196931
14.3	1314.91040284	-303.513132665	18.1863075788
14.35	1162.27606461	-301.353637972	16.0752473756
14.4	1332.08239661	-303.766867993	18.423810575
14.45	1227.01042261	-302.272200128	16.9705775387
14.5	1238.28111134	-302.430039574	17.1264605642
14.55	1256.74925543	-302.698669934	17.3818904005
14.6	1341.65647135	-303.880943887	18.556228014
14.65	1272.97673047	-302.923985025	17.6063299149
14.7	1183.50016194	-301.664882584	16.3687943438
14.75	1264.52234149	-302.797057525	17.4893986639
14.8	1307.49658551	-303.41657051	18.0837683015
14.85	1214.6548088	-302.10451177	16.7996890945
14.9	1278.33968587	-303.000730377	17.6805040611
14.95	1266.49125925	-302.813233625	17.5166304388
15.0	1279.41237121	-302.990671541	17.695340194
15.05	1202.84101817	-301.903176743	16.6362945168
15.1	1268.93242328	-302.870616497	17.5503937733
15.15	1251.44459661	-302.631367949	17.3085225446
15.2	1282.76920542	-303.069043812	17.7417680109
15.25	1190.219496	-301.754842524	16.4617283381
15.3	1216.81873375	-302.129500115	16.8296179815
15.35	1282.7673046	-303.053227884	17.741741721
15.4	1230.46383464	-302.319533022	17.0183411075
15.45	1204.2478563	-301.944868976	16.6557522614
15.5	1303.59107551	-303.346679902	18.0297518409
15.55	1372.35359568	-304.316198092	18.9807948465
15.6	1079.02395067	-300.184938241	14.9238012031
15.65	1287.46886932	-303.147846542	17.8067682825
15.7	1333.7456872	-303.798999168	18.4468152712
15.75	1318.83493261	-303.545209322	18.2405870988
15.8	1198.8742118	-301.871023029	16.5814302762
15.85	1318.91226554	-303.58635334	18.2416566776
15.9	1227.72759521	-302.307306447	16.9804966339
15.95	1203.25649589	-301.956076793	16.6420409202
16.0	1293.28900857	-303.210754317	17.8872656626
16.05	1188.06386171	-301.707968496	16.4319141179
16.1	1362.02882188	-304.1663249	18.8379946134
16.15	1223.15475202	-302.224378391	16.9172503986
16.2	1275.62580243	-302.962063266	17.6429687895
16.25	1216.74563839	-302.159954521	16.8286070116
16.3	1379.12306622	-304.436122095	19.0744222702
16.35	1163.00847571	-301.356475801	16.085377232
16.4	1333.64248428	-303.773885783	18.4453878887
16.45	1109.65292578	-300.602993909	15.347425475
16.5	1313.82184048	-303.484433714	18.1712518535
16.55	1280.85941077	-303.044728862	17.715353958
16.6	1245.68383303	-302.551498142	17.2288463795
16.65	1221.84794297	-302.188014718	16.8991761396
16.7	1373.17273938	-304.352368858	18.9921242871
16.75	1076.62531955	-300.159924234	14.8906261341
16.8	1364.63678537	-304.216284732	18.8740649237
16.85	1189.58316482	-301.748725737	16.4529273471
16.9	1394.86293678	-304.631523442	19.2921178079
16.95	1124.02150571	-300.847894371	15.5461549196
17.0	1208.8292871	-302.049478724	16.7191172707
17.05	1290.08180985	-303.154307682	17.8429074293
17.1	1358.94919852	-304.107667502	18.7954008538
17.15	1242.94393256	-302.506199968	17.1909512707
17.2	1379.62482677	-304.43966817	19.0813620371
17.25	1236.27754335	-302.38728938	17.0987495479
17.3	1189.41636719	-301.751124552	16.4506203968
17.35	1090.20927501	-300.368723617	15.0785035678
17.4	1254.35258081	-302.684344991	17.3487423915
17.45	1242.64290244	-302.496642589	17.1867877732
17.5	1404.53480007	-304.777396562	19.4258877441
17.55	1245.12459192	-302.534206336	17.2211116085
17.6	1234.08911469	-302.362829406	17.0684817542
17.65	1245.49510393	-302.531418172	17.2262360987
17.7	1226.69196542	-302.318021534	16.9661730102
17.75	1220.32459136	-302.193173799	16.8781069162
17.8	1269.45498552	-302.846231461	17.557621245
17.85	1280.47210096	-303.017837296	17.7099971403
17.9	1193.00672929	-301.790806234	16.5002780993
17.95	1330.31966913	-303.739782777	18.3994305838
18.0	1255.13831068	-302.651189687	17.3596096909
18.05	1373.32293652	-304.328484668	18.9942016388
18.1	1124.22894041	-300.852032892	15.5490239145
18.15	1199.76984946	-301.927646838	16.593817692
18.2	1212.36696277	-302.062122273	16.7680462758
18.25	1331.06025221	-303.719584319	18.4096734654
18.3	1297.87085445	-303.265384811	17.9506364126
18.35	1370.10430904	-304.274976029	18.9496853363
18.4	1198.57121714	-301.858404143	16.5772396073
18.45	1142.70056255	-301.137334443	15.8045018551
18.5	1164.1469961	-301.457768326	16.1011239186
18.55	1204.03839372	-301.943236989	16.6528552193
18.6	1508.00452644	-306.199358531	20.8569603593
18.65	1235.80416064	-302.372799618	17.0922022701
18.7	1163.86027926	-301.376705097	16.0971583855
18.75	1284.23571271	-303.093701804	17.7620510299
18.8	1307.65958545	-303.425717411	18.0860227267
18.85	1168.07374913	-301.464294431	16.1554341881
18.9	1151.23290235	-301.213993153	15.922511231
18.95	1355.9648789	-304.074502012	18.7541252243
19.0	1331.35936284	-303.722710704	18.4138104149
19.05	1195.81665306	-301.822310885	16.5391416886
19.1	1256.28411227	-302.695286075	17.3754570826
19.15	1221.76687644	-302.204814618	16.8980549218
19.2	1329.37826347	-303.6927114	18.3864101582
19.25	1156.16315994	-301.2973143	15.9907008056
19.3	1317.82064245	-303.571855526	18.2265586199
19.35	1380.32161969	-304.407119297	19.0909992643
19.4	1229.81350092	-302.319674364	17.0093464498
19.45	1174.45374167	-301.575593133	16.2436748062
19.5	1318.23292215	-303.584111388	18.232260792
19.55	1267.51481106	-302.841228999	17.5307870139
19.6	1303.21285654	-303.366061432	18.024520757
19.65	1186.51222972	-301.707541063	16.4104537533
19.7	1293.55821021	-303.212931261	17.8909889458
19.75	1334.83167151	-303.788910258	18.4618353399
19.8	1192.30467481	-301.794245453	16.4905681001
19.85	1219.53865089	-302.196693048	16.8672367041
19.9	1222.08220208	-302.208532537	16.9024161384
19.95	1431.15088835	-305.132981211	19.7940104444
20.0	1207.569447	-301.988782761	16.7016926312
20.05	1213.27623126	-302.088585944	16.7806222174
20.1	1233.2609124	-302.360461426	17.0570270258
20.15	1354.42718085	-304.079651823	18.7328575777
20.2	1177.14912216	-301.593829377	16.2809541665
20.25	1293.07575419	-303.213898409	17.8843161767
20.3	1291.02209412	-303.16657335	17.855912345
20.35	1287.94232039	-303.150645986	17.8133165056
20.4	1359.36751219	-304.16183431	18.8011864808
20.45	1189.74180486	-301.757675539	16.4551214712
20.5	1157.52459239	-301.301290853	16.0095305518
20.55	1144.82433469	-301.123182322	15.8338753952
20.6	1301.57363577	-303.350910098	18.0018489666
20.65	1268.75470888	-302.859696842	17.547935835
20.7	1200.34115485	-301.890511622	16.601719322
20.75	1444.76890756	-305.355227161	19.9823590081
20.8	1191.84749691	-301.776785701	16.4842449485
20.85	1233.83043433	-302.395724204	17.0649039891
20.9	1176.29179422	-301.57728665	16.2690966061
20.95	1246.04559951	-302.531733729	17.2338499117
21.0	1323.59270044	-303.62579824	18.3063909961
21.05	1208.74859421	-302.022270714	16.7180012206
21.1	1288.02376324	-303.14656912	17.8144429282
21.15	1228.37087273	-302.304900988	16.9893936986
21.2	1294.0737759	-303.214772478	17.8981196493
21.25	1299.35548224	-303.303100331	17.9711700532
21.3	1275.21737036	-302.986518959	17.6373198334
21.35	1128.40160933	-300.902270033	15.606735406
21.4	1343.55626547	-303.925163572	18.5825037511
21.45	1220.6121703	-302.183327102	16.8820843729
21.5	1264.04237462	-302.780189899	17.4827603217
21.55	1319.17744632	-303.544448864	18.2453243491
21.6	1304.70835536	-303.383906819	18.045204753
21.65	1218.3625351	-302.183165069	16.8509700417
21.7	1171.91633331	-301.512681211	16.2085803323
21.75	1272.56927709	-302.929898099	17.6006944948
21.8	1288.89347429	-303.150377414	17.8264717573
21.85	1295.84038753	-303.227823538	17.9225533616
21.9	1296.51670234	-303.21863585	17.9319073595
21.95	1239.30149463	-302.408598539	17.1405733162
22.0	1257.18247533	-302.73861448	17.387882193
22.05	1186.07741016	-301.740520572	16.4044398362
22.1	1376.53470994	-304.365764015	19.038623144
22.15	1224.61132505	-302.217437647	16.9373960185
22.2	1390.79487988	-304.589390875	19.235853188
22.25	1179.70281509	-301.622904989	16.3162738696
22.3	1214.32341282	-302.117041079	16.7951056116
22.35	1283.15179628	-303.063884372	17.7470595616
22.4	1259.75277852	-302.753008102	17.4234316299
22.45	1231.8550047	-302.344281552	17.0375821497
22.5	1274.56476395	-302.94222551	17.6282937424
22.55	1317.2664481	-303.554496959	18.2188936498
22.6	1211.78755121	-302.074948118	16.7600325306
22.65	1222.85879488	-302.216955302	16.9131570645
22.7	1301.95582296	-303.333373168	18.0071349342
22.75	1212.10889482	-302.065704825	16.7644769807
22.8	1356.07770338	-304.080207626	18.755685681
22.85	1232.77492693	-302.362168241	17.0503054415
22.9	1284.17129885	-303.111643038	17.7611601325
22.95	1148.87390748	-301.150633503	15.8898843643
23.0	1365.29816052	-304.197575566	18.8832122936
23.05	1245.38766156	-302.535281636	17.2247500811
23.1	1306.18329606	-303.412394213	18.0656044132
23.15	1153.61579055	-301.247122188	15.9554685622
23.2	1378.49072658	-304.374631801	19.0656764856
23.25	1205.0865348	-301.995995285	16.6673518846
23.3	1277.59032401	-303.054335421	17.6701397615
23.35	1154.28830552	-301.249921996	15.9647700052
23.4	1429.78656631	-305.112240014	19.7751407326
23.45	1274.08463997	-302.959624982	17.6216532273
23.5	1215.13597666	-302.131376974	16.8063440474
23.55	1249.60682225	-302.598667852	17.2831045924
23.6	1154.61831386	-301.266150589	15.9693342958
23.65	1257.26524743	-302.717210987	17.3890270002
23.7	1343.35506211	-303.916442931	18.5797209408
23.75	1261.3525055	-302.767885175	17.4455571883
23.8	1265.18615317	-302.802410069	17.498579733
23.85	1345.13441024	-303.908124963	18.6043308096
23.9	1176.05879129	-301.568760971	16.2658739812
23.95	1256.23532672	-302.713217941	17.3747823377
24.0	1268.56482506	-302.864532075	17.5453095833
24.05	1283.12058514	-303.063405435	17.7466278855
24.1	1217.11883377	-302.156697648	16.833768615
24.15	1328.88849894	-303.71913881	18.3796363063
24.2	1296.99199757	-303.223378001	17.938481089
24.25	1208.54702975	-302.036120555	16.7152134161
24.3	1232.15624004	-302.371036071	17.0417484858
24.35	1342.96743163	-303.8860302	18.574359688
24.4	1193.73005141	-301.777168779	16.5102822474
24.45	1127.63823166	-300.883827784	15.5961772561
24.5	1299.36962765	-303.297723436	17.971365696
24.55	1439.40785505	-305.229547388	19.9082111805
24.6	1124.46126178	-300.808179637	15.5522371129
24.65	1198.98215667	-301.875528892	16.5829232437
24.7	1236.84195788	-302.39819856	17.1065558716
24.75	1300.77400442	-303.340172718	17.9907893981
24.8	1234.32034412	-302.413547361	17.0716798502
24.85	1234.2222394	-302.4000951	17.07032298
24.9	1429.19437393	-305.120412282	19.7669502181
24.95	1311.52900051	-303.480696944	18.1395399642
25.0	1217.46353276	-302.182591827	16.8385360896
25.05	1214.59202305	-302.112064053	16.7988207152
25.1	1284.7744299	-303.120535307	17.7695019379
25.15	1251.21383742	-302.634125567	17.3053309525
25.2	1335.18594727	-303.805132165	18.4667352691
25.25	1332.11946852	-303.774196959	18.4243233104
25.3	1238.72698329	-302.421699623	17.1326273452
25.35	1142.32177429	-301.088171599	15.7992628976
25.4	1211.11854552	-302.070929995	16.7507796239
25.45	1291.13295178	-303.175412678	17.8574455989
25.5	1341.72190423	-303.895457529	18.5571330052
25.55	1244.77364272	-302.528045426	17.2162576884
25.6	1271.66019149	-302.913035859	17.5881210828
25.65	1282.6663219	-303.074921847	17.7403450461
25.7	1262.90795422	-302.798763784	17.4670703414
25.75	1286.36175457	-303.099193947	17.7914559621
25.8	1265.56868422	-302.80109333	17.5038704565
25.85	1204.64427458	-301.960873228	16.6612350569
25.9	1301.62208957	-303.327040205	18.0025191231
25.95	1256.57744876	-302.69062051	17.3795141709
26.0	1166.12745398	-301.425599243	16.1285153029
26.05	1282.22166773	-303.060028511	17.7341951079
26.1	1342.60128951	-303.901659608	18.5692956371
26.15	1282.54730086	-303.058942407	17.7386988858
26.2	1268.85056188	-302.883472126	17.5492615619
26.25	1245.11948267	-302.531109824	17.2210409434
26.3	1182.5688459	-301.688982953	16.3559134662
26.35	1344.83760207	-303.973033199	18.6002257051
26.4	1191.52320769	-301.757134688	16.4797597581
26.45	1347.19751093	-303.953745494	18.6328652128
26.5	1205.84787373	-301.986216545	16.677881837
26.55	1324.95373823	-303.654138943	18.3252152839
26.6	1199.38608125	-301.877851987	16.5885098576
26.65	1247.06428033	-302.562550218	17.2479391171
26.7	1284.35874308	-303.107175578	17.7637526425
26.75	1349.35518468	-303.984908202	18.6627076405
26.8	1206.17687246	-301.991996961	16.6824321639
26.85	1349.24346554	-304.041695632	18.6611624715
26.9	1359.50543363	-304.123621987	18.8030940492
26.95	1150.2274147	-301.18060527	15.9086044982
27.0	1228.87425348	-302.357689336	16.9963558743
27.05	1273.98646523	-302.941416954	17.6202953888
27.1	1262.54326013	-302.741712075	17.462026318
27.15	1256.71669059	-302.684512973	17.3814400015
27.2	1265.84511108	-302.83201212	17.5076936706
27.25	1119.7268777	-300.780066178	15.4867566322
27.3	1414.07335576	-304.920141091	19.557813925
27.35	1252.69213907	-302.619971855	17.3257770973
27.4	1162.67303879	-301.354730189	16.0807378597
27.45	1313.86215021	-303.512713272	18.1718093705
27.5	1335.70938839	-303.822412463	18.4739748964
27.55	1203.34542073	-301.942614401	16.6432708248
27.6	1246.16768494	-302.558472202	17.2355384549
27.65	1259.64169869	-302.734094271	17.4218953032
27.7	1336.93081276	-303.843231438	18.4908682142
27.75	1268.45655608	-302.856805723	17.543812133
27.8	1262.23769142	-302.775383404	17.4578000479
27.85	1223.83029687	-302.24598157	16.9265937473
27.9	1265.12172977	-302.805951924	17.4976887037
27.95	1320.22423351	-303.585860551	18.2598022889
28.0	1199.17709963	-301.885846719	16.5856194674
28.05	1244.01475139	-302.503994839	17.2057615883
28.1	1273.90776782	-302.930331732	17.619206938
28.15	1322.32964857	-303.630475203	18.2889219352
28.2	1269.8555461	-302.888853618	17.5631613318
28.25	1245.81095678	-302.544094615	17.230604607
28.3	1325.58743053	-303.657419	18.3339797769
28.35	1210.88511741	-302.059769107	16.7475511185
28.4	1065.00376063	-299.998501713	14.7298902811
28.45	1282.57134339	-303.049658949	17.739031414
28.5	1362.34742569	-304.161908118	18.8424011699
28.55	1144.32103362	-301.080773198	15.8269143215
28.6	1308.45699786	-303.415054339	18.0970516054
28.65	1212.17986243	-302.051243979	16.765458522
28.7	1292.86807721	-303.233230994	17.8814438308
28.75	1263.10736394	-302.812857505	17.4698283441
28.8	1211.06322236	-302.047717773	16.7500144584
28.85	1244.14261205	-302.505379615	17.2075300079
28.9	1300.75426682	-303.323275343	17.9905164106
28.95	1243.06580015	-302.513110187	17.1926368013
29.0	1276.30053606	-302.955301815	17.6523009184
29.05	1284.40737799	-303.057338375	17.7644253039
29.1	1249.9887181	-302.630807117	17.2883865305
29.15	1322.69154191	-303.652925011	18.293927222
29.2	1230.82628845	-302.339482931	17.023354146
29.25	1310.84102633	-303.444435528	18.1300247076
29.3	1278.24402543	-302.998396222	17.6791809974
29.35	1261.83535477	-302.761064506	17.4522353965
29.4	1229.01176114	-302.315966927	16.9982577199
29.45	1258.26669444	-302.739611256	17.4028778476
29.5	1169.37880409	-301.46081277	16.1734841867
29.55	1347.48454833	-303.974680129	18.6368351795
29.6	1270.28975403	-302.891667931	17.5691667897
29.65	1252.13784465	-302.628181632	17.3181107433
29.7	1318.88801101	-303.580282016	18.2413212172
29.75	1210.79675874	-302.059953512	16.7463290443
29.8	1252.64492491	-302.653903469	17.3251240862
29.85	1278.97397199	-303.006242667	17.6892767672
29.9	1216.92575864	-302.162391591	16.8310982249
29.95	1386.6850179	-304.529389353	19.179010369
30.0	1194.55612525	-301.773411783	16.5217075376
30.05	1250.82323925	-302.60967619	17.2999286541
30.1	1207.88656746	-302.000527647	16.7060786717
30.15	1314.57125663	-303.50258531	18.1816169039
30.2	1326.93538335	-303.680704481	18.3526230887
30.25	1209.65513924	-302.050541737	16.7305394945
30.3	1225.36046625	-302.260873828	16.9477572662
30.35	1227.52166991	-302.264679125	16.9776485153
30.4	1345.38139642	-303.95303226	18.6077468345
30.45	1142.58141815	-301.090898852	15.8028539886
30.5	1321.36259314	-303.591077218	18.2755467522
30.55	1307.10779497	-303.378936875	18.0783910041
30.6	1119.64456643	-300.762620619	15.4856181988
30.65	1308.30063912	-303.446497316	18.0948890337
30.7	1312.77951329	-303.491733649	18.156835599
30.75	1211.73167554	-302.054658103	16.7592597235
30.8	1324.91847459	-303.656586095	18.3247275584
30.85	1247.12611487	-302.572195189	17.2487943403
30.9	1358.67462518	-304.132979828	18.7916032754
30.95	1069.73434056	-300.055324458	14.7953181471
31.0	1282.56344419	-303.078785173	17.7389221614
31.05	1288.52218919	-303.139758589	17.8213365747
31.1	1299.76668734	-303.284502892	17.9768573628
31.15	1305.29548517	-303.391690542	18.053325248
31.2	1159.05448847	-301.323261338	16.0306902906
31.25	1210.1969773	-302.030881594	16.7380335668
31.3	1281.8950227	-303.03954785	17.7296773348
31.35	1352.17612943	-304.054889206	18.7017236592
31.4	1197.36545549	-301.867532993	16.560562918
31.45	1281.68539027	-303.027755732	17.7267779434
31.5	1275.81665229	-302.970979057	17.6456084024
31.55	1254.86565047	-302.685588174	17.3558385729
31.6	1231.07917659	-302.319082725	17.0268517999
31.65	1288.80381921	-303.168271871	17.8252317529
31.7	1143.27362618	-301.098948298	15.812427803
31.75	1337.28129418	-303.815956004	18.4957156646
31.8	1317.51712399	-303.539087533	18.2223607064
31.85	1154.26661264	-301.249592393	15.9644699746
31.9	1307.81546598	-303.461823589	18.0881786844
31.95	1192.57740948	-301.804243901	16.4943402482
32.0	1332.08774977	-303.755128857	18.4238846137
32.05	1249.66256327	-302.607214552	17.2838755372
32.1	1235.64217039	-302.418872959	17.08996181
32.15	1411.12522387	-304.872624356	19.5170388021
32.2	1273.02440141	-302.903221342	17.6069892438
32.25	1171.4857552	-301.516941334	16.2026250778
32.3	1261.12414532	-302.766042752	17.4423987766
32.35	1236.34887263	-302.385897145	17.0997360914
32.4	1315.9310693	-303.509711244	18.2004242472
32.45	1202.72021363	-301.942695365	16.6346236892
32.5	1340.33763849	-303.871690064	18.5379874555
32.55	1205.93845967	-301.980266139	16.6791347161
32.6	1324.44495525	-303.654795781	18.318178391
32.65	1205.93211629	-301.970869877	16.679046982
32.7	1151.56747859	-301.226493458	15.9271386995
32.75	1273.28376232	-302.937109735	17.6105764214
32.8	1248.17875317	-302.575407602	17.2633532059
32.85	1295.62613842	-303.28195525	17.9195901177
32.9	1421.22433782	-305.031596685	19.6567179712
32.95	1203.50781431	-301.935054876	16.6455168635
33.0	1281.08968305	-303.051131091	17.7185388157
33.05	1249.23829899	-302.569048524	17.2780076084
33.1	1192.61501219	-301.812856584	16.4948603251
33.15	1202.92248239	-301.968897656	16.6374212348
33.2	1279.33807338	-302.981007894	17.694312593
33.25	1382.16933876	-304.433358048	19.1165547602
33.3	1241.0440714	-302.475745676	17.1646746064
33.35	1159.68787911	-301.362854463	16.0394506115
33.4	1086.62024049	-300.313597975	15.0288642269
33.45	1377.19816935	-304.379472049	19.0477993411
33.5	1390.86801668	-304.582459012	19.236864731
33.55	1183.9270259	-301.669790838	16.3746982283
33.6	1208.79048445	-302.017082181	16.7185805976
33.65	1261.09408972	-302.776074692	17.4419830826
33.7	1133.3670985	-300.980088858	15.6754122627
33.75	1435.17703127	-305.2071817	19.8496953589
33.8	1161.96540055	-301.376754523	16.0709506326
33.85	1286.61658962	-303.119879151	17.7949805433
33.9	1193.49656859	-301.786208887	16.5070529853
33.95	1300.14922321	-303.308213949	17.9821481528
34.0	1241.11325245	-302.470177956	17.165631438
34.05	1408.34684105	-304.839949796	19.4786114504
34.1	1141.91208492	-301.077254951	15.7935965518
34.15	1416.78778996	-304.958603038	19.595356814
34.2	1137.57982341	-301.011321182	15.7336777618
34.25	1290.33935026	-303.17451556	17.846469428
34.3	1225.55682141	-302.273935372	16.9504730218
34.35	1284.88956186	-303.113140563	17.771094309
34.4	1337.1356035	-303.816423326	18.4937006409
34.45	1293.40223298	-303.204076273	17.8888316507
34.5	1288.46924545	-303.161292192	17.8206043187
34.55	1063.36743365	-299.990091605	14.7072585142
34.6	1323.90078108	-303.651217538	18.3106520083
34.65	1193.90221933	-301.826637136	16.5126634733
34.7	1330.51487989	-303.740330602	18.4021305113
34.75	1259.94108026	-302.721417378	17.4260360001
34.8	1227.566095	-302.295718045	16.9782629514
34.85	1252.84733994	-302.667712219	17.3279236548
34.9	1367.16714378	-304.247651147	18.909061891
34.95	1259.40889985	-302.719540145	17.4186755011
35.0	1219.35582655	-302.172514882	16.8647080909
35.05	1255.71796772	-302.678908262	17.3676268314
35.1	1168.63700846	-301.46123904	16.1632245344
35.15	1216.0256683	-302.112841197	16.8186492248
35.2	1317.41936771	-303.559434849	18.2210086555
35.25	1321.25070602	-303.608604533	18.2739992599
35.3	1205.06971869	-301.930780368	16.6671193038
35.35	1322.29262816	-303.613077706	18.2884099121
35.4	1267.69071559	-302.84720715	17.5332199203
35.45	1218.21720595	-302.171951994	16.8489600183
35.5	1164.83706282	-301.420950519	16.1106681169
35.55	1276.45504609	-302.968406447	17.654437921
35.6	1273.77307052	-302.949372845	17.617343962
35.65	1176.60433998	-301.568437077	16.2734193745
35.7	1402.60923984	-304.7391304	19.3992556401
35.75	1247.11558902	-302.537661437	17.2486487591
35.8	1303.11552408	-303.34187022	18.0231745679
35.85	1230.5838814	-302.325886571	17.0200014543
35.9	1122.68190944	-300.83286102	15.5276271859
35.95	1246.27034835	-302.602291218	17.2369583757
36.0	1281.38520517	-303.02957337	17.7226261332
36.05	1306.08379633	-303.358612137	18.0642282489
36.1	1272.47093537	-302.908667885	17.5993343468
36.15	1201.55699187	-301.93718583	16.618535362
36.2	1226.33911882	-302.299353969	16.9612928475
36.25	1326.20924986	-303.655519653	18.3425800569
36.3	1296.90239077	-303.278707469	17.9372417522
36.35	1336.67336635	-303.848993214	18.4873075155
36.4	1283.89522051	-303.055793351	17.7573417388
36.45	1171.15363636	-301.49743529	16.1980315974
36.5	1195.86616437	-301.85480305	16.5398264713
36.55	1258.60659033	-302.722001744	17.4075788913
36.6	1325.96429006	-303.685565295	18.3391920586
36.65	1362.7070246	-304.204974524	18.8473747228
36.7	1237.84620303	-302.413585009	17.1204454196
36.75	1276.09122054	-302.962257059	17.6494059102
36.8	1132.33965475	-300.967122549	15.6612018586
36.85	1229.76675519	-302.31391615	17.0086999173
36.9	1316.2966595	-303.517029049	18.2054806645
36.95	1295.44050858	-303.245290015	17.9170227022
37.0	1217.85169136	-302.153823499	16.8439046467
37.05	1238.28764656	-302.425975487	17.1265509519
37.1	1295.01170169	-303.218971598	17.9110919452
37.15	1268.11126639	-302.877614502	17.5390364887
37.2	1281.11292009	-303.057980714	17.7188602034
37.25	1321.77713432	-303.583992951	18.2812802023
37.3	1153.63206087	-301.222096404	15.9556935944
37.35	1217.82135681	-302.168192142	16.8434850946
37.4	1277.36632036	-302.986911915	17.6670416042
37.45	1304.09323986	-303.37999308	18.0366971926
37.5	1378.97171759	-304.439147075	19.0723289924
37.55	1198.87236729	-301.897332956	16.5814047651
37.6	1288.35447117	-303.135381408	17.8190168947
37.65	1335.04655897	-303.779332738	18.4648074126
37.7	1207.30172218	-302.042577049	16.6979897736
37.75	1211.74850595	-302.072409836	16.7594925021
37.8	1272.58180024	-302.88284385	17.6008677004
37.85	1319.43545003	-303.596057042	18.2488927556
37.9	1179.68217622	-301.607746767	16.3159884168
37.95	1304.20962285	-303.344198749	18.0383068664
38.0	1305.57230117	-303.375080054	18.0571538442
38.05	1292.5812968	-303.213394781	17.8774774186
38.1	1159.60596447	-301.368467399	16.0383176637
38.15	1204.26479692	-301.975440657	16.6559865643
38.2	1241.35191525	-302.463966157	17.1689323435
38.25	1339.05829407	-303.833237183	18.5202930552
38.3	1302.43623633	-303.338780165	18.0137794518
38.35	1251.07679364	-302.639314438	17.3034355228
38.4	1248.68086622	-302.570698219	17.2702978482
38.45	1250.23473637	-302.607812383	17.2917891684
38.5	1160.64481273	-301.342507113	16.0526858016
38.55	1218.45560014	-302.137182381	16.8522572088
38.6	1383.71014431	-304.473700273	19.137865386
38.65	1270.38471323	-302.868173533	17.5704801546
38.7	1163.52734293	-301.40266308	16.0925535985
38.75	1174.65715927	-301.543697011	16.2464882412
38.8	1363.99937242	-304.18620958	18.8652489709
38.85	1290.19087114	-303.195841593	17.8444158378
38.9	1177.71500042	-301.588678295	16.2887807348
38.95	1285.65156961	-303.100585201	17.7816335117
39.0	1222.74128578	-302.230872209	16.9115318157
39.05	1240.65221555	-302.461733123	17.1592549132
39.1	1205.79568482	-301.949702511	16.6771600208
39.15	1343.10888718	-303.893712353	18.5763161363
39.2	1319.40679607	-303.588003358	18.2484964474
39.25	1147.34140442	-301.167148869	15.8686885689
39.3	1253.59776684	-302.646237397	17.3383026848
39.35	1301.22893522	-303.311139848	17.9970814705
39.4	1207.71066362	-302.016791392	16.7036457749
39.45	1267.87966152	-302.860792923	17.5358332001
39.5	1249.73315465	-302.589238379	17.2848518749
39.55	1355.6767129	-304.08026285	18.7501396482
39.6	1225.34314547	-302.259312413	16.9475177054
39.65	1255.01999495	-302.689153514	17.3579732857
39.7	1236.50874778	-302.416825343	17.101947298
39.75	1314.86344316	-303.487658445	18.1856580872
39.8	1201.88555541	-301.885076902	16.6230796698
39.85	1243.81034469	-302.518096391	17.2029344732
39.9	1239.50682806	-302.474463819	17.1434132489
39.95	1108.57366047	-300.609261882	15.3324983357
40.0	1378.13180451	-304.397438136	19.060712294
40.05	1216.36559231	-302.103265328	16.8233506573
40.1	1311.65764101	-303.446038934	18.1413191697
40.15	1182.79779077	-301.642618535	16.3590799647
40.2	1319.01325401	-303.588454301	18.2430534324
40.25	1188.93388576	-301.733230749	16.4439472763
40.3	1291.39440788	-303.19448521	17.8610617549
40.35	1276.9907698	-302.978219696	17.6618474268
40.4	1338.25911814	-303.846328863	18.5092397855
40.45	1120.07041986	-300.774236763	15.4915081068
40.5	1276.63179824	-302.995523782	17.6568825507
40.55	1282.15542679	-303.037338426	17.7332789406
40.6	1217.34733451	-302.119722057	16.8369289708
40.65	1221.33355454	-302.188783703	16.8920617186
40.7	1356.20282981	-304.083518182	18.757416284
40.75	1205.45163717	-301.95407089	16.6724015549
40.8	1277.92176053	-303.013116941	17.6747238051
40.85	1204.74588499	-301.986657201	16.6626404137
40.9	1304.27229523	-303.362037744	18.0391736777
40.95	1307.09384777	-303.413775027	18.0781981028
41.0	1236.97301078	-302.421714415	17.1083684425
41.05	1099.16807967	-300.471504112	15.2024113083
41.1	1402.833134	-304.756680059	19.402352283
41.15	1244.0410656	-302.507150864	17.2061255359
41.2	1315.21100102	-303.51035752	18.1904651023
41.25	1288.64135306	-303.141066718	17.8229847105
41.3	1229.15629615	-302.308147176	17.0002567595
41.35	1216.95785378	-302.130816845	16.8315421274
41.4	1233.59136056	-302.360853126	17.0615973994
41.45	1239.89844852	-302.455025811	17.1488296865
41.5	1238.05924047	-302.446961532	17.1233919051
41.55	1258.27577659	-302.692415353	17.4030034613
41.6	1217.07025631	-302.119353547	16.8330967483
41.65	1264.14100144	-302.826155044	17.4841244129
41.7	1200.82232658	-301.915763892	16.6083743284
41.75	1370.41866534	-304.274340053	18.9540331461
41.8	1336.19836691	-303.798870821	18.4807378771
41.85	1223.32539902	-302.228519171	16.9196105889
41.9	1157.37512766	-301.307309466	16.00746333
41.95	1238.09182097	-302.438713847	17.1238425205
42.0	1258.85621034	-302.699623891	17.4110313443
42.05	1277.98455242	-302.976702807	17.6755922693
42.1	1202.06446967	-301.906990364	16.6255542033
42.15	1208.57649868	-302.0261776	16.7156209959
42.2	1212.93460093	-302.096540432	16.775897185
42.25	1216.79653326	-302.138737745	16.8293109301
42.3	1362.60924474	-304.200101468	18.8460223457
42.35	1278.58516452	-303.019200753	17.6838992355
42.4	1121.08790974	-300.778938824	15.5055808406
42.45	1432.31331489	-305.172568845	19.8100877729
42.5	1174.17720565	-301.506909329	16.2398500825
42.55	1326.33501765	-303.650412788	18.3443195303
42.6	1272.70639583	-302.922428603	17.6025909614
42.65	1210.00728395	-302.060097	16.7354099496
42.7	1147.7608341	-301.174004772	15.8744896312
42.75	1370.35895864	-304.308357045	18.9532073526
42.8	1149.16545366	-301.153951971	15.8939166913
42.85	1342.03789077	-303.8779232	18.5615033627
42.9	1241.96628442	-302.499626835	17.1774295817
42.95	1250.58545757	-302.635889695	17.2966399352
43.0	1275.70747414	-302.958023916	17.6440983774
43.05	1310.39021537	-303.4248619	18.123789616
43.1	1267.13740033	-302.848907063	17.5255671087
43.15	1248.79131309	-302.571257778	17.2718254206
43.2	1226.53004378	-302.287247125	16.9639334989
43.25	1152.9027871	-301.245376976	15.9456071298
43.3	1285.18561387	-303.094262632	17.7751889553
43.35	1339.72733901	-303.870237345	18.5295465047
43.4	1295.60862044	-303.256837021	17.9193478294
43.45	1210.5190805	-302.047240532	16.7424885227
43.5	1311.22126442	-303.46410196	18.1352837174
43.55	1315.13646741	-303.516954227	18.1894342403
43.6	1256.83614302	-302.727061995	17.3830921283
43.65	1215.6709436	-302.142005636	16.8137430863
43.7	1248.5501728	-302.563469834	17.2684902493
43.75	1342.69373637	-303.872312807	18.5705742544
43.8	1286.9103799	-303.099495359	17.7990439079
43.85	1115.29213587	-300.727204354	15.4254204539
43.9	1295.70537279	-303.264800024	17.9206859951
43.95	1268.5291964	-302.850382078	17.5448168092
44.0	1348.82275408	-304.01751964	18.6553436811
44.05	1243.22947071	-302.516749357	17.1949005015
44.1	1368.14163113	-304.282905347	18.9225398638
44.15	1228.8034563	-302.334495995	16.9953766902
44.2	1215.85110615	-302.141356572	16.8162348846
44.25	1261.61821446	-302.776300092	17.4492321649
44.3	1358.66382105	-304.139626174	18.7914538454
44.35	1184.77134454	-301.688610172	16.3863758593
44.4	1268.15416839	-302.861537191	17.539629859
44.45	1230.03544666	-302.320614222	17.0124161444
44.5	1326.37255385	-303.686065065	18.3448386873
44.55	1266.21465811	-302.832738367	17.5128048142
44.6	1311.10453629	-303.487398864	18.1336692701
44.65	1244.32240731	-302.519871289	17.2100167263
44.7	1230.72255782	-302.307867851	17.0219194649
44.75	1234.99528182	-302.392182133	17.0810148014
44.8	1209.84971287	-302.057520167	16.7332306101
44.85	1125.10560622	-300.842750967	15.5611489338
44.9	1387.51838939	-304.523845254	19.1905365918
44.95	1339.25137928	-303.836811672	18.5229635847
45.0	1297.93819979	-303.270529297	17.9515678548
45.05	1206.83008327	-301.997663912	16.6914666143
45.1	1177.08309726	-301.606389723	16.280040987
45.15	1231.92415248	-302.329949079	17.0385385212
45.2	1321.00261211	-303.597557624	18.2705679142
45.25	1269.91760714	-302.898454412	17.5640196877
45.3	1277.70190117	-302.972027937	17.6716829668
45.35	1148.32082292	-301.155795829	15.8822347436
45.4	1289.80603492	-303.170721069	17.839093232
45.45	1214.68273911	-302.099619565	16.800075394
45.5	1295.28892814	-303.218793352	17.9149262183
45.55	1359.89804806	-304.142138178	18.8085242344
45.6	1204.15656319	-301.955697227	16.6544896016
45.65	1159.81019083	-301.367206618	16.0411422846
45.7	1277.40028598	-303.000165862	17.6675113771
45.75	1237.03661762	-302.410281172	17.1092481782
45.8	1392.53390482	-304.607265887	19.2599053534
45.85	1152.25050395	-301.224772668	15.9365855099
45.9	1319.46921609	-303.582635052	18.2493597683
45.95	1166.51434658	-301.407633708	16.1338663503
46.0	1380.20422487	-304.45463374	19.089375596
46.05	1249.04722942	-302.573791861	17.2753649569
46.1	1303.21530411	-303.363294889	18.0245546089
46.15	1187.57771016	-301.742215956	16.4251902365
46.2	1243.12494245	-302.514736611	17.1934547885
46.25	1255.7719872	-302.700869316	17.3683739657
46.3	1338.35914845	-303.822201519	18.510623288
46.35	1308.16377295	-303.387922372	18.0929960603
46.4	1239.45976062	-302.469980829	17.1427622668
46.45	1207.92738097	-302.035265821	16.7066431566
46.5	1266.53677976	-302.843882362	17.5172600253
46.55	1295.67149184	-303.225765658	17.9202173933
46.6	1279.74660747	-303.004922302	17.6999629603
46.65	1225.60623912	-302.278269507	16.9511565099
46.7	1341.32579775	-303.900634883	18.5516545223
46.75	1151.57331104	-301.203004448	15.927219367
46.8	1337.68959652	-303.847182893	18.5013628264
46.85	1217.87578806	-302.154482223	16.8442379241
46.9	1354.33057881	-304.098110997	18.731521491
46.95	1180.63182816	-301.646772559	16.3291228953
47.0	1264.93958523	-302.805028454	17.4951694928
47.05	1364.25419483	-304.220922293	18.8687733774
47.1	1228.59245528	-302.279486802	16.9924583701
47.15	1225.86263578	-302.244824407	16.9547026896
47.2	1311.14254643	-303.476455928	18.1341949821
47.25	1200.62543186	-301.938344559	16.6056511101
47.3	1117.7388995	-300.739552468	15.4592612358
47.35	1441.41092161	-305.278132185	19.9359152618
47.4	1331.53433717	-303.748386161	18.4162304558
47.45	1245.90406266	-302.562361959	17.231892339
47.5	1179.85757784	-301.607782316	16.3184143676
47.55	1235.16543581	-302.387444707	17.0833681731
47.6	1330.33683571	-303.744902744	18.3996680119
47.65	1282.90841887	-303.095471324	17.7436934491
47.7	1298.81479619	-303.289421783	17.9636919141
47.75	1171.28640869	-301.4785694	16.1998679494
47.8	1344.63798216	-303.969871826	18.5974647951
47.85	1236.64170206	-302.434882381	17.1037861666
47.9	1249.27602639	-302.578868467	17.2785294098
47.95	1322.78487299	-303.626841436	18.2952180687
48.0	1201.44267923	-301.902097446	16.6169543229
48.05	1257.54781556	-302.704029064	17.3929351531
48.1	1280.8586103	-303.034899382	17.7153428869
48.15	1303.91443602	-303.361952533	18.0342241864
48.2	1176.33761585	-301.568962576	16.2697303574
48.25	1301.07053522	-303.339835737	17.9948906664
48.3	1144.65510289	-301.10049652	15.8315347782
48.35	1420.81259496	-304.99416139	19.651023224
48.4	1211.51539277	-302.072895284	16.7562683524
48.45	1251.38020598	-302.639252009	17.3076319686
48.5	1134.94008906	-300.973346345	15.6971680341
48.55	1426.2812047	-305.094519869	19.7266586579
48.6	1203.95030394	-301.961831008	16.6516368641
48.65	1416.77347199	-304.947547044	19.5951587845
48.7	1159.75074346	-301.328964432	16.0403200779
48.75	1240.5806597	-302.450908815	17.158265236
48.8	1246.65537727	-302.556731632	17.2422836467
48.85	1265.87385958	-302.837594534	17.5080912862
48.9	1283.27825547	-303.081183578	17.7488085976
48.95	1259.83082433	-302.743673473	17.4245110685
49.0	1251.46055884	-302.642432456	17.3087433156
49.05	1255.67032206	-302.706079861	17.3669678521
49.1	1344.69023997	-303.933510501	18.5981875643
49.15	1235.84273588	-302.391904591	17.0927357979
49.2	1265.46506509	-302.827450652	17.5024373175
49.25	1172.43798066	-301.516021444	16.2157951502
49.3	1204.00569787	-301.979893689	16.6524030084
49.35	1245.43543233	-302.543339584	17.2254107906
49.4	1297.67492918	-303.289973488	17.9479266027
49.45	1287.63260382	-303.15536635	17.8090328671
49.5	1262.95008564	-302.771412138	17.4676530542
49.55	1310.9230611	-303.467897284	18.1311593168
49.6	1274.55079507	-302.95692859	17.6281005412
49.65	1236.83342393	-302.43439889	17.1064378399
49.7	1331.99098349	-303.765996968	18.4225462553
49.75	1322.44580792	-303.607577986	18.290528516
49.8	1151.78800403	-301.21215875	15.9301887501
49.85	1246.60255224	-302.571161551	17.2415530325
49.9	1177.29231243	-301.572780485	16.2829346073
49.95	1428.11682187	-305.074008491	19.7520467744
50.0	1181.44161179	-301.603366294	16.3403228782
50.05	1213.17420571	-302.094268965	16.7792111189
50.1	1253.46846843	-302.661363234	17.3365143799
50.15	1230.34592108	-302.316237364	17.0167102645
50.2	1280.98662395	-303.047318994	17.7171134224
50.25	1159.75322472	-301.325286238	16.0403543957
50.3	1345.72583969	-303.936218279	18.6125107722
50.35	1330.99172738	-303.740642122	18.4087257098
50.4	1267.89224453	-302.881929446	17.5360072336
50.45	1217.96304803	-302.169786465	16.8454448023
50.5	1218.72550646	-302.154757534	16.8559902383
50.55	1276.30248203	-302.954998925	17.6523278329
50.6	1237.00063718	-302.419373193	17.1087505387
50.65	1395.78602218	-304.63949872	19.3048848489
50.7	1325.17857761	-303.669041183	18.3283250001
50.75	1146.28647301	-301.151711671	15.8540979876
50.8	1196.38695049	-301.847754165	16.5470293777
50.85	1271.91185907	-302.916344112	17.5916018553
50.9	1297.53890703	-303.27618579	17.9460453029
50.95	1240.14870482	-302.45618251	17.1522909397
51.0	1204.70215921	-301.945863763	16.6620356496
51.05	1274.97432204	-302.932530385	17.6339582724
51.1	1254.60046129	-302.661421783	17.3521707853
51.15	1296.57965056	-303.254813912	17.9327779859
51.2	1292.23765333	-303.183186307	17.8727245427
51.25	1199.3263176	-301.897016637	16.5876832764
51.3	1136.99707822	-301.014520619	15.7256179098
51.35	1323.41659892	-303.609194528	18.3039553652
51.4	1351.06775942	-304.010358867	18.6863939775
51.45	1126.79516082	-300.889108886	15.5845168832
51.5	1321.37226252	-303.612728252	18.2756804877
51.55	1235.49306815	-302.378728642	17.0878996016
51.6	1278.04535278	-302.998226867	17.6764331889
51.65	1335.6185694	-303.800829872	18.472718794
51.7	1163.61143643	-301.390383245	16.0937166817
51.75	1321.90359785	-303.612140064	18.2830292984
51.8	1176.67934102	-301.56796378	16.2744567015
51.85	1302.16589826	-303.342264113	18.0100404508
51.9	1277.13572674	-302.996553003	17.6638523022
51.95	1299.89857155	-303.318229462	17.9786814313
52.0	1311.53706321	-303.483755837	18.1396514781
52.05	1217.656619	-302.161425172	16.8412066333
52.1	1279.96942008	-303.035972445	17.7030446445
52.15	1231.14555792	-302.333199649	17.027769909
52.2	1330.55837984	-303.730021964	18.4027321519
52.25	1130.08384132	-300.914965802	15.6300020774
52.3	1373.76582508	-304.364013953	19.000327157
52.35	1223.52865101	-302.239949344	16.9224217336
52.4	1309.98740062	-303.440798245	18.118218352
52.45	1197.5606309	-301.826272728	16.5632623566
52.5	1310.24728863	-303.438097552	18.1218128199
52.55	1137.24946086	-301.025959866	15.7291085722
52.6	1324.80526578	-303.66518246	18.3231617861
52.65	1123.69622015	-300.807873767	15.541655949
52.7	1374.54380417	-304.355726602	19.0110872567
52.75	1170.59508668	-301.483273942	16.1903063893
52.8	1390.78149076	-304.577581112	19.2356680054
52.85	1249.50059694	-302.558472598	17.2816354078
52.9	1292.47648527	-303.23496484	17.8760277877
52.95	1167.3476713	-301.475607274	16.1453919261
53.0	1319.73949447	-303.570536907	18.2530979437
53.05	1223.7601182	-302.237209594	16.9256231178
53.1	1302.61040984	-303.340011503	18.0161884166
53.15	1253.53297631	-302.640563445	17.3374065776
53.2	1293.65446676	-303.226991334	17.8923202541
53.25	1184.0060855	-301.695232336	16.3757916886
53.3	1169.09860464	-301.491247966	16.1696087947
53.35	1306.57582248	-303.379192804	18.0710333809
53.4	1305.44652192	-303.358113819	18.0554142122
53.45	1248.1776363	-302.567932309	17.2633377587
53.5	1365.80262062	-304.247073043	18.8901893975
53.55	1114.05525362	-300.697426069	15.4083133408
53.6	1276.91743813	-302.961013193	17.6608331886
53.65	1289.28623123	-303.155195574	17.8319039134
53.7	1219.83822857	-302.17740388	16.8713801131
53.75	1280.61058926	-303.006971867	17.711912549
53.8	1230.62875881	-302.339448514	17.0206221463
53.85	1300.72546845	-303.316625787	17.9901181052
53.9	1250.57168757	-302.611806766	17.2964494845
53.95	1259.18352144	-302.739137724	17.4155583298
54.0	1317.17313434	-303.553824459	18.2176030426
54.05	1229.44184372	-302.323114221	17.0042061207
54.1	1284.6627323	-303.067524638	17.767957067
54.15	1250.80795335	-302.598347836	17.2997172373
54.2	1271.12010436	-302.901509883	17.5806512273
54.25	1258.36820883	-302.695722634	17.4042818763
54.3	1255.6075737	-302.663865568	17.36609999
54.35	1180.67467559	-301.614633479	16.3297155109
54.4	1275.18266246	-302.954992352	17.6368397943
54.45	1194.06888182	-301.79934346	16.5149685546
54.5	1340.9185484	-303.881762065	18.5460219241
54.55	1310.50694304	-303.443256647	18.125404057
54.6	1273.49059553	-302.947539965	17.6134370972
54.65	1192.89645671	-301.810206288	16.4987529375
54.7	1305.90618944	-303.374285696	18.0617717975
54.75	1323.44657885	-303.618496758	18.3043700126
54.8	1177.49369653	-301.581219672	16.2857199174
54.85	1253.61838435	-302.678682358	17.3385878422
54.9	1205.89396275	-301.979491566	16.6785192866
54.95	1392.54697644	-304.605951584	19.2600861449
55.0	1089.11133616	-300.295170903	15.0633181578
55.05	1282.32260214	-303.028093714	17.7355911151
55.1	1368.56447673	-304.257050348	18.9283881711
55.15	1241.75541744	-302.499618048	17.1745131153
55.2	1239.83261834	-302.475788094	17.1479192001
55.25	1168.46740486	-301.464442261	16.1608787752
55.3	1284.99734569	-303.088530449	17.7725850492
55.35	1231.14690468	-302.320783021	17.0277885359
55.4	1308.44190998	-303.422444759	18.0968429274
55.45	1122.57444978	-300.793229228	15.5261409292
55.5	1331.60328264	-303.774427946	18.4171840291
55.55	1285.79150544	-303.112579502	17.783568941
55.6	1324.10985007	-303.665065183	18.3135436067
55.65	1204.20904411	-301.976829305	16.6552154565
55.7	1356.55308389	-304.076938433	18.76226059
55.75	1298.09340262	-303.253828905	17.9537144394
55.8	1196.42700881	-301.853541399	16.5475834177
55.85	1151.84758215	-301.230276966	15.9310127653
55.9	1241.61544386	-302.48631363	17.172577164
55.95	1312.79952205	-303.500821645	18.1571123368
56.0	1250.90629604	-302.619480758	17.3010773988
56.05	1323.27972457	-303.590223893	18.3020622787
56.1	1204.05151266	-301.955579489	16.6530366651
56.15	1172.25428365	-301.520011918	16.2132544673
56.2	1370.71527062	-304.297434655	18.9581354445
56.25	1327.22420847	-303.668991528	18.356617781
56.3	1162.43549738	-301.379770797	16.0774524638
56.35	1334.82853767	-303.817470975	18.4617919963
56.4	1188.59512887	-301.716097021	16.4392619858
56.45	1264.97424545	-302.795199017	17.4956488726
56.5	1240.34639475	-302.431700791	17.1550251564
56.55	1332.185508	-303.749323145	18.4252366916
56.6	1154.70111751	-301.260230472	15.9704795393
56.65	1304.20521297	-303.366613785	18.0382458742
56.7	1137.71736862	-301.012649476	15.7355801267
56.75	1256.84912869	-302.69872464	17.3832717309
56.8	1302.65531148	-303.328941943	18.0168094438
56.85	1301.44891434	-303.332301206	18.0001239652
56.9	1151.70733161	-301.196818156	15.9290729834
56.95	1382.35516264	-304.448739299	19.1191248594
57.0	1242.99479968	-302.506842618	17.1916548055
57.05	1166.90607106	-301.413619123	16.1392842265
57.1	1328.47166571	-303.685377616	18.373871155
57.15	1245.73055016	-302.538501349	17.2294925163
57.2	1291.991134	-303.219896684	17.8693149747
57.25	1148.00703502	-301.165384635	15.8778947952
57.3	1387.60087148	-304.530166308	19.1916773879
57.35	1204.15779768	-301.960626931	16.6545066756
57.4	1266.16793037	-302.823859745	17.5121585305
57.45	1175.11369996	-301.541377752	16.2528025798
57.5	1360.06374035	-304.152453404	18.8108158969
57.55	1335.24419527	-303.798497445	18.4675408876
57.6	1040.09107482	-299.656747976	14.3853270579
57.65	1371.16114348	-304.33036238	18.964302238
57.7	1272.87829596	-302.928037755	17.6049684835
57.75	1276.13637012	-302.961976323	17.6500303666
57.8	1295.28052979	-303.234108409	17.9148100621
57.85	1221.39226496	-302.223587821	16.8928737326
57.9	1155.14741173	-301.288651358	15.9766521605
57.95	1261.0570876	-302.760739739	17.4414713123
58.0	1263.56472453	-302.781299744	17.4761540227
58.05	1390.8722465	-304.57736126	19.2369232329
58.1	1196.78203967	-301.846480383	16.5524937905
58.15	1268.44619965	-302.888785577	17.543668895
58.2	1197.3730521	-301.846549692	16.5606679854
58.25	1289.700217	-303.142640447	17.837629682
58.3	1317.67115282	-303.561845937	18.2244910537
58.35	1203.95650106	-301.951017022	16.6517225754
58.4	1301.57100073	-303.350972065	18.0018125218
58.45	1082.72885682	-300.27251219	14.9750431451
58.5	1363.59651817	-304.197308792	18.8596771606
58.55	1293.76392751	-303.217744611	17.8938341877
58.6	1237.55574541	-302.427605248	17.1164281484
58.65	1318.12256872	-303.561781597	18.230734512
58.7	1174.06936233	-301.532301816	16.2383585194
58.75	1356.86391242	-304.112396349	18.7665596078
58.8	1165.54368708	-301.408169529	16.1204413198
58.85	1317.02551601	-303.527454755	18.215561358
58.9	1255.5844219	-302.665036979	17.3657797812
58.95	1169.98980233	-301.472482861	16.181934802
59.0	1296.54790714	-303.226214848	17.932338948
59.05	1317.85029127	-303.539613106	18.2269686877
59.1	1192.94414267	-301.814768606	16.499412474
59.15	1197.48054881	-301.882315315	16.5621547545
59.2	1318.2053812	-303.557218143	18.2318798776
59.25	1192.49534862	-301.786738253	16.493205278
59.3	1400.24250277	-304.711150259	19.3665216924
59.35	1155.79833368	-301.278868978	15.9856549541
59.4	1305.83223213	-303.395419478	18.0607489062
59.45	1264.88393325	-302.79176583	17.4943997796
59.5	1208.06862034	-302.037462766	16.7085966149
59.55	1209.63252086	-302.041198538	16.7302266635
59.6	1345.40482099	-303.916954156	18.6080708158
59.65	1305.50396432	-303.388472498	18.0562086886
59.7	1219.8137268	-302.227783849	16.8710412333
59.75	1118.65613352	-300.736641004	15.4719473472
59.8	1308.87661891	-303.418523822	18.1028553144
59.85	1325.92200346	-303.655872643	18.3386071996
59.9	1312.23742132	-303.472393768	18.149338015
59.95	1195.23468779	-301.832690068	16.5310926236
60.0	1287.41869528	-303.127034121	17.8060743337
60.05	1171.28134185	-301.506674986	16.1997978707
60.1	1228.35693842	-302.310687861	16.9892009754
60.15	1218.26596453	-302.141367729	16.8496343901
60.2	1427.96267831	-305.093517358	19.7499148403
60.25	1203.16791656	-301.943535202	16.6408157942
60.3	1229.31915486	-302.350598802	17.0025092314
60.35	1224.03276951	-302.267516464	16.9293941128
60.4	1321.08586823	-303.574406126	18.2717194158
60.45	1281.53489528	-303.020665921	17.7246964722
60.5	1386.06590937	-304.520844797	19.1704475816
60.55	1145.76246931	-301.136313214	15.8468505794
60.6	1270.82962994	-302.894673605	17.5766337238
60.65	1227.63954582	-302.254550223	16.9792788375
60.7	1246.11747006	-302.561572686	17.2348439413
60.75	1197.54390261	-301.868340828	16.5630309904
60.8	1285.82677595	-303.094616262	17.7840567616
60.85	1207.48016404	-301.984839103	16.7004577735
60.9	1303.34699226	-303.352233093	18.0263759659
60.95	1178.48823531	-301.606657838	16.2994752183
61.0	1262.75422657	-302.781230593	17.4649441599
61.05	1346.08965427	-303.923451941	18.6175426312
61.1	1247.33474665	-302.567562983	17.2516798919
61.15	1136.57822273	-301.035995914	15.7198247891
61.2	1469.09146323	-305.688740865	20.3187602395
61.25	1226.29601979	-302.261533819	16.9606967519
61.3	1156.1435075	-301.290343299	15.9904289959
61.35	1289.90354938	-303.190810821	17.8404419383
61.4	1346.63409461	-303.968806032	18.6250726952
61.45	1264.25891337	-302.806190013	17.4857552332
61.5	1292.31777425	-303.217144394	17.8738326818
61.55	1088.074228	-300.308982551	15.0489740869
61.6	1281.97898184	-303.049477902	17.7308385597
61.65	1275.73025486	-302.948999564	17.6444134538
61.7	1262.87253917	-302.786601214	17.4665805218
61.75	1244.48579017	-302.53800722	17.2122764476
61.8	1277.76254743	-302.979424983	17.672521755
61.85	1288.80702583	-303.13495578	17.825276103
61.9	1165.79656738	-301.418980897	16.1239388652
61.95	1379.80615726	-304.42896686	19.083869989
62.0	1264.17948346	-302.794633712	17.4846566514
