# 	 t 	 T	E	K
2.05	2011.8618108	-293.175745013	27.8257268466
2.1	1871.45169466	-291.232614013	25.8837378306
2.15	1778.64339522	-289.96074307	24.6001216421
2.2	1919.03302295	-291.855634446	26.5418272863
2.25	1980.78716744	-292.718377809	27.3959386109
2.3	2160.26585261	-295.296756639	29.8782785219
2.35	2026.00078377	-293.399853899	28.0212806355
2.4	2118.54661582	-294.724937692	29.301266681
2.45	2061.21089109	-293.959283648	28.5082657869
2.5	1991.24004948	-292.955803654	27.5405106879
2.55	1719.02067679	-289.081820472	23.7754897177
2.6	2194.93086899	-295.74466463	30.357724611
2.65	2142.78693876	-295.01929446	29.636530565
2.7	1842.59462761	-290.874384924	25.4846205249
2.75	2149.7310994	-295.208269743	29.7325740986
2.8	1899.05204961	-291.630614471	26.2654737598
2.85	1875.75230395	-291.307264254	25.9432188441
2.9	2092.72045419	-294.363414687	28.9440693253
2.95	2034.43432347	-293.546916367	28.1379235235
3.0	2145.62467169	-295.110476217	29.6757787783
3.05	2018.59742556	-293.304103433	27.9188860166
3.1	1988.95456448	-292.883332117	27.5089005241
3.15	1978.4656455	-292.760248772	27.3638300263
3.2	1816.20978152	-290.4584412	25.1196960971
3.25	2069.89593882	-294.066895156	28.6283872408
3.3	2030.57691507	-293.51707919	28.0845723481
3.35	2168.0769309	-295.39635339	29.9863122496
3.4	1908.29443665	-291.756561636	26.3933036813
3.45	2114.73548714	-294.668215512	29.2485555926
3.5	1889.2169454	-291.447463661	26.1294460656
3.55	1939.21818658	-292.233571383	26.8210049348
3.6	1733.68346707	-289.308799542	23.9782883368
3.65	2081.91514561	-294.153658045	28.7946228953
3.7	2005.22055798	-293.078020941	27.733872781
3.75	2023.71336429	-293.381168751	27.9896437162
3.8	2014.38323397	-293.309910729	27.860600232
3.85	2006.13594871	-293.134920503	27.7465333982
3.9	1742.14014735	-289.37982198	24.0952512784
3.95	2105.95124233	-294.509840548	29.1270621604
4.0	1951.11902535	-292.359505279	26.9856034609
4.05	1820.05428826	-290.510240675	25.1728688319
4.1	2095.61833013	-294.368346569	28.9841493665
4.15	1962.45618368	-292.505500645	27.1424058165
4.2	2057.65096618	-293.85240698	28.4590290561
4.25	1982.10745431	-292.766892943	27.4141992796
4.3	2006.11104209	-293.077059372	27.7461889189
4.35	2000.21472366	-293.072617879	27.6646379172
4.4	1976.43885327	-292.739995693	27.3357977993
4.45	2059.918025	-293.888912263	28.4903843705
4.5	2007.69417817	-293.176486229	27.7680850113
4.55	1974.30974579	-292.670970373	27.3063504671
4.6	2001.08862761	-292.981266018	27.6767247377
4.65	1948.31366074	-292.311116668	26.9468029286
4.7	1929.674919	-292.085634677	26.6890135846
4.75	1945.43440456	-292.291236274	26.9069804142
4.8	1988.83703739	-292.935565962	27.5072750264
4.85	2014.19536786	-293.266881412	27.858001887
4.9	2208.24140278	-295.929184467	30.5418203951
4.95	1854.43802494	-290.946358647	25.6484245881
5.0	1861.13374415	-291.079557811	25.7410319694
5.05	2013.23329962	-293.242208862	27.8446956809
5.1	2032.03783765	-293.466742806	28.1047781259
5.15	2021.16493468	-293.357268594	27.9543968092
5.2	1838.01537231	-290.805222182	25.4212856048
5.25	2012.35084246	-293.193240458	27.8324905623
5.3	2013.09256841	-293.212092486	27.8427492509
5.35	1846.74617933	-290.837666954	25.5420399478
5.4	1982.76580888	-292.805197077	27.4233048724
5.45	1927.35693282	-292.061844264	26.6569539025
5.5	2091.01899921	-294.295164286	28.9205367838
5.55	1958.7457431	-292.345975316	27.0910873286
5.6	1919.02303686	-291.869926742	26.5416891704
5.65	2058.90380995	-293.835686344	28.4763569304
5.7	1952.31082119	-292.38160984	27.0020869915
5.75	1983.7502447	-292.783920726	27.4369204409
5.8	1903.13701201	-291.673992318	26.3219721969
5.85	2084.64629891	-294.280109635	28.8323970234
5.9	1861.92756282	-291.104287258	25.7520111437
5.95	2186.58156578	-295.642865478	30.2422467839
6.0	2026.4098824	-293.505615095	28.0269388107
6.05	1894.06608583	-291.577823206	26.1965137221
6.1	1997.77438482	-292.990667529	27.6308859956
6.15	2125.74260182	-294.779209319	29.4007931692
6.2	1978.37137723	-292.719946394	27.3625262174
6.25	1915.02961123	-291.850885574	26.4864567631
6.3	1857.37193959	-291.043336115	25.6890030747
6.35	1847.0300049	-290.861232198	25.5459654923
6.4	2166.56718598	-295.36559661	29.9654312182
6.45	1972.82737944	-292.666881263	27.285848104
6.5	1988.28392957	-292.902251475	27.499625084
6.55	1919.32018031	-291.919919347	26.5457989121
6.6	2023.37851615	-293.347502647	27.9850124871
6.65	1876.34826237	-291.254228307	25.9514614461
6.7	1929.84721804	-292.07524114	26.691396624
6.75	2098.26112053	-294.488394516	29.0207013619
6.8	1858.35489307	-291.052442714	25.7025981412
6.85	2183.77058576	-295.687595467	30.2033685857
6.9	1930.43931602	-292.087974851	26.6995858329
6.95	2176.75360506	-295.506022524	30.10631789
7.0	2115.93803941	-294.611153106	29.2651878936
7.05	1854.68630536	-291.008105684	25.6518585134
7.1	1949.00352878	-292.362867475	26.9563443789
7.15	2032.45115315	-293.486607508	28.110494624
7.2	1897.89007651	-291.669529771	26.2494027027
7.25	2088.39947552	-294.291029908	28.8843065863
7.3	2087.85550012	-294.305477637	28.8767829528
7.35	2175.91472721	-295.531254023	30.0947155097
7.4	1943.0327919	-292.251199776	26.873764108
7.45	1955.70804489	-292.475443382	27.0490734288
7.5	2156.76544379	-295.263752473	29.8298649484
7.55	1969.9351441	-292.615755203	27.245846077
7.6	1846.96570553	-290.936574497	25.5450761783
7.65	2051.8181655	-293.773483934	28.3783565579
7.7	1838.56742206	-290.817890135	25.4289209133
7.75	2024.73241725	-293.379502354	28.0037380685
7.8	2060.93078708	-293.923233708	28.5043917147
7.85	2041.61091959	-293.705590662	28.2371818336
7.9	1827.64912543	-290.59772092	25.2779117644
7.95	1932.07931673	-292.121102192	26.7222684106
8.0	2119.08631893	-294.745492569	29.3087312252
8.05	2036.34409537	-293.535034316	28.1643372617
8.1	2023.54747016	-293.340184735	27.987349262
8.15	1885.92601517	-291.470192687	26.0839297557
8.2	2067.71840076	-293.998350072	28.5982700733
8.25	2010.03343417	-293.099203582	27.8004388729
8.3	1830.12622567	-290.6117173	25.3121721268
8.35	2063.86593242	-293.935920943	28.5449872229
8.4	1915.06786227	-291.801251686	26.486985807
8.45	2209.28702458	-295.995589883	30.5562822167
8.5	1903.58913594	-291.714161369	26.3282254479
8.55	1896.50336666	-291.579430567	26.2302233488
8.6	2049.34413342	-293.784694971	28.3441386307
8.65	2032.65046568	-293.541752679	28.1132512824
8.7	1984.94137434	-292.807177142	27.4533947573
8.75	1928.10925388	-291.987951197	26.6673591301
8.8	2260.30612518	-296.700271565	31.2619189307
8.85	1974.29112239	-292.706745405	27.3060928899
8.9	1841.16210525	-290.808205356	25.464807546
8.95	1995.73714727	-293.006816128	27.6027093012
9.0	1997.64370866	-293.00477413	27.6290786353
9.05	2014.15738718	-293.213600879	27.8574765826
9.1	1952.08306995	-292.41501882	26.9989370018
9.15	1945.51084296	-292.248463894	26.908037621
9.2	2028.50648233	-293.406505228	28.0559365365
9.25	1937.35165595	-292.16679593	26.7951892594
9.3	1949.64038287	-292.333732923	26.9651526023
9.35	1999.59030499	-293.040776184	27.6560016862
9.4	1856.1073563	-291.021836361	25.671512833
9.45	2213.7375315	-296.009848114	30.6178364393
9.5	1942.20622343	-292.21741658	26.8623319767
9.55	1997.13882968	-293.037006213	27.6220957379
9.6	1967.12597201	-292.585303349	27.206992884
9.65	2206.93610386	-295.950705384	30.5237670223
9.7	1845.22535581	-290.857784511	25.5210056902
9.75	2116.3371437	-294.704570609	29.2707078387
9.8	1902.28923251	-291.649857099	26.3102466993
9.85	2096.85370351	-294.410558185	29.0012356106
9.9	1865.61442788	-291.197099655	25.8030035625
9.95	2003.59774671	-293.124792871	27.7114279476
10.0	2019.19416552	-293.285956368	27.927139428
10.05	2085.12242012	-294.226710354	28.8389821768
10.1	2028.70685708	-293.404923747	28.0587078864
10.15	1904.16775507	-291.685585043	26.3362282332
10.2	1984.5171705	-292.908077406	27.4475276643
10.25	1851.60025989	-291.022233099	25.6091759306
10.3	2123.60299252	-294.755800687	29.371200588
10.35	1996.09085851	-292.95611969	27.6076014226
10.4	1964.43313088	-292.6207465	27.1697486452
10.45	1800.24156797	-290.25799428	24.8988423853
10.5	2219.65575325	-296.095316141	30.6996903822
10.55	2099.93624337	-294.415078373	29.0438697079
10.6	1828.99366214	-290.654327415	25.2965078286
10.65	1993.39306834	-292.959145858	27.5702887345
10.7	2073.03106391	-294.056658035	28.6717486357
10.75	1935.72756876	-292.173319623	26.7727267791
10.8	1919.4794086	-291.933898799	26.5480011722
10.85	2066.5979352	-293.987645563	28.5827730999
10.9	2018.32375583	-293.284492509	27.915100936
10.95	2075.88592949	-294.094926021	28.7112338078
11.0	2007.79134351	-293.18115475	27.769428889
11.05	2007.13134986	-293.192897677	27.7603006263
11.1	1907.57065183	-291.742007292	26.3832931335
11.15	2053.39458553	-293.827648413	28.4001597617
11.2	2274.13453929	-296.918807458	31.4531774314
11.25	2004.33046636	-293.098338491	27.7215620714
11.3	1845.21991561	-290.885324136	25.5209304476
11.35	1973.04644654	-292.713093486	27.2888779848
11.4	1801.78267741	-290.259488616	24.9201572143
11.45	1967.04061945	-292.623850807	27.2058123869
11.5	2027.23386645	-293.438969792	28.0383351974
11.55	2110.24169135	-294.600879108	29.1864026488
11.6	2109.24984923	-294.569115018	29.172684645
11.65	2038.02556131	-293.571719604	28.1875933381
11.7	1830.20088631	-290.644683413	25.3132047457
11.75	1959.60590951	-292.458236089	27.1029841475
11.8	1868.24508559	-291.174604218	25.8393877528
11.85	1908.32423189	-291.734145011	26.3937157743
11.9	1982.49293489	-292.784550913	27.4195307974
11.95	1946.84935438	-292.313162273	26.9265503504
12.0	1834.68152502	-290.732361659	25.3751757161
12.05	1881.85053467	-291.381728946	26.0275624612
12.1	2161.57750917	-295.327335517	29.8964198262
12.15	1931.36772693	-292.040568846	26.7124265303
12.2	1992.10294745	-292.872390541	27.5524452864
12.25	1893.05298551	-291.489314019	26.1825016997
12.3	1923.48347886	-291.927840756	26.6033808034
12.35	2018.10344639	-293.326435989	27.9120538727
12.4	2080.5460652	-294.202987762	28.7756873714
12.45	2017.71082649	-293.314309855	27.906623612
12.5	2070.48280174	-294.055675441	28.6365040444
12.55	1975.98656453	-292.703289671	27.3295422688
12.6	1922.55050767	-291.923133964	26.5904770337
12.65	1877.71891295	-291.325289885	25.9704186867
12.7	1917.1711835	-291.864261562	26.5160764938
12.75	1969.34504851	-292.564139843	27.2376845628
12.8	1974.6930069	-292.69028735	27.3116512879
12.85	2015.79437801	-293.224413027	27.8801175311
12.9	1886.92866115	-291.404385627	26.0977971858
12.95	1825.934866	-290.58888041	25.2542021267
13.0	1976.80819255	-292.723831131	27.3409060696
13.05	1912.4277713	-291.800533037	26.4504711469
13.1	1825.76359773	-290.564339224	25.2518333437
13.15	2004.39315993	-293.053301819	27.7224291758
13.2	2153.92492561	-295.227154046	29.7905782129
13.25	2005.14510819	-293.162996931	27.7328292475
13.3	1949.56942726	-292.372911888	26.964171227
13.35	1899.35785946	-291.634473893	26.2697033651
13.4	2143.05722959	-295.044814193	29.6402689127
13.45	1960.76124663	-292.458399596	27.1189634234
13.5	1808.64331126	-290.378316507	25.0150455026
13.55	2002.55653729	-293.115193675	27.6970271529
13.6	2046.13477299	-293.66801178	28.2997504992
13.65	2091.07062536	-294.295237105	28.9212508164
13.7	1871.11952207	-291.205857084	25.8791436067
13.75	2122.22928165	-294.744623058	29.352201021
13.8	1928.59893523	-292.039073971	26.6741318317
13.85	1789.39973245	-290.053961226	24.7488907575
13.9	2006.52400496	-293.180533642	27.7519005397
13.95	2029.54322685	-293.517965683	28.0702755778
14.0	1975.86559563	-292.726169828	27.327869168
14.05	1811.53974835	-290.388957466	25.0551056433
14.1	1982.51822096	-292.787739214	27.4198805249
14.15	2119.81829966	-294.721602793	29.3188551292
14.2	2057.79467108	-293.846366646	28.4610166148
14.25	1908.80178285	-291.743344295	26.4003207023
14.3	1997.2284119	-293.031866306	27.6233347347
14.35	1853.30165605	-291.061705	25.6327076586
14.4	2063.7624872	-293.954679629	28.5435564892
14.45	1938.9373803	-292.155920406	26.8171211499
14.5	1969.88912257	-292.601191901	27.2452095608
14.55	2062.20984124	-293.912987639	28.5220821006
14.6	2195.58627504	-295.816928933	30.3667894233
14.65	1849.35148265	-290.921307177	25.5780734657
14.7	2018.75385153	-293.346076063	27.9210495183
14.75	1932.60131129	-292.115308165	26.7294880308
14.8	1971.60526469	-292.658684438	27.2689452378
14.85	1911.07359847	-291.79421093	26.4317418072
14.9	2232.7745669	-296.287469003	30.8811345168
14.95	2001.05484091	-293.100589218	27.6762574395
15.0	2095.35773588	-294.388882305	28.9805451307
15.05	1782.10874582	-289.940225345	24.6480503312
15.1	2247.87111197	-296.552144428	31.0899323265
15.15	1913.81636445	-291.837754071	26.4696765484
15.2	1784.62882375	-290.012897509	24.682905111
15.25	1901.08161815	-291.66982603	26.2935443855
15.3	1970.17191978	-292.654349266	27.2491208821
15.35	1837.47613534	-290.74561081	25.4138275077
15.4	2237.10915187	-296.436894279	30.9410854422
15.45	2189.54891064	-295.711949051	30.2832876382
15.5	2130.50474205	-294.91832509	29.4666575405
15.55	1882.90406396	-291.413837041	26.0421336499
15.6	1913.95920898	-291.916471862	26.4716522073
15.65	2004.38121657	-293.112396405	27.7222639891
15.7	1915.30916346	-291.833126863	26.4903232037
15.75	2148.68347226	-295.145433461	29.7180845414
15.8	1784.34856114	-290.011050003	24.6790288452
15.85	1967.45295081	-292.63197877	27.2115152735
15.9	2141.27898949	-295.047854055	29.615674369
15.95	2150.28113745	-295.206126806	29.7401815835
16.0	1882.74349974	-291.384565859	26.0399129129
16.05	1964.81052127	-292.583524956	27.174968269
16.1	2058.51197504	-293.859322653	28.4709375268
16.15	1921.4553798	-291.882286948	26.575330502
16.2	1926.68422183	-292.000114994	26.6476497483
16.25	2057.26189018	-293.844527105	28.4536478106
16.3	2081.9387485	-294.245978432	28.7949493431
16.35	1894.97993368	-291.581239363	26.2091530002
16.4	1986.71995597	-292.85031249	27.4779940246
16.45	1904.64385693	-291.721336173	26.3428131189
16.5	2216.74635343	-296.127388463	30.6594509562
16.55	1988.82193111	-292.88632677	27.507066094
16.6	1892.84093782	-291.531929032	26.1795689033
16.65	2013.4059894	-293.289555772	27.8470841245
16.7	1919.08684182	-291.956450834	26.5425716461
16.75	1945.67337167	-292.27644776	26.9102855286
16.8	2132.58972402	-294.894003742	29.4954945801
16.85	1892.11591016	-291.534384328	26.1695411661
16.9	2320.13223279	-297.59204238	32.0893638972
16.95	1938.54100972	-292.191021692	26.811639014
17.0	2006.03422486	-293.164667392	27.7451264725
17.05	1935.26440193	-292.198817879	26.7663207955
17.1	1954.60579502	-292.39397534	27.0338283938
17.15	2104.50276567	-294.589972089	29.1070285201
17.2	1863.15349524	-291.104007052	25.7689668115
17.25	2151.69824377	-295.178168754	29.7597813459
17.3	1997.1267317	-293.046494711	27.6219284128
17.35	1948.19556118	-292.315617834	26.9451695133
17.4	1900.35244684	-291.62853502	26.2834593381
17.45	1958.47290287	-292.461649409	27.0873137206
17.5	2046.83484564	-293.671578716	28.3094330879
17.55	2117.08340434	-294.702944785	29.2810292458
17.6	2073.15748148	-294.087928689	28.6734970961
17.65	1778.56929683	-289.922807902	24.5990967996
17.7	2022.62209445	-293.41459861	27.9745505441
17.75	1902.59577734	-291.648180695	26.31448647
17.8	2149.52972642	-295.147991695	29.7297889423
17.85	1894.88752013	-291.563193256	26.2078748437
17.9	1992.45631606	-292.894457822	27.5573326691
17.95	2035.39018173	-293.502708685	28.1511438405
18.0	1888.96917087	-291.485901706	26.1260191372
18.05	2035.24825835	-293.611087032	28.1491809218
18.1	1973.77467013	-292.720647422	27.2989499244
18.15	2068.82434434	-293.974875617	28.6135661953
18.2	1988.8549962	-292.876072258	27.5075234117
18.25	2004.34852495	-293.099348533	27.7218118368
18.3	1936.56771709	-292.17230181	26.7843467311
18.35	1999.55384937	-293.053377064	27.6554974745
18.4	2014.92153646	-293.24323049	27.8680454044
18.45	2054.66380414	-293.79791299	28.4177141137
18.5	1971.44835917	-292.619652736	27.2667751035
18.55	1995.51927196	-293.000854547	27.5996959039
18.6	1939.14607014	-292.141068376	26.8200075043
18.65	2119.57379623	-294.75216706	29.3154734428
18.7	1914.72730449	-291.848348633	26.4822756088
18.75	2049.00984353	-293.72090789	28.3395151227
18.8	1866.09419169	-291.140108952	25.8096390961
18.85	1971.4267696	-292.65050528	27.2664765017
18.9	1810.29860629	-290.358290299	25.0379396134
18.95	1949.41116776	-292.32341071	26.9619823661
19.0	1902.04868828	-291.576698542	26.306919772
19.05	2094.07257189	-294.366958247	28.9627702408
19.1	2162.52703664	-295.32319348	29.9095525831
19.15	1733.41426076	-289.260069333	23.974564989
19.2	2035.89788012	-293.5389385	28.1581657327
19.25	2154.88256948	-295.22771234	29.8038232263
19.3	1791.36693793	-290.139307025	24.77609885
19.35	1932.96579418	-292.04531661	26.7345291331
19.4	2046.64139596	-293.639263066	28.3067575174
19.45	1967.83582883	-292.606084738	27.2168107958
19.5	2110.4561907	-294.616328417	29.1893693538
19.55	2078.76246166	-294.134799761	28.7510186468
19.6	2047.85301187	-293.736712842	28.323515176
19.65	1918.51029386	-291.95133435	26.534597507
19.7	1936.55433852	-292.185119202	26.7841616943
19.75	2013.22043434	-293.251964873	27.8445177433
19.8	1962.17266652	-292.532854039	27.1384845378
19.85	1878.24433313	-291.303024078	25.9776856861
19.9	2151.64310074	-295.215480592	29.7590186718
19.95	1845.4312846	-290.884669441	25.523853857
20.0	1933.53833472	-292.088812222	26.7424478463
20.05	2197.9215675	-295.810713865	30.3990884658
20.1	1930.32959102	-292.048397546	26.6980682447
20.15	1927.21918108	-292.000893807	26.6550486809
20.2	2015.97936292	-293.230778414	27.8826760267
20.25	2010.53461433	-293.149764852	27.8073706124
20.3	1971.47931991	-292.646416127	27.2672033163
20.35	1928.8595056	-292.02890018	26.6777357373
20.4	2075.05933909	-294.043268512	28.6998013731
20.45	1817.74433258	-290.498623006	25.1409202181
20.5	1981.51003375	-292.801199135	27.4059364549
20.55	1974.97937617	-292.671623475	27.3156120137
20.6	2045.42614611	-293.653107112	28.2899495984
20.65	2021.88221391	-293.319728292	27.9643173791
20.7	2018.27674323	-293.318363264	27.9144507126
20.75	2034.38450499	-293.578994979	28.1372344924
20.8	1937.49507533	-292.152586833	26.7971728691
20.85	1942.50551932	-292.247235513	26.8664714885
20.9	1769.61616038	-289.862142858	24.4752674552
20.95	2023.45282468	-293.364339944	27.9860402361
21.0	2046.72640199	-293.72181839	28.3079332217
21.05	2012.51458161	-293.216355122	27.8347552114
21.1	1927.14193282	-292.060113256	26.6539802732
21.15	1992.66059455	-292.966973892	27.5601580109
21.2	1954.2093648	-292.417521095	27.028345433
21.25	1986.37232774	-292.860373031	27.4731860363
21.3	2137.01027744	-294.955507496	29.5566345209
21.35	1890.53463088	-291.463015135	26.1476707548
21.4	2047.27445074	-293.740892546	28.3155131931
21.45	2024.38655587	-293.460283575	27.9989545172
21.5	1926.9647915	-292.045088902	26.6515302608
21.55	1935.45815003	-292.142785827	26.7690004933
21.6	1825.01660517	-290.592238901	25.2415018136
21.65	1903.62623854	-291.743577439	26.3287386078
21.7	1928.27746937	-292.070880774	26.6696856907
21.75	1978.76840879	-292.765872886	27.368017495
21.8	2085.39279463	-294.212471257	28.8427216819
21.85	1891.93742278	-291.494099013	26.1670725368
21.9	1991.47137155	-292.904284099	27.543710065
21.95	1944.82689742	-292.262651932	26.8985780837
22.0	1975.16266955	-292.704219521	27.3181471141
22.05	1955.33806168	-292.433048568	27.0439562524
22.1	1947.31028177	-292.247408522	26.9329253606
22.15	2097.34967483	-294.415906569	29.0080953077
22.2	2008.11476458	-293.164364761	27.7739020721
22.25	1730.62560919	-289.218827968	23.9359956119
22.3	1938.26490647	-292.159178556	26.8078202759
22.35	2113.46293613	-294.606750831	29.2309551509
22.4	1901.04776689	-291.664042513	26.2930761943
22.45	1941.77241378	-292.224405043	26.8563320274
22.5	1964.07932508	-292.500171736	27.1648552158
22.55	1949.64185332	-292.357676069	26.9651729398
22.6	2024.29984631	-293.350415745	27.9977552517
22.65	2003.39284137	-293.081311361	27.7085939359
22.7	1993.02265255	-292.994378295	27.5651655752
22.75	1899.19722328	-291.641659484	26.2674816327
22.8	1956.15695924	-292.444968042	27.0552822887
22.85	1878.21405965	-291.337028495	25.9772669787
22.9	1863.59451021	-291.029006382	25.7750664163
22.95	2147.50097336	-295.1142249	29.7017295953
23.0	2071.07734916	-294.038921794	28.6447271311
23.05	1837.60868377	-290.749484785	25.4156607631
23.1	2152.93075698	-295.204968604	29.7768280316
23.15	2008.62907402	-293.232794415	27.7810154007
23.2	1889.16355415	-291.535082984	26.1287076201
23.25	2046.94252685	-293.671657698	28.3109224087
23.3	2025.17717026	-293.38541153	28.0098893736
23.35	2081.962346	-294.234521296	28.7952757161
23.4	2056.89311686	-293.903517601	28.448547368
23.45	1955.84755831	-292.393118174	27.0510030157
23.5	1978.41098095	-292.702317061	27.36307397
23.55	1662.81702328	-288.301054953	22.9981463126
23.6	2029.48771381	-293.436510454	28.0695077862
23.65	1997.07601342	-292.974302829	27.6212269366
23.7	2079.04824829	-294.161334548	28.7549713143
23.75	2141.05681421	-295.010709205	29.6126014995
23.8	1943.38696959	-292.247113254	26.8786626809
23.85	1956.33820933	-292.43922915	27.0577891285
23.9	1995.66540086	-292.99367784	27.6017169885
23.95	1920.61511662	-291.889911681	26.5637089614
24.0	2055.72407024	-293.777205352	28.4323784782
24.05	1996.45040507	-293.005238783	27.6125742514
24.1	2028.76452728	-293.406945768	28.0595055134
24.15	1871.70335776	-291.228888032	25.8872185412
24.2	2184.38640067	-295.646741279	30.2118858195
24.25	1752.73443229	-289.567333785	24.2417790754
24.3	1939.32235765	-292.183101312	26.8224457076
24.35	2062.0612136	-293.936196951	28.5200264564
24.4	1933.64780303	-292.140763962	26.7439618843
24.45	2107.41394084	-294.537924563	29.1472925008
24.5	2112.14746508	-294.605516327	29.212761089
24.55	1942.36667676	-292.293574113	26.86455118
24.6	2168.02999	-295.430360176	29.9856630178
24.65	1804.32793559	-290.233364686	24.9553602579
24.7	2011.92967218	-293.227012234	27.8266654261
24.75	1766.82351846	-289.783169856	24.4366428882
24.8	2014.83479138	-293.229466795	27.8668456477
24.85	2033.56147086	-293.516072455	28.1258512439
24.9	1954.32752255	-292.388123295	27.0299796534
24.95	2219.21871827	-296.138704766	30.693645824
25.0	1878.84286447	-291.351303189	25.9859638737
25.05	1853.51685056	-290.99397563	25.6356839781
25.1	2085.34348871	-294.251230964	28.8420397399
25.15	2021.40020599	-293.378611967	27.9576508076
25.2	1910.15980812	-291.819984984	26.4191033244
25.25	1940.02057166	-292.229597003	26.8321025897
25.3	2210.60626944	-295.978263586	30.5745284734
25.35	2105.09487739	-294.487856399	29.1152179191
25.4	1797.10686671	-290.200154013	24.8554868524
25.45	1895.91358032	-291.560630453	26.2220661119
25.5	1862.81590232	-291.080826998	25.7642976198
25.55	2054.83015219	-293.830973325	28.4200148459
25.6	1980.36615389	-292.808923847	27.3901156424
25.65	2075.407085	-294.13892846	28.704610989
25.7	1931.2847909	-292.052960808	26.7112794557
25.75	2039.98430444	-293.566502498	28.2146843893
25.8	2098.80887606	-294.431916176	29.0282772778
25.85	1907.12734253	-291.71707047	26.3771617961
25.9	2140.09140422	-295.00625363	29.5992490742
25.95	1811.44937287	-290.429710586	25.0538556751
26.0	1930.15384879	-292.080305219	26.695637583
26.05	2050.7792089	-293.791081438	28.3639869215
26.1	2066.18782665	-293.980280779	28.5771009567
26.15	1986.00485483	-292.823246129	27.4681035795
26.2	2037.57315615	-293.592028146	28.1813361975
26.25	1954.23781478	-292.367698022	27.02873892
26.3	1907.27601453	-291.702202043	26.379218054
26.35	2009.90763563	-293.239704314	27.7986989741
26.4	2136.13750509	-294.981319683	29.5445633513
26.45	1929.02126739	-292.047735109	26.6799730377
26.5	1886.59086078	-291.475467948	26.0931251249
26.55	1837.83455908	-290.746096071	25.4187848071
26.6	2199.30856225	-295.824772417	30.41827176
26.65	2208.15818934	-296.015386329	30.5406694837
26.7	1866.12004293	-291.175652891	25.8099966403
26.75	2142.32246987	-295.062410476	29.6301065729
26.8	1849.57558479	-291.003877031	25.5811729853
26.85	2067.18423015	-294.003275777	28.5908820482
26.9	1980.4894559	-292.764106659	27.3918210121
26.95	2105.95871862	-294.510533447	29.1271655638
27.0	1914.15257841	-291.842224595	26.4743266677
27.05	1972.86882639	-292.648438335	27.2864213499
27.1	1995.90483102	-292.999842007	27.6050285072
27.15	1853.20457911	-290.966925758	25.6313650034
27.2	2061.29411206	-293.911970696	28.5094168023
27.25	2073.00519879	-294.101738446	28.6713908995
27.3	1927.99486227	-292.014787472	26.6657769988
27.35	2043.01565918	-293.595381357	28.2566105537
27.4	2032.40647515	-293.480887447	28.10987669
27.45	2007.69500427	-293.1491686	27.768096437
27.5	1958.68221867	-292.48363956	27.0902087327
27.55	1879.90797318	-291.333471204	26.0006952156
27.6	2000.37101818	-293.045755039	27.6667996007
27.65	1899.92216608	-291.635904511	26.2775081963
27.7	1876.06302877	-291.284156347	25.9475164275
27.75	2006.6927622	-293.087215857	27.7542345932
27.8	1919.95556121	-291.89942569	26.5545867599
27.85	2116.36427498	-294.709742715	29.271083087
27.9	1905.85957998	-291.714156637	26.3596275826
27.95	1974.47344819	-292.682380491	27.3086146078
28.0	2027.64407603	-293.495616152	28.0440087381
28.05	2074.54556377	-294.060733219	28.6926954319
28.1	2063.95540434	-293.924054793	28.5462246942
28.15	1948.08756489	-292.368544305	26.9436758344
28.2	1947.83962304	-292.277448515	26.9402465919
28.25	2010.55201463	-293.158462762	27.8076112731
28.3	2255.28112613	-296.627331617	31.1924190027
28.35	1818.73218922	-290.509951452	25.1545830995
28.4	1677.55988607	-288.509709658	23.2020524015
28.45	2040.52073206	-293.646382675	28.2221036307
28.5	1905.90350386	-291.733085961	26.3602350866
28.55	2112.62310004	-294.647791192	29.2193395173
28.6	1786.49223473	-290.027398206	24.708677639
28.65	2060.45490564	-293.887267233	28.4978098775
28.7	2191.94387894	-295.68637919	30.3164120473
28.75	1942.98235775	-292.229748218	26.8730665617
28.8	2002.377277	-293.081837516	27.6945478335
28.85	1970.83154686	-292.70376968	27.2582440748
28.9	1959.17656066	-292.48628352	27.0970458948
28.95	1983.97094061	-292.794707568	27.4399728494
29.0	2046.92231556	-293.692530465	28.3106428698
29.05	1872.99187869	-291.247191403	25.9050398604
29.1	1936.65528016	-292.180764044	26.7855578015
29.15	1899.6596554	-291.628314514	26.2738774546
29.2	2035.4218958	-293.524785546	28.1515824725
29.25	2104.35296787	-294.484072551	29.1049566916
29.3	1935.58743848	-292.125633134	26.7707886604
29.35	1816.59225157	-290.456584251	25.1249859769
29.4	2017.3247189	-293.212101654	27.9012834221
29.45	1905.37466087	-291.671633302	26.352920747
29.5	2098.45975528	-294.464395476	29.0234486462
29.55	1718.24493637	-289.124149492	23.7647605807
29.6	2103.78632236	-294.525261671	29.0971195116
29.65	2018.60338319	-293.308754746	27.9189684156
29.7	1760.34041225	-289.715345501	24.346976122
29.75	2234.6138599	-296.393423787	30.9065734731
29.8	1959.52110617	-292.457452562	27.1018112466
29.85	2010.29142428	-293.182900333	27.8040070912
29.9	2173.86511335	-295.523405369	30.0663676406
29.95	2000.41956799	-293.072677121	27.667471085
30.0	1756.34304118	-289.596561091	24.2916891461
30.05	1974.47473954	-292.70397103	27.3086324683
30.1	2083.18846752	-294.179482456	28.8122339994
30.15	2102.24653476	-294.457050998	29.0758229648
30.2	1806.01193518	-290.262359896	24.9786513766
30.25	2215.21370849	-296.106306072	30.6382531984
30.3	2028.90051245	-293.445429124	28.0613863016
30.35	1834.9128111	-290.723475777	25.3783745956
30.4	1901.2136734	-291.644151976	26.2953708198
30.45	2229.21401255	-296.286499604	30.8318890804
30.5	1912.09509033	-291.824758657	26.4458698915
30.55	1898.71826609	-291.647516161	26.2608572554
30.6	2006.98945922	-293.126203598	27.7583381605
30.65	2277.62409394	-296.986900777	31.5014408827
30.7	1956.19211353	-292.39165498	27.0557685018
30.75	1915.2626787	-291.83430322	26.4896802807
30.8	1834.98475019	-290.753963095	25.3793695731
30.85	2040.59141031	-293.631802023	28.2230811699
30.9	2132.11800442	-294.88851891	29.4889703047
30.95	1924.49022119	-291.941859745	26.6173048896
31.0	1973.52746414	-292.669158365	27.2955308593
31.05	1786.65669539	-290.04864348	24.7109522671
31.1	2079.66377782	-294.175189718	28.7634846011
31.15	2115.03429356	-294.751041086	29.2526883347
31.2	2028.87464659	-293.449680726	28.0610285552
31.25	1991.12057074	-292.889670034	27.5388581972
31.3	1939.92525696	-292.228260087	26.830784308
31.35	1969.93742868	-292.590826169	27.2458776746
31.4	1919.37551948	-291.859532091	26.5465642991
31.45	2044.97446182	-293.656164997	28.283702428
31.5	1872.67866133	-291.255173296	25.900707803
31.55	1948.51594155	-292.34951865	26.9496006409
31.6	1954.74847509	-292.440454835	27.0358017781
31.65	2206.73515252	-295.935671003	30.5209876977
31.7	1987.38272905	-292.887728847	27.4871607291
31.75	1953.2695887	-292.48604686	27.0153475458
31.8	1684.63658089	-288.593683208	23.2999289932
31.85	2061.54209473	-293.955128709	28.5128466094
31.9	2069.75681093	-294.101151072	28.626462986
31.95	1900.83223526	-291.636039705	26.2900952121
32.0	2027.91692467	-293.366481828	28.0477824622
32.05	2092.31283361	-294.290510684	28.9384315926
32.1	1868.59102055	-291.169256593	25.8441723218
32.15	1946.32906185	-292.351609718	26.9193542706
32.2	1898.66861735	-291.690950295	26.2601705719
32.25	2027.25218953	-293.453595233	28.0385886209
32.3	2005.2743767	-293.114313015	27.7346171387
32.35	2018.07682889	-293.234668464	27.9116857304
32.4	2067.19957162	-293.990934639	28.5910942335
32.45	2028.12475517	-293.488365724	28.0506569314
32.5	1815.27232045	-290.440629291	25.1067302286
32.55	1946.76515874	-292.285325677	26.9253858545
32.6	2057.88862675	-293.881618981	28.4623161001
32.65	1968.48518997	-292.659448496	27.2257920021
32.7	2040.22056994	-293.623627079	28.2179521383
32.75	2054.19728246	-293.756178802	28.4112617297
32.8	2070.79029894	-294.006630958	28.6407569871
32.85	1839.97792062	-290.761102608	25.4484292848
32.9	1855.64693899	-290.979155496	25.6651448777
32.95	1935.59050664	-292.122111707	26.7708310956
33.0	1939.61061735	-292.137198322	26.8264325797
33.05	2175.23926638	-295.489048874	30.085373323
33.1	2029.42386335	-293.433620321	28.0686246811
33.15	2000.15514454	-293.058688725	27.6638138882
33.2	1914.76698831	-291.891224672	26.4828244692
33.25	1995.94905683	-292.96705455	27.605640187
33.3	1989.50361481	-292.866957089	27.5164943481
33.35	1899.50431508	-291.635085334	26.2717289684
33.4	1955.10837914	-292.423609096	27.0407795512
33.45	2119.76068177	-294.705143958	29.3180582258
33.5	2158.69147222	-295.257621516	29.8565035281
33.55	1916.497606	-291.912844434	26.5067603553
33.6	1849.94361426	-290.986963631	25.5862631398
33.65	2204.45222908	-295.930837005	30.4894129624
33.7	1886.18639979	-291.436083614	26.0875310922
33.75	2164.70708605	-295.362417849	29.9397044847
33.8	1764.04970312	-289.640408626	24.3982787085
33.85	1950.63785451	-292.381629795	26.9789484669
33.9	2086.97733485	-294.34021992	28.8646371947
33.95	2036.54042271	-293.557970461	28.1670526326
34.0	1997.09802593	-293.013793201	27.621531388
34.05	2055.81174262	-293.835962317	28.4335910604
34.1	2214.71076056	-296.089540192	30.6312970089
34.15	1949.7008951	-292.296943808	26.9659895368
34.2	1742.59384638	-289.408529736	24.1015263144
34.25	2069.93817664	-294.049130648	28.6289714251
34.3	1768.49839426	-289.789229121	24.4598078174
34.35	1947.31887149	-292.325283094	26.9330441636
34.4	2132.37738394	-294.910991637	29.4925577397
34.45	2042.66261682	-293.598513495	28.2517276834
34.5	1812.01193572	-290.384784665	25.0616363885
34.55	1993.89849518	-293.039048291	27.5772792091
34.6	1922.06965241	-292.041899917	26.5838264045
34.65	2005.52899079	-293.14540087	27.738138664
34.7	2169.42018927	-295.386232706	30.0048906331
34.75	1995.07790181	-292.929468815	27.5935913866
34.8	1851.05665935	-290.924435643	25.6016574817
34.85	2060.1500865	-293.93001232	28.4935939745
34.9	1992.09023182	-292.956082706	27.5522694187
34.95	1941.72571862	-292.214746242	26.8556861944
35.0	1854.68878336	-291.020570742	25.6518927862
35.05	2012.70053402	-293.212485398	27.8373270883
35.1	2146.22800006	-295.097067933	29.6841233128
35.15	1996.50734207	-293.016958521	27.6133617376
35.2	2045.76623894	-293.706274703	28.294653366
35.25	2086.43702405	-294.294528548	28.8571642456
35.3	1903.6136855	-291.707483337	26.3285649888
35.35	1946.5882406	-292.263149952	26.922938929
35.4	1914.82115877	-291.8240924	26.4835736918
35.45	1953.61154558	-292.351840126	27.0200770947
35.5	2071.76704531	-294.027276173	28.6542662041
35.55	1991.45790054	-292.898910615	27.5435237497
35.6	1819.34941685	-290.472561122	25.1631198724
35.65	1832.03084428	-290.68925303	25.3385145907
35.7	2035.68671012	-293.582082361	28.1552450754
35.75	2253.90331294	-296.666309765	31.1733626972
35.8	2044.65583561	-293.628634754	28.2792955617
35.85	2009.75274103	-293.162395841	27.7965566525
35.9	1914.48113149	-291.854131344	26.478870831
35.95	1885.99008336	-291.458967417	26.0848158722
36.0	1939.50601823	-292.166189378	26.8249858866
36.05	2018.41789271	-293.253165328	27.9164029276
36.1	1980.27256321	-292.748944986	27.3888212052
36.15	2119.24544699	-294.757585291	29.310932099
36.2	1871.63032233	-291.290898815	25.8862084003
36.25	2060.15755189	-293.923121417	28.4936972272
36.3	2036.95028879	-293.527882357	28.1727214224
36.35	2133.59516264	-294.88294139	29.5094006349
36.4	1958.61093377	-292.451535347	27.0892228031
36.45	2037.65825821	-293.587683977	28.1825132299
36.5	1802.93827468	-290.285544101	24.9361400884
36.55	2015.80956592	-293.286763113	27.8803275925
36.6	1942.18415118	-292.25188258	26.8620266991
36.65	1805.00525453	-290.311153896	24.9647281436
36.7	2019.68460038	-293.321704319	27.9339225512
36.75	2174.44889108	-295.474860816	30.0744417734
36.8	1929.62864396	-291.999337481	26.6883735623
36.85	2057.15430963	-293.925924284	28.4521598819
36.9	2020.86162642	-293.342780477	27.950201803
36.95	2108.33185288	-294.574899733	29.1599879899
37.0	1888.87915788	-291.486639858	26.1247741824
37.05	1696.53938042	-288.774063339	23.4645546382
37.1	1992.90521426	-292.907573016	27.5635413056
37.15	2091.85750447	-294.311491161	28.9321340109
37.2	1895.20085	-291.567239219	26.2122084571
37.25	1914.52905582	-291.816857805	26.4795336643
37.3	1968.74129305	-292.658356486	27.2293341212
37.35	2036.59599167	-293.611650758	28.1678211977
37.4	2136.50853342	-294.935881872	29.5496949827
37.45	2086.7427724	-294.254802339	28.8613930004
37.5	1930.49957305	-292.042490424	26.700419238
37.55	1871.178831	-291.272237479	25.8799638986
37.6	1930.05791052	-292.114220871	26.6943106768
37.65	1865.83889659	-291.166949559	25.8061081519
37.7	1981.03206493	-292.698058137	27.3993257475
37.75	2204.25289595	-295.859294434	30.4866560189
37.8	1851.39947505	-290.840088749	25.6063989088
37.85	1901.67093565	-291.616769841	26.3016951381
37.9	2028.86364885	-293.478790642	28.0608764473
37.95	1717.71944451	-289.136981434	23.7574925899
38.0	2049.56432645	-293.736814365	28.347184084
38.05	2169.23911713	-295.411874754	30.0023862544
38.1	2043.71346323	-293.666114955	28.2662617657
38.15	2163.28259743	-295.360589628	29.9200026189
38.2	1770.05408896	-289.801039279	24.4813243727
38.25	2010.18667566	-293.18021735	27.8025583304
38.3	2024.60572358	-293.369890407	28.0019857895
38.35	1943.49794234	-292.256909687	26.8801975265
38.4	1969.0384597	-292.649435011	27.2334441838
38.45	1895.37713092	-291.577447026	26.2146465693
38.5	2197.50176532	-295.833129739	30.3932822516
38.55	1841.07954887	-290.786710032	25.4636657223
38.6	1802.76324068	-290.23412629	24.9337192221
38.65	2049.67730952	-293.739756419	28.3487467341
38.7	2151.43833433	-295.197119679	29.7561865814
38.75	1933.24159161	-292.057144572	26.7383436417
38.8	2004.66967631	-293.128886973	27.726253628
38.85	1971.89948877	-292.635642994	27.2730146022
38.9	1894.22777178	-291.486886331	26.1987499737
38.95	2113.83058236	-294.687585184	29.2360400049
39.0	2032.32480618	-293.491718565	28.10874714
39.05	1763.28386467	-289.710367892	24.3876865239
39.1	2186.1194238	-295.758698847	30.2358549748
39.15	2034.10436161	-293.505802325	28.1333598758
39.2	2019.51907266	-293.239699318	27.9316331648
39.25	2096.11839669	-294.367497553	28.991065704
39.3	1880.05973143	-291.356213324	26.0027941587
39.35	1808.63025433	-290.425859251	25.0148649144
39.4	1738.99730094	-289.394820731	24.0517830913
39.45	2067.37046085	-293.983603278	28.593457774
39.5	2039.50583636	-293.587664522	28.2080667768
39.55	2015.80793305	-293.27697593	27.8803050085
39.6	1731.95210127	-289.222037568	23.9543421037
39.65	1973.27278493	-292.636938622	27.2920084334
39.7	1833.73222198	-290.773146145	25.3620460634
39.75	2266.59862089	-296.804030668	31.3489493947
39.8	2033.96670419	-293.475246092	28.1314559589
39.85	2024.94705247	-293.362598099	28.0067066527
39.9	1859.87372232	-291.06318466	25.7236048165
39.95	1950.07055547	-292.331860086	26.9711022481
40.0	1825.52966731	-290.580140437	25.2485978908
40.05	1928.34347127	-292.030124649	26.670598552
40.1	1981.93531922	-292.767983004	27.4118185078
40.15	2090.56494668	-294.319702171	28.9142568585
40.2	1916.65883235	-291.825903204	26.5089902501
40.25	2109.23419502	-294.558583463	29.1724681343
40.3	1832.36981329	-290.695282411	25.3432028148
40.35	2080.07315019	-294.181906806	28.7691465624
40.4	2075.96186495	-294.107630531	28.7122840585
40.45	1967.92031556	-292.578020301	27.2179793179
40.5	1912.82592914	-291.865652601	26.4559780018
40.55	1900.11457496	-291.717416122	26.2801693716
40.6	2035.02008164	-293.550609794	28.1460250475
40.65	1942.42416174	-292.204861492	26.8653462453
40.7	2174.74274253	-295.492511228	30.0785059841
40.75	2018.36823508	-293.298531554	27.9157161211
40.8	1933.86483641	-292.129135979	26.746963637
40.85	1953.75954398	-292.427855461	27.022124036
40.9	1934.45572865	-292.179127676	26.7551361696
40.95	1907.7516849	-291.786144408	26.3857969719
41.0	1962.92322543	-292.516211244	27.1488653935
41.05	2199.98037843	-295.900472536	30.4275635381
41.1	2172.96701116	-295.457444948	30.0539461382
41.15	1967.20711064	-292.569464755	27.2081150989
41.2	1925.47594434	-292.03625781	26.6309382629
41.25	1798.97572918	-290.252348811	24.8813347792
41.3	2141.26045218	-295.00077262	29.6154179825
41.35	1972.75508638	-292.599965121	27.2848482308
41.4	1993.17676194	-293.028085221	27.5672970365
41.45	1995.59632268	-293.041995918	27.6007615796
41.5	2048.99105601	-293.668724567	28.3392552757
41.55	1974.35128992	-292.587636152	27.306925057
41.6	2191.66713539	-295.731028191	30.3125844532
41.65	1692.75842433	-288.682498921	23.4122608619
41.7	2098.68642673	-294.430180225	29.0265837014
41.75	1939.46942174	-292.200283975	26.8244797267
41.8	2021.51574816	-293.39697724	27.9592488522
41.85	1812.04867247	-290.407980756	25.0621444883
41.9	1847.85575514	-290.906822726	25.5573863068
41.95	2039.72994096	-293.652745461	28.2111663302
42.0	2005.67818711	-293.11843696	27.7402021735
42.05	2121.89776164	-294.771432287	29.3476158227
42.1	2037.10424886	-293.486605777	28.1748508185
42.15	1984.96244688	-292.837127316	27.453686208
42.2	1825.82636147	-290.632060246	25.2527014185
42.25	1978.12085086	-292.710015494	27.3590612288
42.3	2058.46313519	-293.822655873	28.4702620309
42.35	1943.14484379	-292.22578845	26.8753138791
42.4	2026.93921587	-293.498315701	28.0342599341
42.45	2018.2386281	-293.321444844	27.9139235484
42.5	2127.15139882	-294.795859331	29.4202780068
42.55	1978.14732153	-292.720721371	27.3594273402
42.6	1814.41502225	-290.407469177	25.0948730794
42.65	1949.23731322	-292.261452735	26.9595778128
42.7	2063.7073397	-293.943489623	28.5427937534
42.75	1931.93660632	-292.057750201	26.7202946067
42.8	1977.34373125	-292.705268028	27.3483130165
42.85	1893.29767994	-291.522035929	26.1858860277
42.9	2042.90108973	-293.588561026	28.2550259627
42.95	2072.25006168	-294.041344507	28.6609467233
43.0	2112.47619476	-294.654817958	29.2173076947
43.05	2027.23117687	-293.446840516	28.0382979983
43.1	1806.48655421	-290.344418498	24.9852157537
43.15	1927.04646074	-291.993224548	26.6526598146
43.2	2143.93226831	-295.072129373	29.6523714279
43.25	2169.57478363	-295.41064519	30.0070288021
43.3	1776.41726215	-289.848696599	24.5693323651
43.35	1655.19888331	-288.170787289	22.8927810829
43.4	2010.22963503	-293.201788942	27.8031524944
43.45	2055.23679974	-293.862047669	28.4256391208
43.5	2016.98724091	-293.226277496	27.8966158198
43.55	1975.01857051	-292.668710636	27.3161541042
43.6	2108.15323379	-294.521775728	29.1575175388
43.65	1935.92314769	-292.145721773	26.7754317988
43.7	1842.91553821	-290.873254545	25.4890589862
43.75	1922.21352763	-291.97964381	26.5858163188
43.8	2007.14736378	-293.158255234	27.7605221122
43.85	2101.89523028	-294.459001312	29.0709641308
43.9	1895.65169918	-291.554491204	26.2184440773
43.95	2073.58138653	-294.115581765	28.6793600565
44.0	1828.51210647	-290.634300636	25.2898475121
44.05	1708.22170625	-288.897407083	23.6261309482
44.1	2213.76034322	-296.051363369	30.6181519444
44.15	2018.63463699	-293.313978099	27.9194006818
44.2	1906.87525517	-291.681390701	26.3736752177
44.25	1990.23191544	-292.929567622	27.5265673532
44.3	1948.05018308	-292.377613051	26.9431588128
44.35	1913.76931314	-291.849549343	26.4690257895
44.4	2021.59400915	-293.3497934	27.960331267
44.45	2049.50585942	-293.789622333	28.3463754363
44.5	1950.64023849	-292.369352902	26.9789814394
44.55	1940.38618919	-292.247319252	26.8371593852
44.6	1874.83698377	-291.24553902	25.9305592025
44.65	2033.43829837	-293.487355981	28.1241476656
44.7	2105.97923871	-294.565734924	29.1274493737
44.75	2006.1360648	-293.156761201	27.7465350038
44.8	1797.7730404	-290.208079741	24.8647005902
44.85	1981.23711259	-292.805785774	27.4021617277
44.9	2042.46620156	-293.635941459	28.2490110966
44.95	1981.67572644	-292.764528496	27.4082281231
45.0	1913.9265001	-291.827051711	26.4711998162
45.05	1877.12222642	-291.2988856	25.9621660144
45.1	2150.31266976	-295.140738571	29.7406177017
45.15	2036.99463831	-293.562368541	28.1733348132
45.2	1752.05137454	-289.548967259	24.232331817
45.25	2145.60517624	-295.10264283	29.67550914
45.3	2136.44034637	-294.993986155	29.5487518989
45.35	2061.58713099	-293.903493579	28.5134694984
45.4	2022.04774612	-293.406557724	27.9666068278
45.45	1927.96441201	-292.065286325	26.6653558462
45.5	1957.64852133	-292.440001322	27.0759118364
45.55	2146.96130185	-295.169782176	29.6942654882
45.6	1978.63482531	-292.802073027	27.3661699241
45.65	1900.35799392	-291.675028737	26.2835360589
45.7	2015.34272576	-293.263918301	27.8738708037
45.75	2040.46658161	-293.609665095	28.2213546848
45.8	2176.1329911	-295.496255722	30.0977342814
45.85	1849.58654338	-290.895292087	25.5813245518
45.9	1917.31361183	-291.856686431	26.5180463965
45.95	2009.68237082	-293.158286976	27.7955833739
46.0	2103.93243746	-294.505498187	29.0991404053
46.05	1816.00964181	-290.433593797	25.116927998
46.1	2085.85452648	-294.304484721	28.8491078185
46.15	1856.48091973	-291.065916808	25.6766795269
46.2	2037.40815885	-293.594182095	28.1790541472
46.25	2193.7339305	-295.813084938	30.3411699534
46.3	1962.48016621	-292.502385319	27.1427375149
46.35	1899.53129765	-291.649091641	26.2721021599
46.4	2134.31387388	-294.911521215	29.5193410107
46.45	1862.11132469	-291.050323301	25.7545527236
46.5	1839.03179441	-290.785998828	25.4353435703
46.55	2063.24610719	-293.925601616	28.536414523
46.6	2052.53929807	-293.782407891	28.3883304228
46.65	1913.00165275	-291.829775158	26.4584084059
46.7	1962.84978782	-292.507068582	27.1478496901
46.75	1843.43041234	-290.835880406	25.4961801249
46.8	2035.50563452	-293.548116247	28.1527406489
46.85	2039.73136567	-293.602882015	28.2111860352
46.9	2218.29780361	-296.108162756	30.6809088061
46.95	1898.79857545	-291.654860313	26.2619680007
47.0	2130.22407639	-294.866842233	29.4627757004
47.05	1982.7378381	-292.801978038	27.4229180131
47.1	1898.74540608	-291.589567895	26.261232624
47.15	1884.78893755	-291.393912322	26.0682030238
47.2	2053.10164034	-293.770791246	28.3961080855
47.25	1918.65015794	-291.913156168	26.5365319439
47.3	2063.11296056	-293.946687632	28.534572994
47.35	1922.35156783	-291.92735723	26.5877255299
47.4	2055.29915853	-293.806745889	28.4265015948
47.45	2033.56027993	-293.528140413	28.1258347724
47.5	1954.22988079	-292.456051614	27.0286291864
47.55	2063.29709635	-293.911828842	28.5371197456
47.6	1927.64667307	-291.999252723	26.6609612518
47.65	2181.15516598	-295.609196437	30.1671951487
47.7	1943.2316946	-292.252858179	26.8765150983
47.75	2064.2721099	-293.953718625	28.5506049962
47.8	1880.89437603	-291.356945616	26.0143379897
47.85	1974.32155366	-292.672872557	27.3065137797
47.9	2045.83868188	-293.653114838	28.2956553122
47.95	1971.44694388	-292.597513436	27.2667555289
48.0	1952.42263715	-292.352386793	27.0036334994
48.05	1964.13753297	-292.556221899	27.1656602795
48.1	1858.04321789	-291.024094653	25.6982874136
48.15	1908.45865045	-291.755177978	26.3955748951
48.2	2067.32224527	-293.966454031	28.5927909124
48.25	1834.78007144	-290.68105288	25.3765386954
48.3	2112.92946378	-294.586865524	29.2235767833
48.35	1856.2502744	-290.946248692	25.6734895096
48.4	2063.54953755	-293.903723486	28.5406112179
48.45	2173.46874797	-295.457200289	30.0608855768
48.5	1885.76070186	-291.44781508	26.0816433346
48.55	1875.40257421	-291.300304942	25.9383817901
48.6	1870.94956318	-291.23279325	25.8767929335
48.65	2216.05987844	-296.060881066	30.6499564345
48.7	1987.2483709	-292.833460685	27.4853024438
48.75	1944.70920691	-292.282616044	26.8969503259
48.8	1930.42085854	-292.040815032	26.6993305506
48.85	1981.55684239	-292.787853186	27.4065838574
48.9	2020.4053301	-293.34435621	27.9438908443
48.95	1762.8776463	-289.632621552	24.3820681852
49.0	1918.19039349	-291.901413972	26.5301730181
49.05	2295.31738709	-297.194223598	31.7461538841
49.1	2063.57952874	-293.925202692	28.5410260212
49.15	1835.04821128	-290.751318402	25.380247293
49.2	2042.08825216	-293.66490508	28.2437837412
49.25	2024.54867479	-293.387024522	28.0011967571
49.3	2000.37508178	-293.087658547	27.6668558036
49.35	1961.32824518	-292.5124662	27.1268054863
49.4	1840.53325592	-290.778319664	25.4561100352
49.45	2003.56419449	-293.050456541	27.7109638924
49.5	2051.22201363	-293.683183276	28.3701112804
49.55	1962.13169307	-292.490263817	27.1379178407
49.6	2101.16569507	-294.448924035	29.0608740505
49.65	2043.82341542	-293.69352425	28.2677824962
49.7	1721.14580415	-289.18814792	23.8048820015
49.75	2128.72895211	-294.883440985	29.4420968845
49.8	1838.29002789	-290.739334518	25.4250843206
49.85	1882.37053231	-291.340538745	26.0347544622
49.9	2036.07987199	-293.525302828	28.160682832
49.95	2180.79734006	-295.544111769	30.1622461178
50.0	1957.39308091	-292.441797042	27.0723788823
50.05	1835.34819611	-290.775687315	25.3843963335
50.1	1974.41978051	-292.679861357	27.3078723389
50.15	2032.13385233	-293.469759751	28.1061060889
50.2	2029.60894309	-293.489389829	28.0711844882
50.25	2086.18012329	-294.28293674	28.8536110939
50.3	1986.68616529	-292.899284512	27.4775266713
50.35	2135.68380443	-294.997200206	29.5382882928
50.4	2064.25267267	-293.956780031	28.5503361631
50.45	1817.28153602	-290.476528061	25.1345193557
50.5	1928.44314469	-292.075537592	26.6719771185
50.55	2066.05276188	-293.967151511	28.5752328983
50.6	1997.26813889	-292.986634456	27.6238841922
50.65	1924.18727427	-291.972346067	26.6131148811
50.7	1994.47963937	-292.949916572	27.5853169181
50.75	2069.27513204	-293.968657742	28.6198009651
50.8	1985.45294565	-292.768872176	27.4604702152
50.85	1947.95248856	-292.296923992	26.9418076161
50.9	1933.79281381	-292.160738586	26.7459675043
50.95	1769.82659014	-289.799203641	24.4781778742
51.0	2203.08638549	-295.910235667	30.4705222063
51.05	1836.49922576	-290.723636803	25.4003160335
51.1	2036.41646005	-293.516828257	28.1653381257
51.15	2116.2839214	-294.652222956	29.26997173
51.2	1986.07054996	-292.8250518	27.4690121978
51.25	1841.73653394	-290.842766805	25.4727523737
51.3	1976.77848012	-292.767728377	27.3404951218
51.35	1899.09601119	-291.643058607	26.2660817852
51.4	1925.73956929	-292.012264423	26.6345844158
51.45	2047.48218068	-293.667788199	28.3183862713
51.5	2027.41443347	-293.397426128	28.0408325898
51.55	2021.30129516	-293.37309545	27.9562827883
51.6	1691.30218058	-288.687336316	23.3921197963
51.65	1977.37397958	-292.743870437	27.3487313761
51.7	1973.87078202	-292.62933782	27.300279232
51.75	1949.90722347	-292.347157431	26.9688432303
51.8	1886.37482848	-291.498620925	26.0901372181
51.85	1928.48787318	-292.102572649	26.6725957508
51.9	2047.25476288	-293.679949721	28.3152408936
51.95	2045.78733061	-293.663624717	28.2949450814
52.0	2149.82122072	-295.190994043	29.7338205515
52.05	1897.43109983	-291.626290441	26.2430546724
52.1	1968.12354927	-292.597533261	27.2207902096
52.15	2116.63481976	-294.661528659	29.274824947
52.2	2128.79420847	-294.812225216	29.4429994344
52.25	1767.54698733	-289.747735795	24.446649066
52.3	1907.66051076	-291.745041266	26.3845359574
52.35	2035.74314684	-293.61325276	28.1560256424
52.4	1941.14051701	-292.266071419	26.8475923681
52.45	2034.02590873	-293.563323176	28.1322748071
52.5	1988.26976479	-292.88723305	27.4994291733
52.55	2021.47463094	-293.307643978	27.9586801667
52.6	2071.69773774	-294.043611515	28.6533076226
52.65	1880.6372598	-291.341531213	26.0107818577
52.7	1891.83523439	-291.532021489	26.1656591861
52.75	2018.76085993	-293.330549194	27.9211464502
52.8	1956.91410061	-292.490931429	27.0657541853
52.85	1984.82316321	-292.836885483	27.4517597988
52.9	1972.94748247	-292.619433217	27.2875092291
52.95	2091.7316084	-294.322754308	28.9303927632
53.0	1908.74533818	-291.757804392	26.3995400254
53.05	2035.2013945	-293.576324568	28.1485327557
53.1	1909.17319387	-291.766897491	26.4054576265
53.15	1973.11208403	-292.661447551	27.2897858059
53.2	1773.76953598	-289.832498014	24.5327121038
53.25	2093.34050435	-294.376779101	28.952645136
53.3	2047.58864713	-293.792120929	28.3198587912
53.35	2019.63822765	-293.365877445	27.9332811776
53.4	1892.82838648	-291.503577805	26.1793953078
53.45	2050.20213313	-293.748419929	28.3560054823
53.5	2077.26719961	-294.123120421	28.7303379255
53.55	1840.04015493	-290.777558334	25.4492900372
53.6	1830.67697586	-290.628037246	25.3197894613
53.65	2044.86783945	-293.650132739	28.2822277517
53.7	2017.23989191	-293.324376716	27.900110194
53.75	1974.53934937	-292.725190979	27.309526076
53.8	2124.29967037	-294.8048322	29.3808362237
53.85	2039.78301907	-293.58079539	28.2119004448
53.9	1910.24709888	-291.788388486	26.4203106284
53.95	2128.68149165	-294.819122151	29.4414404668
54.0	1831.79003224	-290.62594281	25.3351839593
54.05	2200.43836912	-295.86540515	30.4338979313
54.1	2011.77427522	-293.179371349	27.8245161565
54.15	1987.23918745	-292.861961568	27.485175429
54.2	1845.29613762	-290.863056526	25.5219846616
54.25	1996.88557331	-292.966659986	27.6185929911
54.3	1905.73525145	-291.637981775	26.3579080154
54.35	2167.72642745	-295.381604985	29.9814644945
54.4	1957.75075186	-292.443108255	27.0773257698
54.45	1806.64434535	-290.352034446	24.9873981369
54.5	1910.45301577	-291.801989341	26.4231586308
54.55	2103.88391239	-294.505155618	29.0984692631
54.6	1988.75818765	-292.883466854	27.5061844688
54.65	1954.29577018	-292.402411996	27.0295404916
54.7	2119.85928617	-294.714115851	29.3194220068
54.75	2120.91976061	-294.748113763	29.3340892528
54.8	1870.94833286	-291.259148169	25.8767759172
54.85	2048.2050181	-293.780212357	28.3283837158
54.9	1960.25074358	-292.510826971	27.1119027405
54.95	2159.57580086	-295.281359913	29.8687345307
55.0	1808.62058699	-290.31004651	25.0147312069
55.05	2007.14701923	-293.203562578	27.7605173468
55.1	2042.01928801	-293.644101994	28.2428299094
55.15	2020.59468396	-293.295742027	27.946509766
55.2	2002.88227592	-293.090377648	27.7015323898
55.25	1787.31759857	-290.047481673	24.7200931093
55.3	2023.32021042	-293.352691664	27.9842060703
55.35	1935.13324706	-292.122068943	26.7645068142
55.4	2083.77277162	-294.28487382	28.8203154124
55.45	1936.34738668	-292.1219646	26.7812993779
55.5	2024.15949422	-293.371635883	27.9958140653
55.55	1902.97662715	-291.651925377	26.3197539406
55.6	2162.97958858	-295.348852517	29.9158117538
55.65	1996.5216399	-292.971805238	27.6135594884
55.7	1935.47330578	-292.098395175	26.7692101099
55.75	1940.6275325	-292.205652788	26.8404973644
55.8	2060.77158449	-293.917375757	28.5021898101
55.85	1915.43426139	-291.835331495	26.4920534124
55.9	1947.56312321	-292.319584727	26.9364223687
55.95	1912.16112883	-291.78635646	26.4467832592
56.0	2187.0367202	-295.700194344	30.248541949
56.05	2180.92124241	-295.622842302	30.1639597907
56.1	1787.84683557	-290.060044184	24.7274128984
56.15	1900.43016743	-291.630192098	26.2845342787
56.2	1976.93339064	-292.73360213	27.3426376635
56.25	2176.35936491	-295.560352579	30.1008652199
56.3	1953.17902775	-292.393352964	27.0140950123
56.35	1944.31909041	-292.274368923	26.8915546893
56.4	2149.18020385	-295.146189435	29.7249547536
56.45	1775.89905627	-289.857557099	24.5621651455
56.5	1962.71303717	-292.545818826	27.1459583146
56.55	2035.19176493	-293.554393811	28.1483995707
56.6	2019.01376252	-293.33298179	27.924644304
56.65	2047.55013629	-293.705032149	28.3193261542
56.7	2136.82595079	-294.970183699	29.5540851296
56.75	1890.8838417	-291.470742874	26.1525006316
56.8	1959.12466887	-292.477349261	27.0963281881
56.85	1732.63360094	-289.280219752	23.9637678126
56.9	2103.29355725	-294.515373517	29.090304159
56.95	2098.29786519	-294.452133733	29.0212095712
57.0	1957.94097292	-292.482279785	27.0799566858
57.05	2138.32316327	-294.989098357	29.574792827
57.1	1797.01914225	-290.146415915	24.8542735499
57.15	1955.06005618	-292.410680373	27.0401112044
57.2	1862.99381682	-291.069881483	25.7667583258
57.25	2121.36504973	-294.75524075	29.3402479727
57.3	2015.75705096	-293.285744303	27.8796012668
57.35	2053.59351384	-293.788514638	28.4029111062
57.4	1947.03025152	-292.317144499	26.9290523086
57.45	2041.91308898	-293.658956357	28.2413610882
57.5	1966.28895891	-292.57759012	27.1954162947
57.55	1750.45787775	-289.533769852	24.2102924272
57.6	2091.2314572	-294.416232204	28.9234752549
57.65	2037.65098323	-293.631648154	28.1824126108
57.7	2062.76430405	-293.911023741	28.5297507838
57.75	2137.37365086	-294.976826117	29.5616602784
57.8	1827.29756529	-290.65065869	25.2730493945
57.85	1951.50890999	-292.369535042	26.9909958907
57.9	1871.10414689	-291.234191362	25.8789309551
57.95	2049.82677603	-293.782683573	28.3508139806
58.0	1880.30610024	-291.362103776	26.0062016448
58.05	2034.37099185	-293.456341187	28.1370475944
58.1	2083.4317278	-294.178536576	28.8155984919
58.15	1931.14902359	-292.054294931	26.7094016806
58.2	1946.63867483	-292.302139687	26.9236364764
58.25	1987.74031681	-292.933244798	27.4921064661
58.3	2156.17843986	-295.277984561	29.8217461945
58.35	2099.82848664	-294.463716612	29.0423793425
58.4	2132.69803995	-294.985628897	29.4969926798
58.45	1857.53938501	-291.042197914	25.6913189846
58.5	2080.89737337	-294.146870475	28.7805462564
58.55	1879.99524038	-291.320991732	26.0019021938
58.6	1962.46595128	-292.53263064	27.1425409105
58.65	1979.59499073	-292.794589436	27.3794498127
58.7	2202.61815804	-295.917700082	30.4640462302
58.75	2160.16189722	-295.358378661	29.8768407322
58.8	1988.46799629	-292.890356062	27.5021708802
58.85	1833.10058821	-290.666059061	25.3533100415
58.9	2160.82775028	-295.260813646	29.8860500354
58.95	1819.19190635	-290.462442646	25.1609413708
59.0	1886.40516257	-291.461741664	26.0905567639
59.05	2155.19838844	-295.256963238	29.8081912659
59.1	1985.03627006	-292.829218896	27.4547072442
59.15	2126.14708895	-294.768700458	29.4063875637
59.2	1848.95101502	-290.859961358	25.5725346644
59.25	1898.08321251	-291.604343437	26.2520739346
59.3	2086.82774778	-294.277131099	28.8625682808
59.35	2047.2952492	-293.72410238	28.3158008531
59.4	1929.35525049	-292.044069671	26.6845923024
59.45	1981.84172672	-292.782401911	27.4105240453
59.5	2021.49056953	-293.356857998	27.9589006107
59.55	2020.96492983	-293.354050697	27.9516305753
59.6	2132.02857973	-294.913580948	29.4877334866
59.65	1928.79525638	-292.05333823	26.6768471168
59.7	2041.58544162	-293.684097704	28.236829452
59.75	1954.91454476	-292.393569674	27.0380986602
59.8	1984.83699358	-292.799390166	27.4519510842
59.85	1905.34776984	-291.700481142	26.3525488216
59.9	1993.30982338	-292.941070286	27.5691373872
59.95	2201.97813159	-295.918222664	30.4551941306
60.0	1880.65655991	-291.428578359	26.0110487944
60.05	1931.73498786	-292.080190636	26.7175060552
60.1	2061.7315243	-293.939458693	28.5154665784
60.15	2069.33903429	-294.051343464	28.6206847867
60.2	1890.08086123	-291.543675227	26.141394742
60.25	1980.30204729	-292.812346784	27.3892289947
60.3	1872.47486422	-291.264862387	25.897889119
60.35	2074.51029995	-294.073234657	28.6922077039
60.4	2106.1801857	-294.554591175	29.1302286382
60.45	2078.48977665	-294.114509788	28.7472471857
60.5	1982.56189402	-292.791961565	27.4204845598
60.55	1786.10633416	-290.097112142	24.7033403122
60.6	1739.30514026	-289.432490514	24.0560407658
60.65	2104.30928208	-294.561719687	29.1043524807
60.7	1867.46133363	-291.161631327	25.8285478094
60.75	2013.95090212	-293.262745511	27.854620722
60.8	2162.16332514	-295.351950528	29.9045221496
60.85	1789.59027158	-290.116355686	24.7515260726
60.9	2096.16589782	-294.356529113	28.9917226844
60.95	1930.6504944	-291.995587806	26.7025066061
61.0	1987.0580068	-292.846500141	27.4826695495
61.05	1917.07086321	-291.910111659	26.5146889806
61.1	1978.4197095	-292.774962118	27.3631946931
61.15	1976.14774182	-292.710848958	27.3317714851
61.2	1849.89061783	-290.890874887	25.5855301549
61.25	2003.5250391	-293.053766741	27.7104223407
61.3	2099.74083429	-294.429182895	29.0411670374
61.35	1877.46202465	-291.259980052	25.9668657073
61.4	1980.07105258	-292.81512237	27.3860341451
61.45	1824.37191421	-290.567798863	25.2325851999
61.5	2173.27379622	-295.461731337	30.0581892314
61.55	1872.6352038	-291.20252817	25.9001067491
61.6	1972.08961998	-292.588533802	27.2756442754
61.65	1905.98319084	-291.721095525	26.361337224
61.7	2061.5447643	-293.906799974	28.5128835318
61.75	2055.35215746	-293.789357631	28.4272346143
61.8	1829.32509414	-290.643171771	25.3010918095
61.85	2052.92583734	-293.800970123	28.3936765833
61.9	2052.70923855	-293.833883379	28.3906808414
61.95	2014.00437125	-293.266857601	27.8553602446
62.0	1924.5076386	-292.018254412	26.6175457869
