# 	 t 	 T	E	K
2.05	2443.88478573	-277.427402677	33.8009649207
2.1	2438.6107379	-277.406250888	33.7280204404
2.15	2273.67759871	-275.096875673	31.4468575621
2.2	2276.00678538	-275.141327964	31.4790721564
2.25	2453.10693765	-277.60322232	33.9285149736
2.3	2348.95042826	-276.13281979	32.4879435765
2.35	2220.36422434	-274.381924414	30.7094891283
2.4	2356.11686813	-276.316462223	32.5870614171
2.45	2398.21516273	-276.85363488	33.1693159437
2.5	2286.43910866	-275.268787391	31.6233598885
2.55	2307.87016219	-275.652682762	31.9197692336
2.6	2251.2546205	-274.860033657	31.1367290716
2.65	2553.04078963	-279.02200054	35.3106834968
2.7	2390.68870746	-276.722142562	33.0652187899
2.75	2303.96862108	-275.52719854	31.8658076659
2.8	2393.04140446	-276.733974981	33.0977585517
2.85	2451.77825772	-277.557298923	33.9101382219
2.9	2022.77187601	-271.558843602	27.976622148
2.95	2468.03561834	-277.846932611	34.1349910788
3.0	2541.98880205	-278.850361908	35.1578252906
3.05	2404.3712132	-276.884240491	33.2544592562
3.1	2356.12285058	-276.26272264	32.5871441594
3.15	2107.75522109	-272.748426705	29.1520126912
3.2	2160.62984146	-273.482882561	29.8833127913
3.25	2174.11096964	-273.705054315	30.069768038
3.3	2195.37373718	-273.955279968	30.3638498475
3.35	2413.93480787	-276.998751269	33.386731747
3.4	2271.87099154	-275.086345748	31.4218706782
3.45	2241.86086063	-274.642933338	31.0068055376
3.5	2214.77364157	-274.296457164	30.6321667058
3.55	2195.65694235	-274.001320159	30.3677668112
3.6	2295.380486	-275.387341343	31.7470265948
3.65	2328.01339308	-275.962206977	32.1983669173
3.7	2408.79721069	-276.941122677	33.315674493
3.75	2445.18997222	-277.467954695	33.8190167385
3.8	2220.33861452	-274.324979669	30.7091349231
3.85	2484.79137822	-278.041522607	34.3667372133
3.9	2373.09864374	-276.493953811	32.8219335374
3.95	2360.95205922	-276.405769302	32.6539361427
4.0	2195.05685602	-274.045527603	30.3594671167
4.05	2351.3647306	-276.113286826	32.5213353915
4.1	2260.95156843	-274.917824566	31.2708459492
4.15	2413.51536334	-277.13250339	33.3809304794
4.2	2478.29719649	-278.01391699	34.2769172634
4.25	2309.48311589	-275.58858223	31.9420777285
4.3	2318.1890324	-275.771274188	32.062487815
4.35	2395.69988123	-276.88436796	33.1345275027
4.4	2349.28705563	-276.179741384	32.4925994138
4.45	2503.87843268	-278.349570977	34.630727096
4.5	2280.95460322	-275.212256372	31.547504604
4.55	2259.23931563	-274.879823837	31.2471640648
4.6	2435.29171247	-277.384627219	33.6821155505
4.65	2131.17285498	-273.187366565	29.4758980996
4.7	2393.38261146	-276.861167968	33.1024777291
4.75	2138.30087921	-273.193854391	29.5744846199
4.8	2444.69245606	-277.616179676	33.8121356751
4.85	2212.94793429	-274.273191293	30.6069156513
4.9	2411.48458547	-277.028043778	33.3528431276
4.95	2331.51932818	-275.885397035	32.2468569239
5.0	2437.92454396	-277.349821105	33.7185298059
5.05	2165.06907893	-273.423091052	29.9447111481
5.1	2169.25541713	-273.65646226	30.0026116971
5.15	2413.81608818	-277.096493804	33.3850897547
5.2	2398.49251757	-276.846143567	33.1731519924
5.25	2381.61741799	-276.621900142	32.9397552905
5.3	2069.98731987	-272.192600351	28.6296511169
5.35	2223.57449584	-274.353447553	30.7538898608
5.4	2188.80951968	-273.913061088	30.2730612446
5.45	2306.80456936	-275.567108923	31.9050311959
5.5	2393.69841424	-276.78541001	33.1068455448
5.55	2284.25908026	-275.155399619	31.5932082775
5.6	2246.00487798	-274.715915732	31.0641207538
5.65	2485.88129452	-278.209697413	34.3818116647
5.7	2515.8430524	-278.551266847	34.796207766
5.75	2205.28754704	-274.213927144	30.5009661064
5.8	2280.29340791	-275.268666938	31.5383597213
5.85	2343.17530802	-276.004374977	32.4080688468
5.9	2268.52635385	-275.095752063	31.3756115492
5.95	2112.33449235	-272.863089441	29.2153478322
6.0	2296.19655686	-275.517858663	31.7583135354
6.05	2342.37724541	-276.072883208	32.3970309753
6.1	2433.15106967	-277.312445264	33.6525086752
6.15	2423.62973893	-277.164132894	33.5208207297
6.2	2262.59570648	-274.920603236	31.2935857497
6.25	2397.57372356	-276.923021482	33.160444305
6.3	2595.89829641	-279.684209186	35.9034385611
6.35	2460.42479793	-277.798416667	34.0297270848
6.4	2186.21206236	-273.906535434	30.2371362434
6.45	2225.10918668	-274.476195757	30.7751159151
6.5	2017.73439209	-271.549130726	27.9069495439
6.55	2391.67198793	-276.834535519	33.0788183789
6.6	2312.07995679	-275.663549537	31.977994204
6.65	2332.6095599	-275.938311562	32.2619357378
6.7	2344.8855582	-276.111621669	32.4317230333
6.75	2273.74573444	-275.100819303	31.4477999361
6.8	2100.10579192	-272.564567858	29.0462147058
6.85	2234.92632529	-274.449165756	30.9108951301
6.9	2288.90213777	-275.398014465	31.6574256355
6.95	2352.92930499	-276.261753202	32.5429747603
7.0	2131.26360596	-272.996158666	29.4771532613
7.05	2364.63521513	-276.373140204	32.7048772609
7.1	2328.24473203	-275.827467505	32.2015665279
7.15	2455.56835873	-277.676323113	33.9625584801
7.2	2305.17474155	-275.531084051	31.882489318
7.25	2252.78934749	-274.807282055	31.1579556259
7.3	2381.0036034	-276.634776037	32.9312657228
7.35	2368.26259448	-276.448127183	32.7550469427
7.4	2430.3592494	-277.318019774	33.6138954723
7.45	2334.83575644	-276.116343374	32.2927258928
7.5	2312.78013965	-275.666577171	31.987678317
7.55	2301.81303001	-275.492799046	31.8359940435
7.6	2063.76013267	-272.174551529	28.5435239241
7.65	2159.42798651	-273.510912156	29.8666901349
7.7	2375.83798011	-276.516969343	32.8598208443
7.75	2378.71020873	-276.476663929	32.8995461617
7.8	2511.52444792	-278.420179265	34.7364778641
7.85	2170.21464652	-273.766172418	30.0158786396
7.9	2356.72462945	-276.280441588	32.595467263
7.95	2283.96505418	-275.14969502	31.5891416516
8.0	2337.91536717	-276.079741393	32.3353194778
8.05	2395.56989564	-276.897743069	33.1327296935
8.1	2420.65455966	-277.186775033	33.4796715189
8.15	2346.99198876	-276.184102214	32.4608567248
8.2	2247.24323659	-274.688441308	31.0812482863
8.25	2510.80207246	-278.441817624	34.7264868089
8.3	2293.44973438	-275.399397698	31.7203226895
8.35	2198.50865015	-274.038127102	30.4072083085
8.4	2594.09172862	-279.59536229	35.8784522218
8.45	2472.7106237	-278.014112793	34.1996503023
8.5	2192.56934104	-273.971396128	30.3250627098
8.55	2283.91122096	-275.167698365	31.5883970933
8.6	2379.5600545	-276.619674589	32.9113002375
8.65	2485.89229023	-278.042684827	34.3819637446
8.7	2298.77502182	-275.415765286	31.7939758563
8.75	2450.2083488	-277.601649955	33.8884250722
8.8	2307.49251495	-275.542431834	31.9145460573
8.85	2213.81451755	-274.145968621	30.6189012206
8.9	2434.33131014	-277.374862819	33.6688323852
8.95	2276.32705927	-275.166391793	31.4835018115
9.0	2236.01940814	-274.564673465	30.9260133775
9.05	2369.12079394	-276.407284827	32.766916557
9.1	2442.73464593	-277.469784043	33.7850575281
9.15	2025.24665011	-271.594192549	28.0108503379
9.2	2393.27606	-276.800512222	33.1010040335
9.25	2029.89423747	-271.676376912	28.0751303475
9.3	2355.85256844	-276.359842957	32.583405932
9.35	2262.32979364	-275.022704055	31.2899079533
9.4	2113.3743835	-272.94123567	29.2297303941
9.45	2293.56223542	-275.344091752	31.7218786727
9.5	2096.19162321	-272.588374505	28.9920784879
9.55	2374.45408212	-276.508295646	32.8406803809
9.6	2399.81011103	-276.879224354	33.191375409
9.65	2644.8186293	-280.284202024	36.5800475672
9.7	2323.93514002	-275.743698498	32.141961276
9.75	2185.13456143	-273.794399376	30.2222335068
9.8	2011.92256542	-271.465384197	27.8265671337
9.85	2368.93728251	-276.473691034	32.7643784408
9.9	2441.01099833	-277.466480766	33.7612180441
9.95	2239.12477947	-274.59304186	30.9689632531
10.0	2308.83224965	-275.57948297	31.9330757055
10.05	2397.05994729	-276.737885887	33.1533383507
10.1	2206.56834743	-274.148775671	30.5186806442
10.15	2348.27964295	-276.261466211	32.4786660561
10.2	2137.2790001	-273.199099968	29.5603511794
10.25	2484.60335577	-278.065358082	34.364136706
10.3	2349.77548261	-276.216781293	32.4993547662
10.35	2348.42300497	-276.188739963	32.4806488725
10.4	2364.20116043	-276.418572366	32.6988739224
10.45	2245.93340981	-274.802250282	31.0631322894
10.5	2296.00323014	-275.497498497	31.7556396656
10.55	2326.48718699	-275.934013295	32.1772582142
10.6	2303.23788042	-275.65729469	31.8557009131
10.65	2483.41161134	-278.042161856	34.3476538865
10.7	2434.14713874	-277.368516812	33.6662851411
10.75	2480.09176486	-278.101697308	34.3017376408
10.8	2327.15149816	-275.836317173	32.1864461917
10.85	2176.16446314	-273.643029834	30.0981695658
10.9	2354.67171216	-276.231132136	32.5670737046
10.95	2160.62460499	-273.464503644	29.8832403666
11.0	2561.12829667	-279.225657306	35.4225404645
11.05	2346.62814638	-276.199387112	32.4558244812
11.1	2114.48034669	-272.830188337	29.2450267875
11.15	2487.44334502	-278.084695223	34.403416126
11.2	2467.03446289	-277.894596681	34.121144264
11.25	2295.82808313	-275.49109422	31.7532172363
11.3	2230.48359684	-274.581489707	30.8494484901
11.35	2218.70535632	-274.427740016	30.6865456
11.4	2283.94194332	-275.214794439	31.5888220091
11.45	2441.70377944	-277.410619459	33.7707997847
11.5	2165.06714441	-273.531020169	29.944684392
11.55	2347.78389859	-276.164220013	32.4718094982
11.6	2439.32655155	-277.373621086	33.7379207402
11.65	2216.51732406	-274.28083858	30.6562832889
11.7	2327.85305149	-275.839259931	32.1961492594
11.75	2306.56037666	-275.541897792	31.9016538073
11.8	2268.21246884	-275.109894979	31.3712702578
11.85	2248.00112748	-274.780094186	31.0917305495
11.9	2394.26023916	-276.805646721	33.1146160522
11.95	2216.6468707	-274.393750362	30.658075027
12.0	2238.43118906	-274.662551682	30.9593703193
12.05	2302.29940233	-275.552247179	31.8427209784
12.1	2396.92525171	-276.891512668	33.1514753984
12.15	2197.60674012	-274.092945523	30.3947341406
12.2	2282.13543913	-275.288897971	31.5638365495
12.25	2185.10182573	-273.972453238	30.2217807447
12.3	2310.87376128	-275.74815798	31.9613115142
12.35	2224.03568712	-274.537080215	30.7602685207
12.4	2126.52280504	-272.997102121	29.4115840305
12.45	2435.19517617	-277.405326222	33.6807803729
12.5	2378.77443277	-276.514786774	32.9004344337
12.55	2250.33778481	-274.850982162	31.1240484692
12.6	2370.32276917	-276.612492127	32.7835408769
12.65	2280.26296815	-275.286434878	31.537938714
12.7	2216.24093238	-274.375810836	30.6524605614
12.75	2155.1537496	-273.437428294	29.8075738735
12.8	2373.20417104	-276.453069208	32.823393068
12.85	2527.81665519	-278.763021073	34.9618126792
12.9	2289.30090446	-275.359028604	31.6629409114
12.95	2471.83111273	-277.899461412	34.1874859319
13.0	2385.68629944	-276.650784087	32.9960313147
13.05	2273.8769123	-275.070756385	31.4496142354
13.1	2223.92735838	-274.343229318	30.758770244
13.15	2339.40282483	-276.092839021	32.3558922579
13.2	2383.93080169	-276.778769155	32.9717513165
13.25	2432.34236521	-277.401016357	33.641323618
13.3	2461.14466221	-277.843564339	34.0396834082
13.35	2457.61031409	-277.705301229	33.9908004258
13.4	2382.57397771	-276.675810694	32.9529853092
13.45	2313.70493698	-275.663633486	32.0004690354
13.5	2196.71887866	-274.03961679	30.3824542761
13.55	2400.3769439	-276.889647338	33.1992151804
13.6	2330.48001334	-275.913126758	32.2324823328
13.65	2349.7838789	-276.187151714	32.499470894
13.7	2484.02798596	-278.11982936	34.3561788616
13.75	2388.52176607	-276.775312325	33.0352481831
13.8	2373.58465762	-276.557468462	32.8286555148
13.85	2345.40858854	-276.156194444	32.4389569791
13.9	2122.04823872	-273.019971368	29.3496970463
13.95	2339.76169563	-276.084033627	32.3608557403
14.0	2262.14224336	-274.876441982	31.2873139765
14.05	2536.72950981	-278.782947974	35.0850848923
14.1	2247.87758992	-274.688031265	31.0900219219
14.15	2414.41111598	-277.108655282	33.3933194854
14.2	1878.07950517	-269.546433271	25.9754059779
14.25	2186.1916961	-273.80499175	30.236854561
14.3	2343.62466036	-276.08919818	32.4142837644
14.35	2393.40695672	-276.838412891	33.1028144443
14.4	2408.82100584	-277.059764622	33.3160035998
14.45	2354.71346245	-276.290521186	32.567651146
14.5	2183.73242535	-273.871793583	30.2028407954
14.55	2356.24271055	-276.321544989	32.5888019228
14.6	2230.29420822	-274.607455838	30.8468290875
14.65	2388.72277033	-276.844679136	33.0380282396
14.7	2478.92338733	-277.992502797	34.285578005
14.75	2351.91669011	-276.156730124	32.5289694519
14.8	2158.88912836	-273.528396966	29.8592372773
14.85	2352.49165134	-276.227201556	32.5369216452
14.9	2423.0643071	-277.261003664	33.5130003359
14.95	2196.34050575	-274.085469244	30.3772210631
15.0	2453.82103885	-277.705658578	33.9383915888
15.05	2341.77243831	-276.137542674	32.3886659887
15.1	2235.13414249	-274.719024455	30.9137694153
15.15	2100.3665635	-272.726613117	29.0498213942
15.2	2542.26327546	-278.88780459	35.1616214867
15.25	2278.20935102	-275.129023702	31.5095354763
15.3	2426.21775039	-277.202818247	33.5566150867
15.35	2202.2604663	-274.111065902	30.4590990551
15.4	2341.40749244	-276.148106265	32.3836184829
15.45	2076.2234123	-272.351549146	28.7159014765
15.5	2370.31486427	-276.455260945	32.7834315457
15.55	2379.29363353	-276.575698084	32.9076154133
15.6	2328.39897502	-275.78094355	32.2036998371
15.65	2339.44411827	-275.954163083	32.3564633806
15.7	2365.04382069	-276.327665682	32.7105286165
15.75	2342.12819426	-276.05339083	32.3935863902
15.8	2364.50078344	-276.440771596	32.7030179585
15.85	2263.61075935	-274.997329736	31.3076247775
15.9	1979.41915412	-270.881382738	27.3770178458
15.95	2368.39280459	-276.413775946	32.7568478572
16.0	2418.30467852	-277.108583584	33.4471707028
16.05	2321.48266082	-275.673933026	32.1080414432
16.1	2430.45161327	-277.313756369	33.6151729417
16.15	2298.40579058	-275.476684044	31.7888690804
16.2	2341.03253167	-276.04415915	32.3784324626
16.25	2488.45507193	-278.092857784	34.417409153
16.3	2420.44136771	-277.0894267	33.4767228965
16.35	2278.14565874	-275.187540904	31.5086545589
16.4	2298.50264064	-275.43073945	31.7902085974
16.45	2431.85088085	-277.226680447	33.6345259794
16.5	2541.3009149	-278.821971142	35.1483112376
16.55	2158.22944118	-273.51833759	29.8501132535
16.6	2500.23566419	-278.31550998	34.5803445696
16.65	2231.56565299	-274.465079762	30.8644142292
16.7	2426.4125032	-277.192385852	33.5593086805
16.75	2314.46351224	-275.634200906	32.010960764
16.8	2296.14413495	-275.466656709	31.7575884967
16.85	2235.34770329	-274.567878968	30.9167231392
16.9	2494.19317994	-278.192021644	34.4967719727
16.95	2264.97808047	-275.026636549	31.3265359689
17.0	2365.8693989	-276.446793592	32.7219470517
17.05	2300.94727371	-275.468334404	31.8240199117
17.1	2460.4015925	-277.744630283	34.0294061343
17.15	2487.24577135	-278.12558831	34.4006835174
17.2	2470.01320465	-277.898397121	34.1623427469
17.25	2294.85669266	-275.434403689	31.739782096
17.3	2508.30353891	-278.509552658	34.691930006
17.35	2487.48684987	-278.117473183	34.4040178344
17.4	1990.05694801	-271.003790157	27.5241474077
17.45	2567.40230498	-279.159381993	35.5093152324
17.5	2456.0840275	-277.65904156	33.9696906093
17.55	2333.84186389	-275.970758753	32.2789795299
17.6	2349.19739433	-276.220419161	32.4913593232
17.65	2299.62414763	-275.49334481	31.8057199746
17.7	2482.34945481	-278.056948027	34.3329633758
17.75	2488.55367431	-278.243579282	34.4187729061
17.8	2436.69055356	-277.451363486	33.7014626895
17.85	2353.70845701	-276.233130365	32.5537510826
17.9	2380.75644382	-276.578851245	32.9278472997
17.95	2350.21758288	-276.122723582	32.5054693817
18.0	2161.94295231	-273.418986016	29.9014742096
18.05	2346.45935618	-276.124447575	32.4534899719
18.1	2347.47882035	-276.073810125	32.4675900117
18.15	2450.39921498	-277.503392731	33.8910649107
18.2	2338.05152005	-276.034523424	32.3372025856
18.25	2246.32970106	-274.773441216	31.068613328
18.3	2171.26831142	-273.732990228	30.030451704
18.35	2174.37724354	-273.716027152	30.0734508282
18.4	2153.76541803	-273.406995741	29.78837209
18.45	2398.5419213	-276.836524962	33.1738352873
18.5	2382.5159216	-276.545078038	32.9521823449
18.55	2222.62102463	-274.41113901	30.7407025586
18.6	2242.10516621	-274.620993864	31.0101844875
18.65	2809.1035375	-282.620157512	38.8522448702
18.7	2511.16869567	-278.460757838	34.7315575137
18.75	2299.32062894	-275.522642772	31.8015220579
18.8	2614.75153393	-279.963835773	36.1641945607
18.85	1932.70062248	-270.220677092	26.7308615874
18.9	2336.24632283	-275.913321628	32.3122352025
18.95	2352.66671446	-276.173847969	32.5393429143
19.0	2132.60359756	-273.107648949	29.4956864627
19.05	2296.50705199	-275.503347605	31.762607942
19.1	2213.11271355	-274.279203402	30.609194686
19.15	2516.0147742	-278.532428392	34.7985828217
19.2	2502.6907308	-278.379730406	34.6143001885
19.25	2459.84797941	-277.686633488	34.0217492035
19.3	2185.42710882	-273.756044712	30.2262796812
19.35	2336.27842599	-276.012554296	32.3126792159
19.4	2514.14079234	-278.463503728	34.7726640896
19.45	2495.45714449	-278.27920821	34.5142536566
19.5	2432.87114486	-277.293159571	33.6486370815
19.55	2377.79492093	-276.57496054	32.886886968
19.6	2089.07810237	-272.524133567	28.8936925616
19.65	2193.44017536	-274.045032768	30.3371070748
19.7	2326.37738811	-275.852735606	32.175739604
19.75	2363.08679365	-276.413289495	32.6834613004
19.8	2332.70493566	-275.982388687	32.2632548642
19.85	2391.84692204	-276.674387356	33.0812378636
19.9	2319.50289894	-275.72028124	32.0806596851
19.95	2436.96059529	-277.385785985	33.7051975918
20.0	2229.90424898	-274.47248928	30.8414356259
20.05	2502.47895305	-278.440257276	34.6113711256
20.1	2258.91605167	-274.978680065	31.2426930546
20.15	2283.61654767	-275.18940332	31.5843215159
20.2	2378.39397018	-276.596567377	32.8951723188
20.25	2458.57639221	-277.809280253	34.0041620919
20.3	2323.15753358	-275.806693077	32.1312063304
20.35	2588.8219264	-279.562478646	35.8055664617
20.4	2366.55862926	-276.380217053	32.7314796825
20.45	2378.11777841	-276.55791902	32.8913523563
20.5	2185.28543194	-273.805174752	30.2243201718
20.55	2105.16289248	-272.656292142	29.1161586244
20.6	2492.76432145	-278.151762451	34.477009668
20.65	2385.20965075	-276.662496069	32.9894388657
20.7	2215.1919083	-274.247714713	30.6379516835
20.75	2388.56657623	-276.708157595	33.0358679449
20.8	2450.34047349	-277.604467783	33.890252467
20.85	2218.27645471	-274.352314719	30.680613533
20.9	2253.89279956	-274.883605182	31.1732172882
20.95	2319.88921269	-275.745892138	32.0860027265
21.0	2186.49969645	-273.864087675	30.2411144627
21.05	2434.98037144	-277.310724092	33.6778094444
21.1	2367.0232161	-276.447470455	32.737905306
21.15	2276.75437222	-275.195602112	31.4894119059
21.2	2540.94331344	-278.877320865	35.1433653112
21.25	2403.87527169	-276.974462502	33.2475999714
21.3	2668.15939432	-280.666221475	36.9028698149
21.35	2211.42328279	-274.204936529	30.5858284495
21.4	2413.4895948	-277.135619785	33.3805740789
21.45	2261.13140019	-274.894581779	31.2733331724
21.5	2198.7611684	-274.080304696	30.4107008465
21.55	2353.23783045	-276.220375756	32.5472419247
21.6	2276.85699186	-275.114500513	31.4908312212
21.65	2292.3580513	-275.332992826	31.705223802
21.7	2325.25120137	-275.830250339	32.1601635022
21.75	2445.10650124	-277.479676021	33.8178622652
21.8	2208.71743287	-274.175528024	30.5484042883
21.85	2253.94312251	-274.852733927	31.1739132967
21.9	2225.42274755	-274.379990455	30.7794527233
21.95	2247.58759401	-274.803884948	31.0860110367
22.0	2260.55259367	-274.978898888	31.2653277955
22.05	2530.58254472	-278.762605085	35.0000672383
22.1	2436.50611296	-277.402436936	33.6989117221
22.15	2357.14300267	-276.170411156	32.6012537137
22.2	2159.24457827	-273.503575667	29.864153446
22.25	2439.26267724	-277.418834151	33.7370373053
22.3	2360.04859543	-276.290740909	32.6414404849
22.35	2378.2956306	-276.624996613	32.8938122003
22.4	2543.58462283	-278.95782714	35.179896823
22.45	2437.83957559	-277.43743789	33.7173546225
22.5	2350.60919902	-276.22774074	32.5108857596
22.55	2128.29182458	-273.052358392	29.4360510462
22.6	2377.59154121	-276.542190656	32.8840740569
22.65	2426.04865297	-277.330944556	33.5542763283
22.7	2516.49097834	-278.529565195	34.8051691221
22.75	2443.32467205	-277.511666615	33.7932180814
22.8	2217.65950311	-274.316576867	30.6720805778
22.85	2397.87518874	-276.841080417	33.1646138198
22.9	2372.78727259	-276.555266996	32.8176270148
22.95	2170.09735267	-273.697343238	30.0142563678
23.0	2347.00275865	-276.123217813	32.4610056813
23.05	2273.62832707	-274.962064543	31.4461760943
23.1	2237.56175283	-274.567777925	30.947345291
23.15	2510.14549185	-278.471157089	34.7174057514
23.2	2627.97895615	-280.210025793	36.3471408424
23.25	2458.08068224	-277.622755888	33.9973060097
23.3	2283.46513338	-275.132195929	31.58222733
23.35	2158.78648392	-273.446133557	29.8578176192
23.4	2144.39986698	-273.302762261	29.6588387075
23.45	2413.21948446	-277.042513295	33.3768382277
23.5	2269.10866675	-275.028548187	31.3836654224
23.55	2416.8477452	-277.132685676	33.4270200999
23.6	2027.33299757	-271.590677224	28.0397062634
23.65	2149.27472906	-273.430666314	29.7262621161
23.7	2437.62733135	-277.45625866	33.7144191076
23.75	2514.14328903	-278.473995507	34.7726986209
23.8	2384.11919352	-276.646744571	32.9743569327
23.85	2577.14427769	-279.431615079	35.6440548403
23.9	2331.17043703	-275.938109991	32.2420314683
23.95	2266.71578374	-275.024582143	31.3505698545
24.0	2298.21265581	-275.470895389	31.7861978654
24.05	2240.70941756	-274.642184765	30.9908801196
24.1	2343.90268131	-276.169225674	32.4181290261
24.15	2097.43786726	-272.670089179	29.0093150826
24.2	2123.12222216	-273.040456966	29.364551133
24.25	2283.87729454	-275.297637761	31.5879278626
24.3	2443.64523294	-277.482405276	33.7976517059
24.35	2430.44988715	-277.410073634	33.6151490679
24.4	2250.74896582	-274.76490002	31.1297354455
24.45	2346.62438832	-276.158225681	32.4557725041
24.5	2218.94249704	-274.369819263	30.689825454
24.55	2393.2693206	-276.707939554	33.100910822
24.6	2493.73170029	-278.269807094	34.4903893242
24.65	2292.90584819	-275.450363649	31.7128002898
24.7	2265.3822959	-275.01746202	31.3321266056
24.75	2184.77640287	-273.817335471	30.2172798751
24.8	2253.10983452	-274.792315738	31.1623882287
24.85	2247.68909608	-274.585287424	31.0874148949
24.9	2205.48514557	-274.035287294	30.5036990589
24.95	2479.78097354	-278.070253638	34.2974391376
25.0	2301.99619534	-275.630709857	31.8385273727
25.05	2476.97217085	-278.013562121	34.2585910537
25.1	2194.69408021	-274.042784565	30.3544496247
25.15	2225.60515147	-274.469455866	30.7819755217
25.2	2327.5030848	-275.838415033	32.1913089281
25.25	2427.14760125	-277.219301549	33.5694756997
25.3	2271.69421391	-275.04713106	31.419425696
25.35	2346.97672763	-276.101007869	32.4606456506
25.4	2546.08949905	-278.94848359	35.2145413504
25.45	2556.09713277	-279.05334305	35.3529552716
25.5	2335.90821553	-275.993106553	32.3075588965
25.55	2353.49407919	-276.341251344	32.5507860585
25.6	2357.82086746	-276.228598743	32.610629149
25.65	2340.47313875	-275.93664192	32.3706955921
25.7	2190.48289765	-273.854166997	30.2962054576
25.75	2327.79037215	-275.851778063	32.1952823519
25.8	2135.49561053	-273.155738235	29.5356854142
25.85	2297.68327108	-275.396813888	31.7788760331
25.9	2195.33230007	-273.945047918	30.3632767377
25.95	2487.26165057	-278.063878848	34.4009031402
26.0	2218.17276672	-274.221725056	30.6791794416
26.05	2258.92914625	-274.846447921	31.2428741636
26.1	2433.60939292	-277.400943959	33.658847668
26.15	2349.92768473	-276.153038779	32.5014598486
26.2	2543.77528686	-278.938855786	35.1825338655
26.25	2490.74645041	-278.177305492	34.4491008284
26.3	2313.2701585	-275.698623549	31.9944556864
26.35	2322.13221014	-275.932770265	32.1170252521
26.4	2497.31057147	-278.42525907	34.5398880976
26.45	2261.70477793	-274.972713477	31.2812634648
26.5	2193.23241467	-273.877802091	30.3342335712
26.55	2192.61297602	-273.943794598	30.325666218
26.6	2592.53498795	-279.571391649	35.8569211999
26.65	2310.65383325	-275.58092492	31.9582697261
26.7	2269.13718399	-275.048853292	31.3840598395
26.75	2319.61978092	-275.805391317	32.0822762604
26.8	2250.61753911	-274.84863586	31.1279177045
26.85	2310.1886715	-275.605834612	31.9518361511
26.9	2422.61139345	-277.205615407	33.5067361624
26.95	2259.36135797	-274.950761194	31.2488520121
27.0	2355.01971395	-276.336183843	32.5718868597
27.05	2259.75381953	-274.897721931	31.2542800829
27.1	2172.16228087	-273.690234476	30.0428160471
27.15	2480.68295138	-277.956443997	34.3099142434
27.2	2238.63496392	-274.573395116	30.9621886955
27.25	2283.76615982	-275.299933579	31.5863907767
27.3	2494.4724889	-278.193157827	34.5006350485
27.35	2140.00316011	-273.160131665	29.5980285844
27.4	2341.23721931	-276.058382607	32.3812634635
27.45	2301.41440686	-275.439689966	31.8304807528
27.5	2468.24137849	-277.896226517	34.1378369134
27.55	2519.26902256	-278.648476366	34.8435917907
27.6	2287.04816606	-275.342669014	31.6317836604
27.65	2309.56685449	-275.774428601	31.9432359032
27.7	2698.03399648	-281.184581065	37.3160604799
27.75	2276.831162	-275.161795538	31.4904739727
27.8	2262.535354	-274.911961233	31.2927510245
27.85	2460.53393459	-277.675932176	34.0312365358
27.9	2111.72681337	-272.736345414	29.206943125
27.95	2361.86089339	-276.30505883	32.6665060773
28.0	2353.24857139	-276.232300409	32.5473904809
28.05	2409.83121213	-277.029029214	33.3299755953
28.1	2295.50779972	-275.37128538	31.7487874497
28.15	2279.44910118	-275.1135394	31.526682255
28.2	2202.23880801	-274.129695703	30.4587995029
28.25	2494.01341434	-278.270183097	34.4942856644
28.3	2504.89699493	-278.427849003	34.6448146615
28.35	2520.83237035	-278.60634169	34.8652141946
28.4	2388.97219806	-276.656163793	33.0414780332
28.45	2375.30466116	-276.56026473	32.8524445983
28.5	2422.05602675	-277.21130121	33.4990549777
28.55	2283.92791984	-275.377434988	31.5886280527
28.6	2409.71920517	-277.019665456	33.3284264456
28.65	2280.58583059	-275.24757662	31.5424041708
28.7	2426.10782007	-277.273056672	33.5550946587
28.75	2258.57752733	-274.880382556	31.2380109807
28.8	2260.7512235	-274.998498235	31.2680750117
28.85	2433.35777179	-277.399998836	33.6553675379
28.9	2328.4932136	-275.976321718	32.2050032352
28.95	2338.48384431	-275.961830961	32.3431819907
29.0	2271.92094237	-275.067031491	31.4225615399
29.05	2374.95559887	-276.53584807	32.8476167757
29.1	2298.84174728	-275.409834428	31.7948987252
29.15	2410.76910829	-276.946264943	33.3429474815
29.2	2211.70657403	-274.158062544	30.5897466036
29.25	2513.99397506	-278.526605643	34.7706334841
29.3	2232.45739419	-274.617642408	30.8767477537
29.35	2522.31449222	-278.626621075	34.8857131762
29.4	2197.71162271	-274.065762577	30.3961847542
29.45	2275.43658097	-275.091290482	31.4711857538
29.5	2152.41838074	-273.27175654	29.7697414407
29.55	2355.63385434	-276.266526044	32.5803809336
29.6	2630.25289059	-280.259812447	36.3785912522
29.65	2302.32569251	-275.488894318	31.8430845934
29.7	2186.92951437	-273.816509226	30.247059203
29.75	2404.49752279	-276.97866647	33.2562062232
29.8	2284.41909739	-275.249642697	31.5954214479
29.85	2490.3225707	-278.107164865	34.4432382186
29.9	2332.65863505	-275.861935757	32.2626144881
29.95	2314.47276298	-275.706853831	32.0110887094
30.0	2371.27131727	-276.559172007	32.7966600884
30.05	2180.46822947	-273.868557917	30.1576942438
30.1	2202.80472479	-274.079427742	30.4666266039
30.15	2500.46222582	-278.383850041	34.5834781059
30.2	2605.25985706	-279.800516489	36.0329167529
30.25	2222.29237575	-274.320160944	30.7361570705
30.3	2390.53239492	-276.591515236	33.063056857
30.35	2385.65116646	-276.651826735	32.9955453963
30.4	2255.61356064	-274.967164145	31.1970168492
30.45	2314.28818645	-275.668262072	32.008535862
30.5	2203.54415845	-274.124136611	30.4768535882
30.55	2380.25281945	-276.624946907	32.9208817546
30.6	2659.13433182	-280.439919585	36.7780456732
30.65	2287.09162152	-275.118689177	31.6323846857
30.7	2362.10031452	-276.314830051	32.6698174711
30.75	2233.80558596	-274.62596111	30.8953943704
30.8	2216.32596469	-274.285402827	30.6536366293
30.85	2379.02672659	-276.631160085	32.9039238677
30.9	2384.16848927	-276.663607012	32.975038734
30.95	2473.95647977	-277.933055191	34.2168815308
31.0	2322.68903639	-275.729837086	32.1247266235
31.05	2419.04391045	-277.126345232	33.457394897
31.1	2303.14427097	-275.530781704	31.8544062163
31.15	2319.17802847	-275.744205937	32.0761664556
31.2	2040.7090024	-271.741356147	28.2247075666
31.25	2427.16909389	-277.274593122	33.5697729608
31.3	2491.73629873	-278.160555244	34.4627912563
31.35	2318.73147739	-275.760030772	32.0699902817
31.4	2232.35543979	-274.476968543	30.8753376393
31.45	2384.50707499	-276.673067284	32.979721657
31.5	2246.55905073	-274.784955749	31.0717854252
31.55	2360.94091613	-276.302416241	32.6537820245
31.6	2528.11819192	-278.628295698	34.9659831837
31.65	2165.68778648	-273.551893026	29.9532683896
31.7	2460.66879724	-277.790079246	34.0331017987
31.75	2427.98565579	-277.248689684	33.5810666929
31.8	2178.25255242	-273.675836845	30.1270495822
31.85	2405.22269271	-276.896486316	33.266235928
31.9	2461.96648922	-277.752347263	34.0510499611
31.95	2387.20233111	-276.721769767	33.0169992971
32.0	2384.60866181	-276.720935456	32.9811266874
32.05	2456.92106043	-277.655786785	33.9812674728
32.1	2351.25675286	-276.243944138	32.5198419693
32.15	2374.24152214	-276.648101823	32.8377404989
32.2	2390.38328881	-276.81842579	33.0609945951
32.25	2499.78940245	-278.176356379	34.5741723975
32.3	2424.34815747	-277.168257123	33.5307570573
32.35	2408.65516882	-277.074023308	33.3137099354
32.4	2249.45608413	-274.83856545	31.1118538134
32.45	2222.57379835	-274.45166985	30.7400493798
32.5	2360.3904693	-276.297930648	32.6461688856
32.55	2155.33521129	-273.338487656	29.81008364
32.6	2436.44804865	-277.477033354	33.6981086444
32.65	2071.7239668	-272.246836751	28.6536703925
32.7	2495.94437449	-278.232020664	34.5209924539
32.75	2465.77555572	-277.819362002	34.1037325278
32.8	2278.96585507	-275.308417887	31.5199985582
32.85	2511.846571	-278.477023568	34.7409330949
32.9	2324.14781705	-275.840256276	32.1449027767
32.95	2075.88796343	-272.293066899	28.7112619388
33.0	2294.45749997	-275.492089722	31.7342609281
33.05	2461.93210696	-277.908160127	34.0505744258
33.1	2374.41321291	-276.49558787	32.8401151256
33.15	2386.48891428	-276.697857948	33.0071321473
33.2	2283.52006683	-275.24719271	31.5829871054
33.25	2467.34615161	-277.880280683	34.125455179
33.3	2490.7964427	-278.17708858	34.4497922636
33.35	2634.11669056	-280.197917319	36.4320308285
33.4	2367.99876341	-276.417515153	32.751397939
33.45	2322.69935093	-275.898067455	32.1248692821
33.5	2283.92518025	-275.314984531	31.5885901619
33.55	2216.94374278	-274.233139503	30.6621810154
33.6	2360.63809065	-276.25006801	32.6495936955
33.65	2045.40737655	-271.857385321	28.2896899998
33.7	2295.05883917	-275.351447236	31.7425779508
33.75	2399.14240438	-276.895709372	33.1821404691
33.8	2071.98763231	-272.308541487	28.6573171063
33.85	2322.58704158	-275.803423222	32.1233159502
33.9	2104.37500704	-272.689340344	29.1052615117
33.95	2283.32357806	-275.274487427	31.5802695019
34.0	2400.76981934	-276.93373459	33.2046489753
34.05	2405.68287858	-276.987224413	33.2726006823
34.1	2353.19183371	-276.253600117	32.5466057514
34.15	2443.80401378	-277.44276436	33.7998477773
34.2	2216.43710609	-274.296589755	30.6551738075
34.25	2189.02236363	-273.926320884	30.2760050539
34.3	2029.48518911	-271.727877885	28.0694728674
34.35	2245.329482	-274.709124564	31.0547794641
34.4	2389.67122078	-276.709711317	33.0511461004
34.45	2288.40020078	-275.326431361	31.6504834283
34.5	2243.76401807	-274.722440561	31.0331277924
34.55	2283.54702097	-275.232169217	31.5833599037
34.6	2426.15343773	-277.284249678	33.555725589
34.65	2259.79780427	-274.892080996	31.2548884285
34.7	2170.1945027	-273.565562666	30.0156000337
34.75	2354.02532278	-276.182359991	32.5581336005
34.8	2288.40099224	-275.265831333	31.6504943748
34.85	2328.22865884	-275.830443973	32.2013442223
34.9	2285.80493321	-275.304775405	31.6145887132
34.95	2307.52690183	-275.555272541	31.9150216565
35.0	2058.72133904	-272.027829509	28.4738332056
35.05	2125.8025569	-273.096401316	29.401622398
35.1	2250.43710471	-274.793455439	31.1254221463
35.15	2286.79998384	-275.258279016	31.6283510932
35.2	2260.66111621	-274.876295757	31.2668287527
35.25	2169.75480249	-273.644809279	30.0095186131
35.3	2328.30667199	-275.952631211	32.2024232093
35.35	2407.47870886	-276.973010391	33.2974385129
35.4	2189.09729049	-273.827804789	30.2770413549
35.45	2449.23299514	-277.549928048	33.8749351175
35.5	2402.81324814	-276.975030616	33.2329113
35.55	2130.48657593	-273.199337865	29.466406288
35.6	2337.02467333	-276.074633255	32.3230004391
35.65	2545.45705171	-278.965724179	35.2057940762
35.7	2358.3957612	-276.347422033	32.6185804089
35.75	2341.19835304	-276.066222926	32.3807259105
35.8	2375.22377661	-276.554448429	32.8513258976
35.85	2624.05688333	-280.037310469	36.292895304
35.9	2247.05022887	-274.678296692	31.0785788286
35.95	2453.52199476	-277.6189225	33.9342555595
36.0	2288.73496766	-275.327822927	31.6551135334
36.05	2104.56397013	-272.726949373	29.1078750288
36.1	2070.06879842	-272.282699462	28.6307780333
36.15	2402.38923154	-276.956280748	33.2270467968
36.2	2342.29149765	-276.11697826	32.3958450122
36.25	2236.45613398	-274.507472018	30.9320536601
36.3	2347.35216642	-276.184672914	32.4658382822
36.35	2404.40097588	-276.938838216	33.2548708989
36.4	2367.80281299	-276.433106247	32.7486877812
36.45	2402.9771766	-276.885138823	33.2351785673
36.5	2328.78687631	-275.915169049	32.2090648354
36.55	2492.81329952	-278.105711112	34.4776870755
36.6	2278.15672142	-275.095858936	31.508807565
36.65	2330.07536942	-275.934838248	32.2268857699
36.7	2397.1421524	-276.826658049	33.154475316
36.75	2381.13412037	-276.649198649	32.9330708813
36.8	2293.97181399	-275.386539482	31.727543486
36.85	2168.20091148	-273.705018575	29.9880270045
36.9	2474.95255692	-277.915578145	34.2306581086
36.95	2161.49414226	-273.49544399	29.8952667922
37.0	2156.86591371	-273.533768725	29.8312545312
37.05	2307.508131	-275.612099199	31.9147620403
37.1	2165.71975614	-273.581621797	29.9537105566
37.15	2498.55915127	-278.235141509	34.5571569976
37.2	2390.72646632	-276.816237113	33.0657410264
37.25	2378.39768705	-276.609433206	32.8952237262
37.3	2041.52051817	-271.879201277	28.2359315065
37.35	2485.26386789	-278.147696846	34.3732721395
37.4	2447.02358633	-277.495431599	33.844377151
37.45	2223.16650265	-274.385950189	30.7482469746
37.5	2291.0116495	-275.307364901	31.6866019421
37.55	2221.46561843	-274.357420705	30.7247223273
37.6	2264.78969161	-274.940278912	31.3239303939
37.65	2404.65763948	-276.967369775	33.2584207705
37.7	2542.82216233	-278.893580788	35.1693513583
37.75	2011.8383405	-271.488854651	27.8254022328
37.8	2520.16326778	-278.532357191	34.855959948
37.85	2283.39655324	-275.302576347	31.5812788095
37.9	2296.70040051	-275.496076508	31.7652821134
37.95	2376.92398137	-276.58344929	32.8748411475
38.0	2093.56007773	-272.568086015	28.955682019
38.05	2328.05917415	-275.989796355	32.1990001077
38.1	2406.09229782	-277.011964198	33.2782632919
38.15	2248.40411699	-274.728118551	31.0973042305
38.2	2150.44836007	-273.324301339	29.7424944118
38.25	2563.90905022	-279.101886616	35.4610006055
38.3	2328.40430275	-276.01653059	32.203773524
38.35	2151.8862015	-273.472894459	29.762380958
38.4	2239.7295248	-274.573180209	30.9773273854
38.45	2359.39742937	-276.297295557	32.6324343152
38.5	2544.95591456	-278.97168559	35.1988629314
38.55	2051.22533921	-271.885736429	28.3701572759
38.6	2387.83170851	-276.70896313	33.0257041115
38.65	2538.49700473	-278.812486905	35.1095308213
38.7	2430.11140669	-277.338953233	33.6104676009
38.75	2322.64736388	-275.781257401	32.1241502579
38.8	2282.40899106	-275.313811183	31.5676200008
38.85	2488.80575576	-278.189408887	34.4222594028
38.9	2378.15812842	-276.568710866	32.8919104305
38.95	2348.80627192	-276.138893066	32.4859497741
39.0	2351.33850168	-276.258983086	32.5209726237
39.05	2129.67738353	-273.054310769	29.4552144821
39.1	2498.07433971	-278.226658011	34.5504516494
39.15	2440.78623807	-277.452021172	33.7581094222
39.2	2470.62105374	-277.987445107	34.1707498068
39.25	2370.13898281	-276.465342636	32.7809989584
39.3	2046.3109046	-271.777000506	28.3021865463
39.35	2109.31886862	-272.765446309	29.1736392408
39.4	2060.22511735	-272.080004093	28.4946317138
39.45	2237.20651411	-274.626366624	30.9424320432
39.5	2215.71040047	-274.355836083	30.6451228627
39.55	2137.14496774	-273.236787055	29.5584974002
39.6	2177.9232556	-273.781509716	30.1224951325
39.65	2135.56563498	-273.149338884	29.5366539108
39.7	2301.99425895	-275.511164319	31.838500591
39.75	2259.25090892	-275.019695972	31.2473244096
39.8	2112.31315064	-272.833176278	29.2150526585
39.85	2209.8617821	-274.173674461	30.5642315925
39.9	2246.42046988	-274.685806193	31.0698687364
39.95	2377.13313483	-276.65074223	32.8777339143
40.0	2312.80083142	-275.752276667	31.9879645014
40.05	2284.41892513	-275.32076835	31.5954190654
40.1	2307.40047661	-275.665424503	31.9132730902
40.15	2315.45356814	-275.812419024	32.0246540629
40.2	2401.05016083	-276.899725314	33.208526332
40.25	2336.87040165	-275.986836948	32.3208667331
40.3	2347.45782708	-276.128544316	32.4672996573
40.35	2310.98907754	-275.541910846	31.9629064342
40.4	2269.44384182	-275.044273209	31.3883011732
40.45	2361.4336774	-276.39798295	32.6605973238
40.5	2095.68879106	-272.624521253	28.9851238998
40.55	2211.20287858	-274.331284903	30.5827800754
40.6	2192.72646915	-274.053343994	30.3272359226
40.65	2389.17918511	-276.791192992	33.0443408367
40.7	2356.40458028	-276.315228255	32.5910407161
40.75	2373.70301877	-276.614029652	32.8302925483
40.8	2315.90278255	-275.727806344	32.0308670728
40.85	2234.25285834	-274.520151099	30.9015805204
40.9	2368.81966958	-276.449746976	32.762751756
40.95	2209.97840031	-274.272333217	30.5658445196
41.0	2375.07665687	-276.482917968	32.8492911088
41.05	2330.56648631	-275.949025269	32.2336783261
41.1	2171.37696784	-273.706553195	30.0319545129
41.15	2468.89355076	-277.904469466	34.1468569998
41.2	2461.81974347	-277.782977916	34.049020345
41.25	2478.85048687	-278.008795192	34.2845697308
41.3	2293.47284136	-275.400433424	31.7206422783
41.35	2337.41473366	-276.002652216	32.3283952988
41.4	2325.5330003	-275.861550004	32.1640610164
41.45	2402.55595617	-276.947879059	33.2293527375
41.5	2376.95730138	-276.589574902	32.8753019911
41.55	2367.00517831	-276.496861744	32.7376558284
41.6	2469.37150177	-277.912330165	34.1534674609
41.65	2300.59361381	-275.435151886	31.8191285004
41.7	2381.51232974	-276.645843823	32.9383018324
41.75	2455.34626173	-277.706419366	33.9594866933
41.8	2273.81855614	-275.036590972	31.448807121
41.85	2387.24506721	-276.745888741	33.0175903729
41.9	2141.2958167	-273.386531608	29.6159071032
41.95	2444.56805441	-277.576481036	33.8104150965
42.0	2188.13512486	-273.85947807	30.2637338017
42.05	2397.86497694	-276.76372119	33.1644725822
42.1	2346.36431044	-276.093738952	32.4521754101
42.15	2311.71677333	-275.590948288	31.972971074
42.2	2270.0282484	-274.989439187	31.3963840035
42.25	2436.64906382	-277.469092541	33.7008888517
42.3	2279.32365472	-275.174937088	31.5249472259
42.35	2183.49377318	-273.762182868	30.1995400368
42.4	2289.65951257	-275.307467494	31.6679007606
42.45	2347.27936497	-276.108218787	32.4648313774
42.5	2259.96557572	-274.896517752	31.2572088476
42.55	2364.90613432	-276.379396912	32.7086242992
42.6	2069.30388693	-272.262654575	28.6201986694
42.65	2222.87561415	-274.360065134	30.744223744
42.7	2336.92347026	-275.967106738	32.3216007162
42.75	2265.83188848	-275.027345206	31.3383448459
42.8	2318.08057923	-275.79962047	32.0609878173
42.85	2338.27130025	-275.953956488	32.3402423291
42.9	2699.19919732	-281.136312588	37.3321761793
42.95	2450.90604005	-277.632792336	33.8980747242
43.0	2110.67981689	-272.839106236	29.1924622905
43.05	2486.69773162	-278.198680746	34.3931036707
43.1	2544.32041467	-278.970018174	35.1900734378
43.15	1998.2533976	-271.21019403	27.6375111418
43.2	2502.92641255	-278.380395149	34.6175598637
43.25	2464.73738342	-277.836443121	34.0893737391
43.3	2404.62245479	-276.977719022	33.2579341369
43.35	2489.51597207	-278.183080819	34.4320822867
43.4	2279.85264635	-275.160476578	31.5322636213
43.45	2707.5449956	-281.226421827	37.4476055304
43.5	2093.48128473	-272.48989795	28.9545922462
43.55	2388.12487258	-276.752285238	33.029758815
43.6	2370.74160664	-276.473161142	32.7893337485
43.65	2009.34832355	-271.378197079	27.7909632215
43.7	2469.12110211	-277.983278746	34.1500042248
43.75	2116.87995592	-272.847428165	29.2782153846
43.8	2330.14279133	-275.860472302	32.2278182711
43.85	2630.03230056	-280.100738433	36.3755403081
43.9	2553.31565653	-278.952917903	35.3144851353
43.95	2136.4201553	-273.157943338	29.5484726395
44.0	2455.22991175	-277.648426137	33.9578774761
44.05	2064.61753651	-272.146948254	28.5553825343
44.1	2068.75971776	-272.269738992	28.6126723559
44.15	2276.23473581	-275.214175983	31.482224901
44.2	2192.43087117	-274.015556471	30.323147556
44.25	2429.27266446	-277.38300792	33.5988670963
44.3	2253.31400283	-274.838815097	31.1652120468
44.35	2429.83083356	-277.173773615	33.6065870404
44.4	2319.91261899	-275.710127784	32.0863264552
44.45	2112.25563147	-272.843157498	29.2142571204
44.5	2467.19863785	-277.853697334	34.1234149406
44.55	2280.90048799	-275.190701656	31.5467561452
44.6	2350.25779086	-276.227717818	32.5060254916
44.65	2334.36553625	-276.037433181	32.2862223554
44.7	2314.86445991	-275.673893316	32.0165062047
44.75	2290.79640591	-275.302828954	31.6836249437
44.8	2240.09438767	-274.635417963	30.9823737432
44.85	2322.35345472	-275.849620092	32.120085249
44.9	2234.6026758	-274.583565694	30.9064187876
44.95	2221.0186455	-274.401105809	30.7185403188
45.0	2455.52753632	-277.691356793	33.9619938722
45.05	2060.87704276	-272.079879372	28.503648386
45.1	2354.41223531	-276.257955008	32.5634849235
45.15	2321.06245355	-275.782721034	32.1022296262
45.2	2474.73314895	-277.955278582	34.2276235133
45.25	2516.1227998	-278.629794371	34.8000769059
45.3	2308.87536503	-275.685884418	31.9336720273
45.35	2220.48806479	-274.449637244	30.711201945
45.4	2401.86740327	-276.941864673	33.2198294765
45.45	2237.98188558	-274.574290806	30.9531560774
45.5	2481.81616961	-277.995124246	34.3255875967
45.55	2156.57201471	-273.306622856	29.8271896629
45.6	2377.32009448	-276.542996898	32.8803197221
45.65	2248.46001194	-274.765229319	31.0980773043
45.7	2337.04960251	-275.969912977	32.3233452304
45.75	2348.22588712	-276.200031343	32.4779225683
45.8	2497.24119573	-278.315577808	34.5389285732
45.85	2558.47296604	-279.182716243	35.3858150273
45.9	2190.27719861	-273.950372881	30.2933604682
45.95	2316.48400809	-275.774270234	32.0389059067
46.0	2317.45614409	-275.693812964	32.0523513584
46.05	2365.50359145	-276.225273903	32.7168876297
46.1	2296.81821493	-275.363126982	31.766911585
46.15	2474.23580156	-278.046429421	34.2207447841
46.2	2326.21322181	-275.896784018	32.1734690472
46.25	2408.08351906	-276.936163715	33.3058035424
46.3	2202.05105062	-274.124785065	30.4562026616
46.35	2443.8584528	-277.55909352	33.8006007143
46.4	2352.34386808	-276.158331805	32.5348776795
46.45	2607.3173236	-279.847809495	36.0613732312
46.5	2346.50216115	-276.176213086	32.4540820004
46.55	2496.99316049	-278.312804097	34.535498039
46.6	2275.12009325	-275.13433053	31.4668084647
46.65	2524.74845711	-278.717635127	34.9193769406
46.7	2433.62683664	-277.444649098	33.6590889292
46.75	2476.59320602	-277.898776787	34.253349654
46.8	2416.9014037	-277.167417411	33.4277622417
46.85	2530.10947426	-278.842862783	34.9935242793
46.9	2114.25278326	-272.834758531	29.2418793954
46.95	2513.41126581	-278.476623304	34.7625741292
47.0	2437.71087779	-277.443258621	33.7155746246
47.05	2172.71725259	-273.721664942	30.0504917688
47.1	2300.59454974	-275.427970282	31.8191414451
47.15	2609.0583862	-279.877085869	36.0854535791
47.2	2347.3349015	-276.182544787	32.4655994939
47.25	2313.17184764	-275.67305935	31.9930959652
47.3	2212.60899127	-274.244017596	30.6022277867
47.35	2252.07670909	-274.809684855	31.1480992424
47.4	2484.58306812	-278.090152447	34.3638561108
47.45	2423.97365937	-277.272223567	33.5255774363
47.5	2413.16193081	-277.119234658	33.3760422127
47.55	2561.19810409	-279.132970461	35.4235059594
47.6	2144.988143	-273.217559482	29.6669750555
47.65	2387.51016327	-276.656146812	33.0212568727
47.7	2306.87885416	-275.5157055	31.9060586167
47.75	2265.37912425	-275.018691194	31.332082739
47.8	2417.94054552	-277.157206965	33.4421344398
47.85	2268.70245101	-275.073389769	31.3780471199
47.9	2369.76883768	-276.422751265	32.7758795424
47.95	2382.21497466	-276.620461941	32.9480199976
48.0	2373.20422278	-276.475763608	32.8233937837
48.05	2393.17500226	-276.717879427	33.0996063206
48.1	2332.97358433	-275.879886133	32.2669704993
48.15	1989.99739734	-271.082692531	27.5233237724
48.2	2122.08014521	-272.955857243	29.3501383397
48.25	2241.16246899	-274.629218256	30.9971461987
48.3	2262.61260905	-274.895254404	31.2938195264
48.35	2099.56478189	-272.630016573	29.0387320859
48.4	2308.99624206	-275.57761235	31.9353438573
48.45	1968.72149925	-270.782492954	27.2290603565
48.5	2211.14099388	-274.278795274	30.5819241583
48.55	2364.38274007	-276.408405418	32.7013853202
48.6	2420.3262258	-277.172870132	33.4751303878
48.65	2100.8532655	-272.645789779	29.0565528888
48.7	2290.65508287	-275.251492052	31.6816703283
48.75	2276.4537883	-275.048717785	31.4852545797
48.8	2162.95002864	-273.377013378	29.9154029152
48.85	2494.87572367	-278.168505673	34.5062121217
48.9	2296.1330417	-275.512677829	31.7574350677
48.95	2388.91000072	-276.713226397	33.0406177921
49.0	2530.14099754	-278.736446261	34.9939602726
49.05	2521.43283205	-278.672919473	34.8735190808
49.1	2297.2032239	-275.433443765	31.7722365802
49.15	2242.37285905	-274.786277584	31.0138869028
49.2	2515.21210781	-278.515983024	34.787481276
49.25	2276.80500115	-275.125810391	31.4901121464
49.3	2513.39038407	-278.530498034	34.7622853173
49.35	2240.44523815	-274.750363603	30.987226298
49.4	2244.89848651	-274.751462256	31.048818437
49.45	2328.32888861	-275.79302348	32.2027304837
49.5	2450.01019512	-277.544543337	33.8856844416
49.55	2500.26797941	-278.263087639	34.580791516
49.6	2316.31382954	-275.65900732	32.0365521954
49.65	2073.23845522	-272.287790781	28.6746170304
49.7	2074.32933251	-272.346382688	28.6897047732
49.75	2357.99601027	-276.260914562	32.6130515201
49.8	2219.56695633	-274.351743872	30.6984622468
49.85	2339.73470369	-276.050650831	32.3604824192
49.9	2427.40027112	-277.322465937	33.5729703348
49.95	2149.77773137	-273.37392886	29.7332190575
50.0	2302.65832709	-275.57596903	31.8476852072
50.05	2392.69616652	-276.838436413	33.0929836229
50.1	2203.26464473	-274.096228793	30.4729876803
50.15	2296.20802507	-275.572079992	31.7584721503
50.2	2293.22423384	-275.377921252	31.717203829
50.25	2164.87224073	-273.537054962	29.9419887116
50.3	2360.41912475	-276.412640488	32.6465652145
50.35	2348.9273356	-276.209232216	32.4876241857
50.4	2323.83578773	-275.813269376	32.1405871509
50.45	2295.82927211	-275.430103535	31.753233681
50.5	2341.98013328	-276.102753759	32.3915385834
50.55	2347.89787806	-276.197552297	32.4733859293
50.6	2217.91593648	-274.326922032	30.6756272652
50.65	2163.4811907	-273.462422571	29.9227493295
50.7	2242.59294975	-274.700331591	31.0169309407
50.75	2223.69668857	-274.470180126	30.7555798881
50.8	2387.91744105	-276.71634021	33.0268898641
50.85	2374.27373237	-276.520973347	32.8381859934
50.9	2510.62620311	-278.513821304	34.7240543891
50.95	2266.94547634	-274.970794052	31.3537466948
51.0	2055.9730003	-272.010369284	28.4358213885
51.05	2319.10731357	-275.846899125	32.0751884096
51.1	2479.02987279	-277.977604413	34.2870507878
51.15	2258.2954994	-274.808038285	31.2341102991
51.2	2195.40513074	-273.970434022	30.3642840466
51.25	2202.659199	-274.086650442	30.464613861
51.3	2572.20364406	-279.349706583	35.5757217564
51.35	2374.27472015	-276.50730808	32.8381996552
51.4	2213.19697839	-274.235813955	30.6103601389
51.45	2316.21654255	-275.737970901	32.0352066353
51.5	2201.0589386	-274.07537116	30.4424809248
51.55	2412.78833714	-277.047475714	33.3708751006
51.6	2356.88193101	-276.336339158	32.5976428748
51.65	2377.75492818	-276.577701579	32.8863338349
51.7	2472.78053002	-277.806106154	34.2006171649
51.75	2505.96587748	-278.392472826	34.6595981987
51.8	2192.98361774	-274.009287052	30.3307925021
51.85	2298.60658477	-275.457175893	31.7916462315
51.9	2424.8085141	-277.26385134	33.5371241735
51.95	2425.14168967	-277.310402035	33.5417322694
52.0	2345.21002996	-276.130988855	32.4362107482
52.05	2068.11009213	-272.210122642	28.6036874915
52.1	2479.56088389	-277.988067531	34.2943951141
52.15	2435.42265294	-277.412982469	33.6839265665
52.2	2128.26604943	-272.961460403	29.4356945544
52.25	2510.78179143	-278.343411352	34.7262063054
52.3	2435.64046801	-277.370954966	33.6869391305
52.35	2570.42537612	-279.289257929	35.5511268277
52.4	2277.0510076	-275.137165258	31.4935146207
52.45	2267.4381605	-274.938401585	31.3605609276
52.5	2448.75311524	-277.507779516	33.8682979784
52.55	2040.56531958	-271.864745489	28.2227203134
52.6	2178.15920096	-273.727453904	30.1257584537
52.65	2250.39677138	-274.882271819	31.1248643027
52.7	2265.77084433	-275.082573341	31.3375005544
52.75	2449.20065839	-277.544494507	33.8744878734
52.8	2258.0955003	-274.767302793	31.2313441448
52.85	2465.66821015	-277.792931859	34.1022478491
52.9	2472.02157107	-277.938561336	34.1901201296
52.95	2473.11384695	-277.867209713	34.2052272161
53.0	2329.17644448	-275.841346646	32.2144528883
53.05	2329.43377822	-275.944052345	32.2180120284
53.1	2361.3720234	-276.460611101	32.6597445975
53.15	2484.03769498	-278.166014265	34.3563131455
53.2	2107.66872853	-272.7479378	29.150816427
53.25	2442.62471181	-277.486361184	33.7835370475
53.3	2035.48255734	-271.789714661	28.1524214723
53.35	2389.36126532	-276.741649263	33.0468591579
53.4	2331.29045275	-275.92137597	32.2436913858
53.45	2486.26477221	-278.195661424	34.387115481
53.5	2359.86103549	-276.2853942	32.6388463745
53.55	2475.13155963	-278.029702159	34.2331338653
53.6	2036.76070745	-271.793942105	28.1700993543
53.65	2204.86217735	-274.106812483	30.4950828889
53.7	2528.41673708	-278.75986833	34.9701123123
53.75	2257.64268976	-274.902899131	31.2250813974
53.8	2242.79821745	-274.6904047	31.0197699642
53.85	2111.39071769	-272.80416708	29.2022946414
53.9	2547.68471873	-278.934084243	35.2366045689
53.95	2334.89121647	-275.879384469	32.2934929512
54.0	2380.28349353	-276.524567503	32.9213060026
54.05	2023.83955361	-271.593050326	27.9913890197
54.1	2366.32529208	-276.377549172	32.7282524347
54.15	2089.63315522	-272.458269401	28.9013694055
54.2	2360.1427074	-276.31638068	32.6427421319
54.25	2166.34701862	-273.576367851	29.96238612
54.3	2356.99713774	-276.297692324	32.59923628
54.35	2583.87587073	-279.448873251	35.7371583866
54.4	2257.81312974	-274.857666282	31.2274387244
54.45	2297.83974505	-275.426277339	31.7810401985
54.5	2203.72566219	-274.100910571	30.4793639363
54.55	2378.48186863	-276.528995221	32.8963880276
54.6	2270.44942502	-274.987121415	31.4022092276
54.65	2462.35973566	-277.639087579	34.0564888874
54.7	2327.88928961	-275.837759576	32.1966504628
54.75	2539.4847848	-278.880151368	35.1231926435
54.8	2271.02481488	-275.145366493	31.4101673492
54.85	2517.24864634	-278.543062869	34.8156483025
54.9	2348.01075031	-276.069258778	32.4749470467
54.95	2514.78025263	-278.505824374	34.7815083587
55.0	2236.57574975	-274.633003475	30.9337080461
55.05	2206.82453223	-274.274393689	30.5222238935
55.1	2382.92129813	-276.598720342	32.9577890404
55.15	2326.40742092	-275.871426234	32.1761549829
55.2	2394.62325609	-276.84680088	33.1196368791
55.25	2449.16317605	-277.51269015	33.8739694614
55.3	2460.51025333	-277.750600628	34.0309090042
55.35	2385.16996372	-276.711351956	32.988889961
55.4	2189.77113351	-273.956340452	30.2863611659
55.45	2344.06330192	-276.147877076	32.4203505431
55.5	2149.5830726	-273.372649935	29.7305267644
55.55	2327.74433933	-275.949685086	32.1946456795
55.6	2134.02651886	-273.202906421	29.5153666512
55.65	2143.5235439	-273.321648115	29.6467184285
55.7	2507.21335354	-278.397005367	34.676851833
55.75	2263.54939587	-275.009910382	31.3067760694
55.8	2458.87801836	-277.75701359	34.0083338332
55.85	2332.56541444	-275.992921342	32.2613251693
55.9	2260.55467175	-274.967089468	31.2653565371
55.95	2490.00090151	-278.148598723	34.4387892653
56.0	2416.96369475	-277.10558101	33.4286237789
56.05	2457.12269583	-277.698268705	33.9840562585
56.1	2259.85292782	-274.960663053	31.2556508332
56.15	2435.37147002	-277.345754139	33.683218664
56.2	2209.669122	-274.27074119	30.5615669427
56.25	2143.21365989	-273.314104952	29.6424324741
56.3	2147.88455936	-273.319432294	29.7070349096
56.35	2425.84312651	-277.178114704	33.551433726
56.4	2307.01056814	-275.540989908	31.9078803309
56.45	2191.31577517	-273.960268597	30.3077248483
56.5	2397.89764345	-276.862314197	33.1649243872
56.55	2233.13185489	-274.470033275	30.8860761077
56.6	2369.34982439	-276.455829827	32.7700842392
56.65	2463.08613669	-277.773964994	34.0665356196
56.7	1950.59362438	-270.498926536	26.9783367274
56.75	2566.26152867	-279.212303103	35.4935373445
56.8	2443.76752772	-277.542332327	33.7993431447
56.85	2514.29623366	-278.541384615	34.7748139726
56.9	2521.44296787	-278.583720392	34.8736592676
56.95	2135.21267151	-273.162666901	29.5317721316
57.0	2213.41703603	-274.319478615	30.6134037196
57.05	2210.51980987	-274.215071744	30.5733326654
57.1	1987.99062657	-271.122238545	27.4955684588
57.15	2325.37379607	-275.795267198	32.1618590891
57.2	2501.23305023	-278.289536228	34.5941392504
57.25	2217.28476495	-274.32269703	30.6668976365
57.3	2252.60049098	-274.809489016	31.1553435828
57.35	2370.55016364	-276.495851486	32.7866859321
57.4	2389.87147731	-276.719409604	33.0539158152
57.45	2389.44332783	-276.763689001	33.0479941509
57.5	2318.8129719	-275.775208053	32.0711174188
57.55	2302.53909975	-275.461616472	31.8460361936
57.6	2437.05057916	-277.379553415	33.7064421438
57.65	2429.61716493	-277.269949333	33.6036318251
57.7	2211.08518105	-274.166529636	30.5811522203
57.75	2576.51351412	-279.394807066	35.6353308541
57.8	2509.16952469	-278.593243378	34.7039073117
57.85	2408.17090052	-277.018331216	33.307012101
57.9	2549.51885153	-279.010023763	35.2619721553
57.95	2419.77175495	-277.186853688	33.4674615935
58.0	2382.24267599	-276.651467926	32.9484031302
58.05	2206.98798689	-274.159942465	30.5244846078
58.1	2544.19767239	-278.827748084	35.1883758097
58.15	2196.71845935	-274.020348913	30.3824484766
58.2	2248.90194738	-274.783368286	31.10418964
58.25	2237.10970221	-274.680278934	30.9410930539
58.3	2141.90103733	-273.273141497	29.6242778094
58.35	2282.86868352	-275.258129318	31.5739779309
58.4	2298.61721835	-275.381618784	31.7917933027
58.45	2146.90096732	-273.239494177	29.6934310114
58.5	2386.71072662	-276.61161837	33.0101999969
58.55	2174.04757691	-273.630004137	30.0688912637
58.6	2560.82052976	-279.165710865	35.4182837915
58.65	2137.65954012	-273.256082652	29.5656143653
58.7	2234.13970874	-274.582362907	30.900015567
58.75	2240.06527477	-274.644615447	30.9819710876
58.8	2558.56479959	-279.141317192	35.3870851619
58.85	2094.28097424	-272.513756697	28.9656526191
58.9	2332.44058197	-275.934932189	32.2595986321
58.95	2342.78987478	-276.096962376	32.4027379836
59.0	2245.70398956	-274.714794326	31.059959216
59.05	1966.42250154	-270.673751913	27.1972633006
59.1	2386.390142	-276.709373761	33.0057660443
59.15	2247.9136002	-274.761713773	31.0905199742
59.2	1897.74786928	-269.785144113	26.2474358581
59.25	2295.4874054	-275.4298654	31.7485053792
59.3	2168.52451844	-273.638393075	29.9925027586
59.35	2604.5532824	-279.789763123	36.0231442361
59.4	2271.06830444	-275.13454125	31.4107688461
59.45	2155.58591996	-273.509306825	29.8135511501
59.5	2348.41467533	-276.11466015	32.4805336666
59.55	2377.09613261	-276.509395807	32.8772221427
59.6	2308.96646564	-275.561656609	31.9349320247
59.65	2028.30587317	-271.551603252	28.0531619444
59.7	2512.86206031	-278.358422699	34.7549781591
59.75	2268.21335602	-274.878452977	31.3712825282
59.8	2374.38872888	-276.463916803	32.839776491
59.85	2373.92469743	-276.535370828	32.8333585491
59.9	2387.72309138	-276.699592736	33.024201846
59.95	1995.3748641	-271.245961228	27.5976986227
60.0	2205.8127147	-274.198895381	30.5082296133
60.05	2259.11305683	-274.890968311	31.2454178004
60.1	2084.33509689	-272.3620933	28.8280928399
60.15	2349.06395045	-276.190637465	32.4895136831
60.2	2456.21451736	-277.747236616	33.9714953929
60.25	2325.1194825	-275.936491534	32.1583417204
60.3	2461.38332221	-277.708295878	34.042984275
60.35	2484.3339019	-277.991127454	34.3604099341
60.4	2170.46106964	-273.607926371	30.0192868768
60.45	2327.12087426	-275.870002151	32.1860226376
60.5	2276.13139514	-275.079976723	31.4807956134
60.55	2574.94113698	-279.316933952	35.6135835667
60.6	2238.09933895	-274.660375241	30.9547805554
60.65	2431.66867311	-277.362272998	33.6320058944
60.7	2431.43345322	-277.28343625	33.628752607
60.75	2227.96705878	-274.489907422	30.8146426698
60.8	2346.60629533	-276.161868549	32.4555222629
60.85	2229.88840369	-274.467580452	30.8412164725
60.9	2368.55668782	-276.517685798	32.7591144989
60.95	2309.13413986	-275.600872233	31.937251099
61.0	2248.21104844	-274.71100009	31.0946339314
61.05	2402.0989688	-276.943987911	33.223032221
61.1	2290.06035396	-275.328337378	31.6734447314
61.15	2387.63918566	-276.689247949	33.0230413599
61.2	2253.97828842	-274.789309964	31.1743996705
61.25	2235.13412215	-274.553753309	30.9137691339
61.3	2371.01581535	-276.43284476	32.7931262836
61.35	2399.2159309	-276.843087647	33.1831574022
61.4	2064.57848948	-272.128303947	28.5548424813
61.45	2519.87876319	-278.626419981	34.8520250122
61.5	2253.63872055	-274.845961194	31.1697031637
61.55	2265.89402629	-274.958763152	31.3392042636
61.6	2307.222646	-275.530551415	31.9108135445
61.65	2112.97756545	-272.767828539	29.2242420695
61.7	2415.73874333	-277.00239551	33.411681679
61.75	2408.50126186	-276.975683086	33.3115812738
61.8	2355.19111505	-276.264839706	32.5742574798
61.85	2473.85151726	-277.963141341	34.2154298117
61.9	2368.73268837	-276.488570563	32.7615487334
61.95	2223.33917741	-274.396100393	30.7506352105
62.0	2284.72129851	-275.262074386	31.5996011415
