# 	 t 	 T	E	K
2.05	2520.28873761	-288.422418412	34.8576953003
2.1	2570.25298985	-289.094443715	35.5487425817
2.15	2494.01445534	-288.063068923	34.4943000624
2.2	2516.06318379	-288.26522528	34.7992523666
2.25	2376.17585334	-286.306271241	32.8644939129
2.3	2358.01333706	-286.098012044	32.6132911641
2.35	2486.06235022	-287.878721904	34.384315816
2.4	2513.11215997	-288.287216045	34.7584372459
2.45	2500.42700076	-288.046200326	34.5829909139
2.5	2429.22449149	-287.019211765	33.5982008239
2.55	2478.30102289	-287.750093786	34.2769701858
2.6	2138.43164339	-282.997334963	29.5762931976
2.65	2219.32014734	-284.207814314	30.6950486726
2.7	2207.69734849	-283.939791476	30.5342956704
2.75	2607.5737594	-289.540775714	36.0649199522
2.8	2449.266027	-287.33345078	33.8753919758
2.85	2402.10354738	-286.695639859	33.2230955465
2.9	2392.81423317	-286.526152543	33.0946165832
2.95	2539.48717901	-288.571889599	35.1232257575
3.0	2193.17738058	-283.778092791	30.3334724037
3.05	2678.18520345	-290.649857518	37.0415351172
3.1	2469.47032803	-287.662567285	34.1548343106
3.15	2029.60805244	-281.434054216	28.0711721698
3.2	2296.36747629	-285.26177758	31.7606774937
3.25	2372.78612332	-286.333396776	32.8176111195
3.3	2276.12951613	-284.868263036	31.4807696251
3.35	2421.3203894	-286.878078618	33.4888804995
3.4	2193.00301345	-283.672473229	30.331060761
3.45	2797.17838556	-292.220927253	38.6873100727
3.5	2556.84830431	-288.817777747	35.3633446005
3.55	2536.75267962	-288.603410946	35.0854053502
3.6	2329.23648246	-285.713601238	32.2152832636
3.65	2067.62933412	-282.034787163	28.5970382073
3.7	2169.51685187	-283.456098952	30.0062275576
3.75	2490.57601563	-288.008246803	34.4467435733
3.8	2241.05651428	-284.447755798	30.9956807567
3.85	2421.18706122	-286.933865321	33.4870364597
3.9	2469.08731218	-287.572760721	34.1495368819
3.95	2469.16822245	-287.628594369	34.1506559384
4.0	2246.4964285	-284.526710988	31.0709193075
4.05	2482.82085158	-287.820781367	34.3394831863
4.1	2509.73043151	-288.183662498	34.7116651208
4.15	2251.50673954	-284.469114269	31.1402160881
4.2	2465.07378842	-287.481738141	34.0940265008
4.25	2495.4174753	-288.014023093	34.5137049986
4.3	2188.16447164	-283.806688097	30.2641396921
4.35	2373.49293375	-286.324259559	32.8273868972
4.4	2517.58437414	-288.252012122	34.820291698
4.45	2260.78592776	-284.656652233	31.2685550005
4.5	2204.41591931	-283.952690157	30.488910768
4.55	2527.86489521	-288.550756516	34.9624798789
4.6	2376.67301659	-286.356596655	32.8713700953
4.65	2378.4876071	-286.316970616	32.8964673955
4.7	2384.29041504	-286.478318615	32.9767250692
4.75	2385.03105402	-286.462666369	32.986968724
4.8	2471.85295751	-287.666242628	34.1877880634
4.85	2591.67205413	-289.301430163	35.8449861055
4.9	2546.92550828	-288.741546377	35.2261040552
4.95	2314.15817372	-285.501632118	32.0067376775
5.0	2531.33123591	-288.530169552	35.0104222619
5.05	2362.95116152	-286.157122286	32.6815853948
5.1	2361.55488462	-286.172370307	32.6622737207
5.15	2331.29831753	-285.78655584	32.2438001622
5.2	2409.0955705	-286.851644466	33.319801058
5.25	2428.1625563	-286.988573338	33.5835133746
5.3	2614.86087357	-289.63121933	36.165706819
5.35	2445.9479103	-287.432937563	33.8294996544
5.4	2258.95252728	-284.728751297	31.2431975428
5.45	2645.24830879	-290.168939173	36.585990393
5.5	2538.22277443	-288.552777992	35.1057379875
5.55	2225.9226467	-284.247320179	30.7863667456
5.6	2276.82351729	-285.006703498	31.49036824
5.65	2616.2006513	-289.661001951	36.1842370626
5.7	2286.40051103	-285.032564239	31.6228260512
5.75	2520.71099322	-288.252891323	34.8635354476
5.8	2495.39279333	-287.972641719	34.5133636264
5.85	2207.41544559	-283.961027846	30.5303967183
5.9	2359.02959603	-286.098908561	32.6273468734
5.95	2222.07081631	-284.121856346	30.7330927187
6.0	2500.7697737	-288.073412524	34.5877317496
6.05	2394.32269754	-286.542100671	33.1154799036
6.1	2337.80165615	-285.728492984	32.3337467595
6.15	2368.13671721	-286.230551901	32.7533059551
6.2	2420.72298894	-286.964755846	33.4806179529
6.25	2671.63887077	-290.477366007	36.9509938763
6.3	2371.22789041	-286.26508769	32.7960594587
6.35	2345.26319464	-285.889685997	32.4369460602
6.4	2153.40907421	-283.185208273	29.7834435577
6.45	2365.09943843	-286.149943463	32.7112978563
6.5	2448.56492086	-287.369157244	33.8656950931
6.55	2410.2837126	-286.888127583	33.3362340542
6.6	2721.68333515	-291.250766132	37.6431505584
6.65	2362.59487878	-286.144362915	32.6766577075
6.7	2350.34322371	-285.9523481	32.5072070992
6.75	2713.58815253	-291.02061013	37.531187431
6.8	2336.1611557	-285.802904577	32.31105727
6.85	2343.69519425	-285.830505513	32.4152593069
6.9	2222.77444085	-284.143459515	30.7428244329
6.95	2348.38949325	-285.978968237	32.4801853775
7.0	2469.88308847	-287.706441252	34.1605431317
7.05	2239.43645937	-284.357613222	30.9732740461
7.1	2386.61226547	-286.417238462	33.0088381972
7.15	2375.90891659	-286.262944697	32.860801955
7.2	2398.68733039	-286.588283177	33.1758464162
7.25	2270.65444316	-284.839690839	31.4050447994
7.3	2483.00402916	-287.79421559	34.3420166849
7.35	2333.04173516	-285.849897926	32.2679130822
7.4	2432.01279839	-287.128151609	33.636765434
7.45	2459.69585558	-287.471632782	34.0196452041
7.5	2238.64197249	-284.41721045	30.9622856299
7.55	2200.17433061	-283.83923461	30.4302460586
7.6	2638.69766965	-290.058493675	36.49538959
7.65	2379.71867229	-286.37264113	32.9134940538
7.7	2534.62038591	-288.586704076	35.0559139498
7.75	2601.44841464	-289.447045254	35.9802013253
7.8	2167.92714861	-283.329900776	29.9842406356
7.85	2318.77507664	-285.505801591	32.0705932957
7.9	2415.94288904	-286.866607202	33.4145051845
7.95	2453.23913852	-287.439878247	33.9303434218
8.0	2686.24303946	-290.692667711	37.15298171
8.05	2367.69938099	-286.226421092	32.7472572304
8.1	2328.75200533	-285.674779741	32.2085825407
8.15	2579.43480845	-289.237901924	35.6757347912
8.2	2470.50412988	-287.663053771	34.1691326524
8.25	2419.6866814	-286.872710763	33.4662849553
8.3	2454.80050961	-287.384521387	33.9519384863
8.35	2413.06666853	-286.8356891	33.3747246559
8.4	2330.61876236	-285.651892503	32.2344013474
8.45	2406.2561426	-286.71225903	33.280529402
8.5	2297.60904531	-285.280673966	31.7778494287
8.55	2161.90051095	-283.334627597	29.9008872101
8.6	2529.95661088	-288.413441511	34.9914100512
8.65	2509.82080249	-288.100615814	34.7129150269
8.7	2440.11175274	-287.244564109	33.7487807276
8.75	2538.95895332	-288.685674757	35.1159199555
8.8	2164.43796795	-283.315044145	29.9359823569
8.85	2417.2463388	-286.887576019	33.4325329818
8.9	2265.51128216	-284.798322098	31.3339105931
8.95	2427.00859926	-287.013286651	33.5675531862
9.0	2585.08205015	-289.262704856	35.753840854
9.05	2363.21679454	-286.171464942	32.6852593211
9.1	2387.2838484	-286.509543338	33.0181267492
9.15	2310.97466117	-285.414264788	31.9627070437
9.2	2108.62017181	-282.464192527	29.1639756812
9.25	2235.84465794	-284.253586909	30.9235964365
9.3	2414.67802894	-286.816805871	33.3970111143
9.35	2689.1952511	-290.756698348	37.1938132592
9.4	2405.73837541	-286.718108378	33.2733682498
9.45	2422.61419625	-286.968640013	33.5067749274
9.5	2451.84043226	-287.357944452	33.9109981478
9.55	2225.15491605	-284.18539139	30.7757483904
9.6	2257.10949129	-284.563129696	31.2177068178
9.65	2506.72685568	-288.137523639	34.670123162
9.7	2568.28641902	-289.097704095	35.521543267
9.75	2226.89241694	-284.164860005	30.7997794769
9.8	2202.07151103	-283.903020264	30.4564856462
9.85	2196.97857679	-283.858001929	30.3860461178
9.9	2667.9314108	-290.406920952	36.8997166126
9.95	2496.66250084	-287.983346115	34.5309247403
10.0	2342.83564351	-285.776428283	32.4033710033
10.05	2594.88490046	-289.423690718	35.8894224499
10.1	2314.21411218	-285.475181772	32.0075113532
10.15	2188.58249946	-283.683459132	30.2699213655
10.2	2411.31061115	-286.801190794	33.3504369177
10.25	2524.69423345	-288.374227559	34.9186269823
10.3	2063.3208046	-281.976617822	28.5374476505
10.35	2470.00619176	-287.751989792	34.1622457528
10.4	2437.82855549	-287.24789999	33.7172022054
10.45	2438.64099002	-287.226428451	33.7284388525
10.5	2692.23111952	-290.784653016	37.2358018516
10.55	2426.24981613	-287.181786233	33.5570585826
10.6	2590.20100052	-289.382868113	35.8246402071
10.65	2701.69791594	-290.902885735	37.3667355418
10.7	2447.50842305	-287.292006765	33.8510828472
10.75	2370.73316311	-286.165900116	32.7892169674
10.8	2175.3676255	-283.436748534	30.0871486367
10.85	2262.9143816	-284.636397385	31.2979932924
10.9	2456.9419765	-287.382434211	33.9815567596
10.95	2306.98721355	-285.398787851	31.9075573174
11.0	2375.83452862	-286.307480961	32.8597731073
11.05	2223.04083221	-284.078186291	30.7465088476
11.1	2428.2393921	-287.09547906	33.5845760778
11.15	2468.74622063	-287.667560342	34.1448193012
11.2	2402.10207314	-286.709823218	33.2230751565
11.25	2620.51418612	-289.795382605	36.2438968468
11.3	2409.22860193	-286.758879658	33.3216409936
11.35	2390.08969797	-286.435019266	33.056933989
11.4	2420.34933016	-286.984609345	33.4754499403
11.45	2244.89371659	-284.481825159	31.0487524651
11.5	2180.91074577	-283.580298075	30.1638146133
11.55	2151.61401848	-283.232801193	29.7586164398
11.6	2216.80079432	-284.077944545	30.660203919
11.65	2494.02295089	-287.988460857	34.4944175628
11.7	2375.19532981	-286.211914007	32.8509324546
11.75	2553.24757438	-288.717721867	35.3135435024
11.8	2558.60122053	-288.843240418	35.3875888938
11.85	2244.28628514	-284.440882152	31.0403511814
11.9	2308.0088708	-285.332822575	31.9216876893
11.95	2413.72005886	-286.864964419	33.3837615891
12.0	2447.77968339	-287.354039763	33.8548346039
12.05	2357.23080243	-286.175145629	32.6024680576
12.1	2588.99360858	-289.400816371	35.8079409695
12.15	2063.57503092	-281.856002064	28.5409638126
12.2	2409.87964403	-286.827705124	33.330645449
12.25	2390.1640723	-286.581717657	33.057962648
12.3	2688.73629898	-290.697732854	37.1874655687
12.35	2329.89570944	-285.649296393	32.2244009226
12.4	2371.0523556	-286.165777157	32.7936316658
12.45	2383.79058803	-286.319528723	32.9698120447
12.5	2506.95733136	-288.182977696	34.6733108328
12.55	2360.30348945	-286.123683681	32.6449658818
12.6	2380.07042424	-286.335500986	32.9183590766
12.65	2636.10475891	-289.957210773	36.4595274719
12.7	2260.4130903	-284.733474347	31.2633983475
12.75	2292.70763401	-285.214418857	31.7100588225
12.8	2147.81565281	-283.135299995	29.7060818746
12.85	2605.85690191	-289.52940452	36.0411743812
12.9	2354.06482145	-286.012583477	32.5586799
12.95	2208.54791795	-283.929585119	30.5460597554
13.0	2343.66022863	-285.866714399	32.4147757033
13.05	2415.43754016	-286.846392711	33.4075157879
13.1	2364.29912265	-286.191089073	32.7002288215
13.15	2330.44913593	-285.71533509	32.2320552724
13.2	2475.57115994	-287.644012968	34.2392139043
13.25	2394.57990811	-286.526176111	33.1190373403
13.3	2310.48208231	-285.366419043	31.9558942673
13.35	2315.26759846	-285.382783187	32.022081947
13.4	2575.75787909	-289.106943068	35.6248797913
13.45	2265.52229146	-284.670336386	31.3340628609
13.5	2474.60519429	-287.668020055	34.2258537937
13.55	2438.59355203	-287.25158497	33.7277827455
13.6	2378.90194653	-286.345651094	32.9021980553
13.65	2543.99081466	-288.715501246	35.1855147948
13.7	2410.37611325	-286.838449576	33.3375120323
13.75	2252.64704417	-284.654656502	31.1559874522
13.8	2535.9951115	-288.613403148	35.0749275513
13.85	2447.02375453	-287.301770973	33.8443794774
13.9	2477.70298384	-287.781735533	34.2686988069
13.95	2623.91727556	-289.775686565	36.290964412
14.0	2417.14385956	-286.859018508	33.4311156084
14.05	2159.56027481	-283.167421904	29.8685197925
14.1	2626.0205194	-289.82975306	36.3200540287
14.15	2233.25145947	-284.296047274	30.8877303388
14.2	2535.71848913	-288.599020954	35.0711016332
14.25	2446.88039822	-287.302510407	33.84239674
14.3	2510.86026233	-288.272421791	34.7272916233
14.35	2285.00059611	-285.104214331	31.6034640602
14.4	2578.53067038	-289.152607412	35.6632298075
14.45	2411.28468215	-286.672494802	33.3500782979
14.5	2363.56559747	-286.17942205	32.6900835565
14.55	2364.36466777	-286.191940795	32.7011353653
14.6	2298.31875949	-285.220137106	31.7876653678
14.65	2494.2360747	-287.921894367	34.497365243
14.7	2387.3408822	-286.439910072	33.0189155743
14.75	2495.20173343	-288.015473847	34.5107211085
14.8	2428.48797561	-286.996628395	33.5880141951
14.85	2419.66401024	-286.837104562	33.4659713942
14.9	2472.70153861	-287.684840392	34.1995246478
14.95	2411.74601507	-286.871054614	33.356458917
15.0	2255.54779826	-284.596622884	31.1961073007
15.05	2525.55021982	-288.406504673	34.9304659877
15.1	2386.47561832	-286.43048129	33.006948253
15.15	2391.50843833	-286.468585518	33.0765563514
15.2	2606.29205888	-289.509557191	36.047192965
15.25	2275.66514099	-284.955326171	31.4743469297
15.3	2524.85355665	-288.429894309	34.920830555
15.35	2061.68164533	-281.886761095	28.5147767106
15.4	2466.08432537	-287.598936117	34.1080030697
15.45	2411.27378705	-286.752639602	33.3499276097
15.5	2207.93001803	-283.922154965	30.5375136842
15.55	2421.91059049	-286.99284015	33.4970434729
15.6	2471.16072248	-287.667914944	34.1782138757
15.65	2388.62810945	-286.492800526	33.0367190007
15.7	2376.88198818	-286.347836492	32.8742603467
15.75	2209.49881623	-284.023784462	30.5592114718
15.8	2354.43554567	-286.018990932	32.5638073252
15.85	2331.81897693	-285.684150409	32.251001316
15.9	2226.4410588	-284.177252527	30.7935368173
15.95	2516.24963407	-288.185917914	34.8018311295
16.0	2399.58328501	-286.661467072	33.1882382159
16.05	1995.10404353	-280.988066893	27.5939529484
16.1	2573.37297476	-289.088784881	35.5918945753
16.15	2509.27109249	-288.168989448	34.705312079
16.2	2551.21072615	-288.808281165	35.2853721925
16.25	2379.59485473	-286.326347555	32.9117815537
16.3	2287.27418297	-284.93247839	31.6349096628
16.35	2271.1367045	-284.888085761	31.411714876
16.4	2311.3536863	-285.433066239	31.9679492775
16.45	2334.85034865	-285.728815615	32.2929277153
16.5	2642.46351652	-290.066833945	36.5474743932
16.55	2314.97063651	-285.49057966	32.0179747156
16.6	2443.83209868	-287.393133407	33.8002362149
16.65	2604.95284492	-289.57086634	36.0286705189
16.7	2539.16075628	-288.577502829	35.1187110589
16.75	2394.15792639	-286.550411077	33.1132009811
16.8	2363.63127881	-286.154065162	32.6909919842
16.85	2350.2676938	-286.051690285	32.5061624576
16.9	2471.80770108	-287.637440618	34.1871621293
16.95	2262.90790175	-284.722852297	31.2979036707
17.0	2826.48018771	-292.756073193	39.0925784358
17.05	2113.82552101	-282.639114224	29.2359700021
17.1	2453.05583329	-287.440152464	33.9278081577
17.15	2431.50373043	-287.063582889	33.6297245995
17.2	2271.38408318	-284.835808138	31.4151363294
17.25	2463.58265627	-287.516680128	34.0734028994
17.3	2543.40970425	-288.683573398	35.1774775532
17.35	2463.77932029	-287.504526599	34.0761229269
17.4	2463.13382237	-287.525710793	34.0671951522
17.45	2330.45748792	-285.725550396	32.2321707875
17.5	2254.59495731	-284.700783955	31.1829287156
17.55	2643.71045949	-290.123350586	36.5647206544
17.6	2255.40095456	-284.64796063	31.1940763298
17.65	2738.98374586	-291.362887292	37.8824296681
17.7	2386.23394063	-286.415315561	33.003605649
17.75	2260.10472267	-284.726427645	31.259133366
17.8	2435.20107484	-287.229013066	33.6808619564
17.85	2570.75021127	-289.089615767	35.5556195687
17.9	2326.02575105	-285.618292806	32.1708761703
17.95	2374.02543558	-286.280655434	32.8347518416
18.0	2512.28576624	-288.252054838	34.7470075315
18.05	2556.96005832	-288.89078927	35.3648902517
18.1	2582.28601828	-289.244683593	35.7151694011
18.15	2358.70398364	-285.999211919	32.6228433823
18.2	2390.3135242	-286.551742175	33.0600296924
18.25	2334.25168699	-285.808153305	32.2846477252
18.3	2338.26529424	-285.868815672	32.3401592611
18.35	2545.88305165	-288.760108087	35.2116860106
18.4	2529.71736532	-288.38937117	34.9881010855
18.45	2313.264234	-285.42447137	31.9943737456
18.5	2433.01066547	-287.147727955	33.650566768
18.55	2194.95530497	-283.698316822	30.358062581
18.6	2455.54789512	-287.402570797	33.9622754514
18.65	2482.98082088	-287.77909742	34.3416956952
18.7	2454.57008042	-287.378411183	33.9487514585
18.75	2257.75440634	-284.593328583	31.2266265308
18.8	2079.63421574	-282.167770884	28.7630757328
18.85	2176.10314508	-283.619013617	30.097321486
18.9	2232.59319385	-284.383262097	30.8786259763
18.95	2255.93177515	-284.608857518	31.2014180214
19.0	2449.84365332	-287.324843233	33.8833810295
19.05	2427.74487461	-287.00784853	33.5777364885
19.1	2535.71025003	-288.463143386	35.0709876795
19.15	2164.27552064	-283.25045516	29.9337355751
19.2	2375.59464322	-286.28242593	32.8564552921
19.25	2284.72547898	-284.986541283	31.5996589608
19.3	2601.147687	-289.474511237	35.9760420112
19.35	2272.83994652	-284.882617483	31.4352721336
19.4	2353.55467508	-286.015208642	32.5516241502
19.45	2529.49035648	-288.492590503	34.984961364
19.5	2407.94341216	-286.770238948	33.3038657472
19.55	2557.29901117	-288.849173441	35.3695782523
19.6	2235.29059944	-284.309490465	30.9159333453
19.65	2360.56417424	-286.12330152	32.6485713699
19.7	2247.33180097	-284.51189085	31.0824732056
19.75	2520.15882329	-288.334813048	34.855898477
19.8	2459.96310246	-287.541268487	34.0233414514
19.85	2573.91824209	-289.152938329	35.5994360773
19.9	2637.35207527	-289.994628118	36.4767788974
19.95	2349.55122821	-285.926114536	32.4962531409
20.0	2434.80602401	-287.148276758	33.675398074
20.05	2292.35950918	-285.091951417	31.7052439656
20.1	2554.61792039	-288.86252639	35.3324965306
20.15	2377.29939591	-286.372932964	32.8800334437
20.2	2252.20723263	-284.610872973	31.1499044918
20.25	2404.08002684	-286.728104422	33.2504319059
20.3	2484.98021044	-287.863679659	34.3693489204
20.35	2203.56040532	-283.826383855	30.4770782959
20.4	2406.502634	-286.653905525	33.2839385836
20.45	2504.14696698	-288.058307888	34.6344411494
20.5	2264.12911295	-284.76406968	31.3147940401
20.55	2405.4144845	-286.774351864	33.2688885684
20.6	2382.1476258	-286.413352458	32.9470885068
20.65	2470.65937118	-287.604942686	34.171279769
20.7	2448.3611033	-287.33790934	33.8628761263
20.75	2465.18968406	-287.562971633	34.0956294341
20.8	2494.33428861	-287.982048453	34.4987236232
20.85	2517.97601564	-288.317848578	34.8257084265
20.9	2357.28237553	-285.980292422	32.6031813565
20.95	2466.6769814	-287.507981389	34.1161999968
21.0	2446.8958233	-287.32172728	33.8426100817
21.05	2347.24404979	-285.945261222	32.4643429391
21.1	2289.51502356	-285.137669105	31.6659023572
21.15	2344.93115893	-285.846631628	32.4323537294
21.2	2039.041256	-281.514726858	28.2016412428
21.25	2482.33014403	-287.880819331	34.3326962916
21.3	2455.98811603	-287.433734243	33.9683640737
21.35	2181.27886184	-283.509091812	30.1689059655
21.4	2169.39296642	-283.38651827	30.0045141184
21.45	2304.69106805	-285.231283517	31.87579971
21.5	2516.50644138	-288.244261075	34.8053829889
21.55	2400.379694	-286.670514488	33.1992532165
21.6	2388.41764004	-286.427891986	33.0338080332
21.65	2409.27636581	-286.754545024	33.3223016079
21.7	2302.48369799	-285.264935627	31.8452699411
21.75	2319.08320325	-285.582170381	32.0748549437
21.8	2442.07939764	-287.180438392	33.7759948977
21.85	2725.85586062	-291.234296915	37.7008600658
21.9	2483.47785556	-287.908322825	34.3485700993
21.95	2414.78323378	-286.782081812	33.398466185
22.0	2379.81915592	-286.332182683	32.9148838263
22.05	2247.37926483	-284.46677698	31.0831296703
22.1	2355.61307795	-286.119466174	32.5800935787
22.15	2629.19345181	-289.923464428	36.3639383303
22.2	2586.20791668	-289.303352498	35.7694125271
22.25	2489.89272204	-287.904136058	34.437293053
22.3	2300.42678165	-285.23087534	31.8168210725
22.35	2540.70048554	-288.65549159	35.1400067988
22.4	2341.98424974	-285.865572744	32.3915955174
22.45	2390.34427219	-286.512725965	33.0604549628
22.5	2504.69745508	-288.148248225	34.642054859
22.55	2375.30012681	-286.233516937	32.8523818846
22.6	2322.59489906	-285.530720996	32.1234246257
22.65	2460.87665064	-287.556754557	34.0359765846
22.7	2598.65590762	-289.483738679	35.9415786241
22.75	2285.49403322	-285.067341152	31.610288707
22.8	2501.94547273	-288.118932829	34.6039926477
22.85	2386.30156353	-286.525975577	33.0045409301
22.9	2426.45923429	-287.095820935	33.5599550104
22.95	2498.5734009	-287.955131944	34.5573540819
23.0	2366.08706737	-286.140342092	32.7249575883
23.05	2416.12803773	-286.927957166	33.4170659452
23.1	2459.09273761	-287.57336566	34.0113035795
23.15	2298.292412	-285.273601582	31.7873009601
23.2	2520.42310384	-288.394460944	34.8595536974
23.25	2554.26080954	-288.886744865	35.3275573897
23.3	2249.65132551	-284.487206234	31.1145541645
23.35	2575.19435389	-289.055194535	35.6170857677
23.4	2160.50567427	-283.264254443	29.8815954555
23.45	2582.78799516	-289.280039485	35.7221121601
23.5	2384.12523749	-286.445712343	32.9744405259
23.55	2454.2566507	-287.459170015	33.944416464
23.6	2431.34702218	-287.162317972	33.6275571937
23.65	2470.99636048	-287.62080789	34.1759406121
23.7	2442.67404787	-287.271777019	33.7842194063
23.75	2596.37856134	-289.480964395	35.9100810257
23.8	2470.74809546	-287.63256959	34.1725068999
23.85	2330.85097852	-285.724982505	32.2376130906
23.9	2304.53000173	-285.369265881	31.8735720285
23.95	2516.92921386	-288.28352593	34.8112302849
24.0	2620.41318221	-289.742218859	36.2424998784
24.05	2522.62263996	-288.40340892	34.8899751164
24.1	2342.91854971	-285.856734113	32.4045176652
24.15	2310.83373394	-285.411853872	31.9607579026
24.2	2192.56969337	-283.834489328	30.3250675828
24.25	2106.8329152	-282.601552873	29.1392564316
24.3	2474.35097296	-287.686967011	34.2223377007
24.35	2413.24909262	-286.822728428	33.3772477333
24.4	2213.30262921	-284.034984671	30.611821378
24.45	2083.38352983	-282.19913741	28.8149318738
24.5	2472.8931862	-287.5617158	34.2021752939
24.55	2633.36226454	-289.867954548	36.4215964873
24.6	2389.61568634	-286.512507645	33.0503780128
24.65	2235.99911455	-284.347408916	30.9257327003
24.7	2231.69639354	-284.383120423	30.86622248
24.75	2528.81751505	-288.481636846	34.9756554058
24.8	2404.88335743	-286.684256059	33.2615426381
24.85	2303.32577909	-285.355683202	31.856916625
24.9	2422.10917223	-286.944832421	33.4997900239
24.95	2457.96328108	-287.403319613	33.9956822537
25.0	2422.89833366	-287.006476144	33.5107047848
25.05	2493.31880011	-288.022338892	34.4846785704
25.1	2451.57357945	-287.304327446	33.9073073508
25.15	2427.74953889	-287.001091621	33.5778009993
25.2	2333.16932143	-285.734295991	32.2696777068
25.25	2486.35421553	-287.931729252	34.3883525567
25.3	2203.54267096	-283.910523312	30.476833015
25.35	2319.7813201	-285.516432308	32.084510482
25.4	2344.85868229	-285.797616318	32.4313513169
25.45	2572.97940105	-288.998783442	35.5864511226
25.5	2500.84444167	-288.044643128	34.5887644699
25.55	2134.13658748	-282.920154926	29.5168889919
25.6	2533.56589827	-288.545448392	35.0413295062
25.65	2453.31956855	-287.352664233	33.9314558363
25.7	2447.86622723	-287.30804011	33.8560315774
25.75	2415.70036487	-286.897289126	33.411150873
25.8	2342.46561862	-285.912959421	32.3982532505
25.85	2186.81078492	-283.608415882	30.2454170757
25.9	2486.54321922	-287.949786156	34.3909666353
25.95	2543.1353784	-288.700894972	35.1736833979
26.0	2593.66476019	-289.378184382	35.8725468923
26.05	2644.42631219	-290.146911854	36.5746214944
26.1	2422.24147134	-286.979854809	33.5016198311
26.15	2318.4756779	-285.559999321	32.0664523614
26.2	2663.41916521	-290.378574491	36.8373084927
26.25	2403.07205205	-286.638956124	33.2364907739
26.3	2264.86936613	-284.689551469	31.3250323591
26.35	2465.87898348	-287.548137113	34.10516302
26.4	2460.4779977	-287.544233872	34.030462882
26.45	2271.5270246	-284.898758406	31.4171133286
26.5	2235.72812063	-284.356930972	30.9219846284
26.55	2214.84824863	-284.046984783	30.6331985836
26.6	2504.49144402	-288.160127089	34.6392055542
26.65	2617.71719521	-289.638387292	36.2052121297
26.7	2623.0037095	-289.799747233	36.2783290315
26.75	2319.79806849	-285.598424496	32.0847421262
26.8	2347.4692318	-285.881350926	32.4674573941
26.85	2531.16027854	-288.492695479	35.0080577789
26.9	2630.20614548	-289.945083854	36.3779447284
26.95	2362.18145259	-286.194580529	32.6709396784
27.0	2375.33833106	-286.329724951	32.8529102811
27.05	2588.72935784	-289.324281331	35.8042861614
27.1	2292.86553663	-285.133753269	31.7122427473
27.15	2164.91048078	-283.37323094	29.9425176034
27.2	2338.00133612	-285.768678603	32.3365085001
27.25	2360.78466139	-286.107755627	32.6516208911
27.3	2375.16357545	-286.313754525	32.8504932653
27.35	2374.5860205	-286.286756975	32.8425051986
27.4	2451.97458567	-287.336053651	33.9128536013
27.45	2505.05772687	-288.113969843	34.6470377183
27.5	2508.99164594	-288.214871453	34.7014471001
27.55	2237.3571464	-284.39894516	30.9445154134
27.6	2283.29332733	-285.000027222	31.579851109
27.65	2333.45522734	-285.698954018	32.2736320239
27.7	2572.00249709	-289.105632355	35.5729397261
27.75	2715.19821289	-291.070213225	37.5534559088
27.8	2376.20255398	-286.205951643	32.864863205
27.85	2308.37553839	-285.375676219	31.9267590079
27.9	2441.88473828	-287.289405732	33.7733025963
27.95	2371.89117299	-286.259466254	32.8052332099
28.0	2548.74029935	-288.738136548	35.2512041294
28.05	2737.2758822	-291.398047036	37.8588084892
28.1	2180.88445891	-283.558939808	30.1634510441
28.15	2681.46821107	-290.619964308	37.0869418508
28.2	2164.22052649	-283.363163699	29.9329749601
28.25	2325.60050577	-285.652567136	32.1649946733
28.3	2426.34676658	-287.032687016	33.5583994882
28.35	2474.30232878	-287.716700735	34.221664911
28.4	2234.98562878	-284.308034788	30.9117153467
28.45	2455.97621222	-287.39682089	33.968199434
28.5	2622.18318089	-289.724436213	36.2669804365
28.55	2414.16862738	-286.88459802	33.3899656658
28.6	2465.4744008	-287.662416292	34.0995673042
28.65	2451.1865478	-287.366632401	33.9019543803
28.7	2223.16233305	-284.155849986	30.7481893055
28.75	2486.062533	-287.877737073	34.384318344
28.8	2420.42151371	-286.888016511	33.4764482991
28.85	2394.17110007	-286.453947531	33.1133831842
28.9	2309.61973545	-285.347621494	31.9439672909
28.95	2505.65661584	-288.141821876	34.6553208523
29.0	2377.04961097	-286.320986307	32.8765787096
29.05	2488.11599008	-287.974980503	34.4127193682
29.1	2104.31365462	-282.548173285	29.1044129566
29.15	2370.08644112	-286.260341604	32.7802722629
29.2	2401.61200522	-286.705990923	33.2162971084
29.25	2481.27903226	-287.788631059	34.3181585391
29.3	2496.49989879	-287.989022235	34.5286758183
29.35	2446.49773789	-287.28739125	33.8371042285
29.4	2602.77761327	-289.486616866	35.998585251
29.45	2293.84312637	-285.148053372	31.7257636288
29.5	2323.04515113	-285.568293216	32.1296519873
29.55	2471.29518272	-287.628396918	34.1800735729
29.6	2400.71320597	-286.653976699	33.2038659652
29.65	2533.31568862	-288.58842379	35.037868898
29.7	2397.41841123	-286.65526518	33.1582962059
29.75	2581.25085743	-289.246550928	35.7008522632
29.8	2502.62932846	-288.066198546	34.6134509428
29.85	2421.82972584	-286.99297922	33.4959250474
29.9	2401.78425569	-286.821634058	33.2186794761
29.95	2281.43616484	-284.958810078	31.5541650028
30.0	2415.67619356	-286.801098237	33.4108165635
30.05	2616.51001772	-289.734084032	36.1885158581
30.1	2474.06617962	-287.687325146	34.2183987712
30.15	2298.0266673	-285.211473584	31.7836254892
30.2	2441.36391431	-287.223204529	33.7660991664
30.25	2526.36128664	-288.373903598	34.9416837183
30.3	2416.24375548	-286.865491001	33.4186664182
30.35	2364.16551169	-286.219039502	32.6983808706
30.4	2506.84962006	-288.165851878	34.6718210957
30.45	2448.16698978	-287.368344577	33.8601913744
30.5	2489.58012487	-287.975293066	34.4329695735
30.55	2185.5677895	-283.622105155	30.2282254123
30.6	2403.88981536	-286.71718601	33.2478011225
30.65	2391.68893749	-286.544509813	33.0790528054
30.7	2357.26571379	-286.038526001	32.6029509108
30.75	2480.25023902	-287.772053777	34.3039294706
30.8	2274.91110911	-284.934582546	31.4639180398
30.85	2466.3497306	-287.586786557	34.1116738453
30.9	2484.4049064	-287.783837404	34.3613919857
30.95	2378.92392279	-286.352420323	32.9025020054
31.0	2457.32864259	-287.485387206	33.986904674
31.05	2498.64262994	-288.01564556	34.5583115772
31.1	2584.4830053	-289.1973593	35.7455555641
31.15	2113.51987106	-282.546974189	29.2317426084
31.2	2311.65747573	-285.451578772	31.9721509387
31.25	2405.87755531	-286.754354102	33.2752932239
31.3	2409.97690229	-286.775048744	33.3319906118
31.35	2476.7795457	-287.787060677	34.2559268872
31.4	2299.69466324	-285.326054724	31.8066952642
31.45	2498.71942488	-288.007294034	34.5593737153
31.5	2537.27345738	-288.512595298	35.092608141
31.55	2304.72890193	-285.290061946	31.8763229842
31.6	2406.84190891	-286.755862118	33.2886310386
31.65	2504.79906652	-288.122247012	34.64346023
31.7	2679.78438086	-290.568581998	37.0636530746
31.75	2471.29832205	-287.604190187	34.1801169924
31.8	2343.99070364	-285.804020649	32.4193464483
31.85	2441.02887653	-287.225674997	33.7614653145
31.9	2373.72569072	-286.285973206	32.8306061202
31.95	2142.78865681	-283.022926455	29.636554327
32.0	2648.74035518	-290.140676436	36.6342883071
32.05	2562.51237568	-289.005350199	35.4416834316
32.1	2429.20679402	-287.11598763	33.5979560531
32.15	2376.19055569	-286.325707423	32.8646972585
32.2	2415.80895227	-286.911201919	33.4126527272
32.25	2656.20806937	-290.311475493	36.7375730227
32.3	2191.79424569	-283.783782689	30.3143424947
32.35	2206.05865802	-283.920905265	30.5116312145
32.4	2574.7013087	-289.110445943	35.6102665416
32.45	2383.8918248	-286.373730079	32.9712122337
32.5	2650.89073973	-290.184674834	36.664029919
32.55	2212.2981295	-284.013949451	30.5979283092
32.6	2586.81304936	-289.276498694	35.7777820168
32.65	2283.28487721	-285.044049663	31.5797342368
32.7	2321.53937159	-285.489140072	32.1088258004
32.75	2462.38657039	-287.482969171	34.0568600341
32.8	2420.217533	-286.890002534	33.4736270757
32.85	2582.0834789	-289.268654629	35.7123681127
32.9	2283.99032352	-285.025633887	31.5894911477
32.95	2221.46504182	-284.112221354	30.7247143522
33.0	2545.59606041	-288.645175469	35.2077166824
33.05	2722.09494571	-291.232095235	37.6488434759
33.1	2323.43384384	-285.667737017	32.1350279317
33.15	2411.28803315	-286.850703237	33.3501246451
33.2	2702.53783335	-290.972034823	37.3783523002
33.25	2398.22952333	-286.701673726	33.1695145627
33.3	2379.11810356	-286.430301525	32.9051876874
33.35	2475.85136673	-287.743910024	34.2430893979
33.4	2554.93474552	-288.783644129	35.3368784865
33.45	2389.87509886	-286.473455118	33.0539659043
33.5	2239.31486544	-284.456657936	30.9715923006
33.55	2379.43671927	-286.407152594	32.9095944083
33.6	2304.61133841	-285.314135537	31.8746969826
33.65	2333.57197475	-285.785168697	32.2752467379
33.7	2486.45413251	-287.897689331	34.3897344919
33.75	2018.07014318	-281.214782707	27.9115932616
33.8	2418.64920141	-286.892284046	33.4519357417
33.85	2633.39558596	-289.945657429	36.4220573504
33.9	2409.89283135	-286.816835577	33.3308278405
33.95	2708.68441711	-290.997958945	37.4633646802
34.0	2337.08897532	-285.764860462	32.3238897892
34.05	2321.51448592	-285.546870495	32.1084816108
34.1	2491.20883367	-287.976608174	34.4554959747
34.15	2393.10518752	-286.538190096	33.0986407245
34.2	2193.43822872	-283.736816093	30.3370801512
34.25	2371.04328463	-286.220493048	32.7935062068
34.3	2771.32159338	-291.863047339	38.3296890708
34.35	2334.38191058	-285.692427534	32.286448826
34.4	2379.82801896	-286.412719959	32.9150064094
34.45	2273.4610502	-284.947004801	31.4438625157
34.5	2396.54277832	-286.708797423	33.1461854724
34.55	2676.1818368	-290.543435294	37.0138268856
34.6	2537.00107318	-288.546565989	35.0888408403
34.65	2560.07232369	-288.954237744	35.4079354776
34.7	2368.44821545	-286.171115155	32.7576142355
34.75	2472.56399064	-287.678078164	34.1976222447
34.8	2198.8303743	-283.901882481	30.4116580219
34.85	2411.45153312	-286.794977398	33.3523859861
34.9	2523.52994015	-288.390500914	34.9025238349
34.95	2079.45802803	-282.128186169	28.7606389098
35.0	2479.0710013	-287.822162522	34.2876196294
35.05	2472.67595603	-287.671270978	34.1991708194
35.1	2481.70158264	-287.848029206	34.3240027633
35.15	2318.80712581	-285.512608888	32.0710365625
35.2	2915.37237919	-293.877712959	40.3220315849
35.25	2162.61248633	-283.374343745	29.9107344235
35.3	2462.67110136	-287.589974342	34.0607953348
35.35	2176.83864814	-283.542147912	30.1074941067
35.4	2320.36610848	-285.601910896	32.092598593
35.45	2247.46037397	-284.558132868	31.0842514774
35.5	2516.91517288	-288.224668962	34.8110360865
35.55	2260.87128754	-284.607883065	31.2697355974
35.6	2480.59626771	-287.734491902	34.3087153359
35.65	2313.26704285	-285.431573409	31.9944125944
35.7	2509.25637252	-288.251431552	34.7051084895
35.75	2420.0247615	-286.988908564	33.470960885
35.8	2391.25175162	-286.555524991	33.0730061601
35.85	2373.0658325	-286.306977994	32.8214797306
35.9	2246.80806979	-284.552289156	31.0752295665
35.95	2684.14302924	-290.725741022	37.1239368171
36.0	2438.45664415	-287.181810373	33.7258891954
36.05	2581.17729689	-289.134207908	35.6998348596
36.1	2418.89251408	-286.910729508	33.4553009589
36.15	2400.50669339	-286.743859255	33.201009724
36.2	2592.50563748	-289.329672713	35.8565152585
36.25	2299.46429068	-285.303539489	31.8035090196
36.3	2686.93437909	-290.684949526	37.1625435137
36.35	2103.59702978	-282.466718142	29.0945014373
36.4	2664.71785598	-290.354049053	36.8552704692
36.45	2584.41604403	-289.280336243	35.7446294338
36.5	2200.16103011	-283.885813878	30.4300621015
36.55	2524.76420082	-288.369392577	34.9195946893
36.6	2314.46094081	-285.405732639	32.0109251989
36.65	2403.07638076	-286.680999118	33.2365506436
36.7	2495.31887068	-287.92919407	34.5123412145
36.75	2482.58095674	-287.827953569	34.3361652406
36.8	2523.60019262	-288.434467281	34.903495485
36.85	2429.81891896	-287.121897269	33.6064222516
36.9	2631.4012763	-289.965580715	36.3944743844
36.95	2235.50471815	-284.378594095	30.9188947857
37.0	2373.11540886	-286.264904722	32.8221654131
37.05	2392.71852526	-286.52971061	33.093292863
37.1	2539.83329832	-288.631386004	35.1280128762
37.15	2418.93408687	-286.956465842	33.4558759453
37.2	2323.88881402	-285.609423188	32.1413205488
37.25	2384.13518766	-286.488589623	32.974578145
37.3	2562.63383689	-289.025550771	35.4433633416
37.35	2331.95204203	-285.622512118	32.2528417173
37.4	2538.31000884	-288.666821015	35.1069445122
37.45	2362.29016532	-286.122104976	32.6724432662
37.5	2608.87486934	-289.587373372	36.0829153879
37.55	2405.24683738	-286.737039876	33.2665698688
37.6	2360.4765777	-286.100319705	32.6473598366
37.65	2408.28566543	-286.737791516	33.3085993954
37.7	2424.78512911	-286.960778471	33.5368007396
37.75	2630.95816581	-289.910310078	36.3883457967
37.8	2149.18815047	-283.113650693	29.7250646619
37.85	2253.97703983	-284.583297048	31.1743824014
37.9	2373.45195391	-286.241432791	32.8268201118
37.95	2252.36833674	-284.481405525	31.1521326961
38.0	2376.22162052	-286.253991551	32.8651269111
38.05	2373.61251289	-286.278641439	32.8290407764
38.1	2312.28641639	-285.386039975	31.9808497125
38.15	2585.35614745	-289.265120104	35.7576318482
38.2	2359.1578629	-286.069791989	32.6291209111
38.25	2340.46450503	-285.908325115	32.3705761805
38.3	2465.60698466	-287.628789632	34.1014010494
38.35	2658.10068846	-290.251254068	36.7637495233
38.4	2310.37511973	-285.385248154	31.9544148855
38.45	2426.02143131	-287.018167668	33.5538998301
38.5	2525.79363643	-288.438522133	34.9338326424
38.55	2046.4484078	-281.689037609	28.3040883302
38.6	2673.42915084	-290.425057951	36.9757549428
38.65	2225.76565079	-284.146235247	30.7841953612
38.7	2450.8815071	-287.388197998	33.897735413
38.75	2740.90708611	-291.361032578	37.9090310679
38.8	2572.5057402	-289.074222572	35.579899998
38.85	2130.88614073	-282.95078057	29.4719326023
38.9	2375.46840815	-286.38466594	32.8547093559
38.95	2227.6693501	-284.18551846	30.8105251105
39.0	2457.83901253	-287.454772058	33.993963516
39.05	2602.45815887	-289.491197708	35.9941669302
39.1	2242.1042467	-284.416094643	31.0101717699
39.15	2345.4672487	-285.845057171	32.4397682981
39.2	2529.41018863	-288.440029122	34.9838525758
39.25	2478.34212668	-287.777778596	34.2775386855
39.3	2387.46628061	-286.498564664	33.0206499388
39.35	2462.47362384	-287.454739491	34.058064056
39.4	2535.39209848	-288.502389195	35.0665873782
39.45	2416.29145595	-286.843635156	33.4193261556
39.5	2328.69412767	-285.673741374	32.2077820444
39.55	2437.90131076	-287.274254948	33.7182084714
39.6	2254.10765871	-284.63138383	31.1761889696
39.65	2302.02386745	-285.215692699	31.8389101011
39.7	2201.0327415	-283.710596194	30.4421185971
39.75	2496.3410874	-288.024794099	34.5264793243
39.8	2203.13988441	-283.861107859	30.4712621411
39.85	2133.86992526	-282.861221955	29.5132008311
39.9	2582.60756345	-289.169662864	35.719616639
39.95	2364.32313578	-286.128729084	32.7005609432
40.0	2397.49339527	-286.687411681	33.1593332978
40.05	2325.16857231	-285.636911531	32.1590206734
40.1	2461.59750076	-287.512784162	34.045946543
40.15	2452.3900903	-287.41458863	33.9186003768
40.2	2692.05325137	-290.840475948	37.2333417867
40.25	2097.09472857	-282.436523733	29.0045691883
40.3	2392.51060546	-286.611146066	33.0904171587
40.35	2547.4286928	-288.729966967	35.2330635169
40.4	2447.51547374	-287.336946136	33.8511803641
40.45	2275.78854923	-284.964024639	31.4760537684
40.5	2671.90361873	-290.507420603	36.9546555613
40.55	2371.34837147	-286.288795106	32.7977258122
40.6	2386.05061049	-286.40050794	33.0010700403
40.65	2456.95486129	-287.421104165	33.9817349669
40.7	2235.46734675	-284.418947595	30.9183779081
40.75	2293.74807234	-285.257398864	31.7244489524
40.8	2647.10820441	-290.077703677	36.6117143006
40.85	2450.6541799	-287.30742264	33.8945912882
40.9	2391.74608541	-286.596427605	33.0798432088
40.95	2377.92255293	-286.441249339	32.888652225
41.0	2463.06452338	-287.559579749	34.0662366895
41.05	2038.10390937	-281.490648395	28.1886769571
41.1	2217.88075438	-284.082035511	30.6751406674
41.15	2334.23197273	-285.78463763	32.2843750606
41.2	2401.45064922	-286.681153708	33.2140654204
41.25	2431.93182641	-287.12520441	33.6356455239
41.3	2113.49389614	-282.645596138	29.2313833535
41.35	2412.45193019	-286.775631939	33.366222312
41.4	2703.35936855	-290.903670556	37.3897148173
41.45	2461.52460115	-287.421442396	34.0449382806
41.5	2495.30248955	-287.906632104	34.5121146498
41.55	2350.96411245	-285.894536477	32.5157945083
41.6	2175.36772695	-283.526535088	30.0871500399
41.65	2403.96767752	-286.805124743	33.2488780212
41.7	2511.44739942	-288.272907585	34.735412219
41.75	2252.88825604	-284.634440303	31.1593236135
41.8	2385.70043586	-286.460506792	32.9962268331
41.85	2501.98323943	-288.068663838	34.6045149927
41.9	2573.15968145	-289.016089168	35.588944551
41.95	2341.0726707	-285.852315619	32.378987619
42.0	2351.47062378	-285.984176436	32.5227999825
42.05	2417.76487547	-286.924750196	33.4397047764
42.1	2336.49867538	-285.730901876	32.3157254487
42.15	2411.86569872	-286.802414378	33.3581142417
42.2	2495.07783074	-288.030196011	34.509007431
42.25	2437.23125274	-287.256468531	33.7089410101
42.3	2440.11762891	-287.268313173	33.7488619999
42.35	2504.50205112	-288.208600237	34.6393522593
42.4	2323.51675345	-285.594789484	32.1361746408
42.45	2569.44156248	-288.984787622	35.5375198645
42.5	2399.8574404	-286.690950551	33.1920300137
42.55	2246.01946215	-284.550686107	31.0643224652
42.6	2271.9077088	-284.821124271	31.4223785085
42.65	2407.95402342	-286.732770826	33.3040125098
42.7	2530.79372968	-288.466953968	35.0029881024
42.75	2237.45444079	-284.314665763	30.945861076
42.8	2479.4440734	-287.815496452	34.2927795276
42.85	2420.84143592	-286.898874055	33.4822561735
42.9	2316.26243107	-285.473699383	32.0358413117
42.95	2389.98450232	-286.560045453	33.0554790455
43.0	2456.13334171	-287.432683905	33.9703726659
43.05	2308.98123246	-285.421915205	31.935136262
43.1	2503.8230645	-288.078283217	34.629961308
43.15	2439.34170779	-287.253674353	33.7381303637
43.2	2033.53196551	-281.575124337	28.1254431603
43.25	2352.14688714	-286.0155304	32.5321532689
43.3	2277.30821295	-285.007810493	31.4970719853
43.35	2659.42700358	-290.301155441	36.7820935677
43.4	2542.89330518	-288.665477592	35.1703353233
43.45	2501.71816791	-288.039822552	34.6008488325
43.5	2559.79134546	-288.942036931	35.4040493143
43.55	2163.39002096	-283.37549279	29.9214883759
43.6	2318.31327976	-285.484977991	32.0642062597
43.65	2388.76265939	-286.505210096	33.0385799386
43.7	2236.54718179	-284.315917639	30.9333129273
43.75	2390.9203424	-286.469894	33.0684224943
43.8	2290.89899056	-285.117408038	31.685043775
43.85	2613.1610122	-289.697042895	36.1421963186
43.9	2332.71038293	-285.715555675	32.2633302044
43.95	2625.00130104	-289.760179247	36.3059573886
44.0	2258.17348797	-284.589030375	31.2324227793
44.05	2497.49060953	-288.013546459	34.5423781741
44.1	2269.47450606	-284.804299737	31.3887252851
44.15	2611.9451848	-289.633529173	36.1253804114
44.2	2466.90848362	-287.676902089	34.1194018656
44.25	2391.81070636	-286.567827841	33.0807369704
44.3	2378.36993054	-286.329648164	32.8948398305
44.35	2631.08538487	-289.903666609	36.3901053425
44.4	2478.19916187	-287.73901296	34.2755613629
44.45	2369.96089819	-286.179255181	32.7785358995
44.5	2524.30819983	-288.350175223	34.9132878153
44.55	2327.96788003	-285.62765199	32.1977374339
44.6	2261.05622233	-284.71675595	31.2722933999
44.65	2318.44912788	-285.554923605	32.0660851525
44.7	2620.54356011	-289.690337606	36.2443031135
44.75	2520.01735534	-288.324540795	34.8539418572
44.8	2416.64068096	-286.900873337	33.4241562287
44.85	2264.59059823	-284.770523211	31.3211767665
44.9	2552.49622391	-288.823171864	35.3031516987
44.95	2596.80197537	-289.461522992	35.9159371948
45.0	2200.86060322	-283.793363457	30.4397377811
45.05	2606.61669798	-289.540522672	36.0516829946
45.1	2268.01283559	-284.716577131	31.3685091635
45.15	2329.31935505	-285.669165309	32.2164294606
45.2	2096.59794935	-282.389743039	28.9976983173
45.25	2508.64479362	-288.148432242	34.6966498433
45.3	2273.43089839	-284.807413632	31.443445491
45.35	2500.32800901	-287.994226795	34.5816217755
45.4	2452.21910364	-287.417871615	33.9162354887
45.45	2348.98297807	-285.937956947	32.4883937675
45.5	2326.94230913	-285.676297734	32.1835529329
45.55	2604.63651696	-289.602092882	36.0242954395
45.6	2192.37895917	-283.844757807	30.3224295697
45.65	2580.19813784	-289.221038863	35.6862922732
45.7	2632.00050338	-289.894075051	36.4027621948
45.75	2364.32383358	-286.176099332	32.7005705943
45.8	2471.00981333	-287.684953459	34.1761266763
45.85	2337.11323447	-285.881769008	32.3242253134
45.9	2497.32362204	-288.011823865	34.5400685979
45.95	2273.17073285	-284.865728917	31.4398471846
46.0	2395.16225537	-286.569970899	33.1270916886
46.05	2347.46261337	-285.934884431	32.4673658556
46.1	2393.95298588	-286.648291799	33.110366483
46.15	2355.86543739	-286.052113802	32.5835839202
46.2	2416.30776732	-286.900306627	33.4195517554
46.25	2381.52687145	-286.366587661	32.9385029563
46.3	2600.21912171	-289.42139193	35.9631991789
46.35	2299.28227666	-285.315869751	31.8009916139
46.4	2366.30979413	-286.172545362	32.7280380851
46.45	2611.04513162	-289.671508915	36.1129319253
46.5	2498.78060172	-288.064337088	34.560219842
46.55	2319.80103721	-285.558998448	32.084783186
46.6	2512.51240405	-288.215099327	34.7501421214
46.65	2384.38464987	-286.408852975	32.9780284154
46.7	2304.20288382	-285.260408814	31.869047715
46.75	2423.87178276	-286.965719571	33.5241683978
46.8	2189.77780334	-283.752284524	30.2864534152
46.85	2444.7283301	-287.291694961	33.812631843
46.9	2521.95931502	-288.307827465	34.8808007793
46.95	2423.37696772	-286.909989554	33.517324693
47.0	2323.55806611	-285.535397976	32.1367460293
47.05	2408.4091562	-286.772838929	33.3103073757
47.1	2504.29614753	-288.166434978	34.6365044408
47.15	2541.54006828	-288.68802423	35.1516189283
47.2	2490.24422835	-287.914941393	34.4421546786
47.25	2464.41442487	-287.564152909	34.0849069529
47.3	2174.81816284	-283.518895449	30.0795491099
47.35	2351.58305086	-286.033272932	32.5243549429
47.4	2268.38592099	-284.785275325	31.3736692458
47.45	2504.46642833	-288.151160664	34.6388595663
47.5	2286.32254967	-285.098964615	31.6217477805
47.55	2368.00168817	-286.157507151	32.7514383908
47.6	2325.33086867	-285.527361935	32.1612653673
47.65	2474.21478059	-287.659914411	34.2204540466
47.7	2732.3018603	-291.317313193	37.7900136177
47.75	2403.75991368	-286.682805005	33.246004474
47.8	2281.41435515	-284.958740814	31.5538633566
47.85	2570.2509517	-289.068589301	35.5487143924
47.9	2055.33492631	-281.802365613	28.426996293
47.95	2626.16839214	-289.793292277	36.3220992319
48.0	2331.86642649	-285.647340449	32.251657583
48.05	2394.77876635	-286.506597127	33.1217877156
48.1	2159.54757764	-283.235146233	29.86834418
48.15	2532.06719766	-288.501533253	35.0206012267
48.2	2454.16438974	-287.40793476	33.943140418
48.25	2273.89977753	-284.861784062	31.4499304806
48.3	2551.82918465	-288.820310638	35.2939259893
48.35	2404.02522825	-286.802443613	33.2496739957
48.4	2553.58034937	-288.892528196	35.318146058
48.45	2481.51632797	-287.813480731	34.3214405368
48.5	2362.05542395	-286.097510192	32.6691965971
48.55	2246.69730973	-284.492359515	31.0736976625
48.6	2503.2857947	-288.16513301	34.6225304185
48.65	2488.83748859	-287.978403838	34.4226982943
48.7	2455.96871736	-287.442118112	33.9680957739
48.75	2323.83699293	-285.592527015	32.1406038199
48.8	2481.58634019	-287.803213258	34.3224088641
48.85	2457.95607888	-287.43485886	33.9955826412
48.9	2197.71371182	-283.778874033	30.3962136485
48.95	2290.91086363	-285.09053797	31.6852079894
49.0	2535.02881194	-288.580364983	35.0615628224
49.05	2630.07627169	-289.926880649	36.3761484655
49.1	2343.83218209	-285.898664748	32.417153963
49.15	2303.69341367	-285.375602937	31.8620013178
49.2	2456.66941236	-287.519805491	33.9777869702
49.25	2239.02302934	-284.437930303	30.9675559639
49.3	2428.03197573	-287.105609622	33.5817073364
49.35	2370.28584685	-286.334792121	32.7830302105
49.4	2456.3119125	-287.502330421	33.9728424489
49.45	2419.65128146	-286.893935737	33.4657953447
49.5	2402.52842997	-286.740030506	33.2289720271
49.55	2050.33793958	-281.774410329	28.3578837988
49.6	2661.47845587	-290.301645007	36.8104668638
49.65	2406.98619904	-286.690901502	33.2906266914
49.7	2299.8540853	-285.170892567	31.8089002043
49.75	2592.34707489	-289.304356187	35.8543222055
49.8	2383.59908019	-286.383082019	32.9671633316
49.85	2423.35099479	-286.957321714	33.5169654658
49.9	2483.05978569	-287.868823721	34.3427878443
49.95	2556.67852706	-288.890439229	35.3609964396
50.0	2367.93817443	-286.221131692	32.7505599428
50.05	2471.84546141	-287.632186216	34.1876843862
50.1	2487.57233866	-287.800041	34.4052002156
50.15	2532.23049209	-288.435886301	35.0228597249
50.2	2170.13840667	-283.30119321	30.0148241789
50.25	2227.48226118	-284.202164246	30.8079375147
50.3	2412.80552253	-286.866334877	33.3711127889
50.35	2202.8154637	-283.915196801	30.466775132
50.4	2471.66363065	-287.729404165	34.1851695152
50.45	2457.02227626	-287.506780625	33.9826673722
50.5	2365.94507184	-286.272126648	32.7229936717
50.55	2369.35296128	-286.190858342	32.770127625
50.6	2607.40346272	-289.50370757	36.0625646071
50.65	2465.36248295	-287.595407378	34.0980193869
50.7	2241.09837819	-284.452744538	30.9962597695
50.75	2377.12892281	-286.355240526	32.8776756585
50.8	2661.97234402	-290.355757148	36.817297749
50.85	2457.59907405	-287.516792974	33.9906449668
50.9	2536.37392969	-288.574651803	35.0801669227
50.95	2104.85995735	-282.512613803	29.111968779
51.0	2532.12142015	-288.534984484	35.021351169
51.05	2436.65590269	-287.13319429	33.7009834391
51.1	2174.94291711	-283.547534541	30.0812745655
51.15	2205.35902272	-283.96969792	30.5019546747
51.2	2261.0622903	-284.617463884	31.272377325
51.25	2368.35381454	-286.222264359	32.7563085922
51.3	2429.69330979	-287.101775583	33.604684972
51.35	2136.79116796	-283.021633696	29.5536040541
51.4	2472.20161068	-287.625500667	34.1926102276
51.45	2408.96313182	-286.802739227	33.3179693207
51.5	2403.92315074	-286.702817188	33.2482621786
51.55	2441.75883972	-287.163944616	33.7715613143
51.6	2328.02335266	-285.665151165	32.1985046666
51.65	2329.57445115	-285.763232506	32.2199576524
51.7	2290.60179859	-285.165626467	31.6809333622
51.75	2300.30946583	-285.205428154	31.8151984969
51.8	2444.21245429	-287.30178748	33.8054968502
51.85	2731.49719317	-291.380511946	37.7788844002
51.9	2442.83319097	-287.263213942	33.7864204882
51.95	2444.64579889	-287.335874105	33.8114903675
52.0	2312.27942197	-285.5033679	31.9807529739
52.05	2418.28824193	-286.954621473	33.4469433712
52.1	2155.02595948	-283.231258198	29.8058064296
52.15	2661.22449861	-290.357298079	36.8069544232
52.2	2469.1021165	-287.690960608	34.1497416379
52.25	2404.52031259	-286.792488275	33.2565214252
52.3	2259.28269777	-284.733936086	31.2477640761
52.35	2536.73998887	-288.537259084	35.0852298265
52.4	2375.40120704	-286.328988531	32.8537799084
52.45	2426.60641054	-286.9782742	33.5619905808
52.5	2529.7524312	-288.471739114	34.988586076
52.55	2540.75475844	-288.627629543	35.1407574382
52.6	2325.21226377	-285.641772107	32.1596249627
52.65	2169.1635766	-283.429228772	30.0013414659
52.7	2352.90912741	-286.019702105	32.5426956876
52.75	2393.46957323	-286.529632598	33.1036804828
52.8	2263.86163242	-284.734807406	31.3110945614
52.85	2390.29612814	-286.531641465	33.0597890904
52.9	2520.05807595	-288.318323175	34.8545050572
52.95	2435.90537914	-287.100214461	33.6906030723
53.0	2510.20125921	-288.22303777	34.7181770606
53.05	2416.25734289	-286.928892233	33.4188543435
53.1	2201.33875554	-283.803693274	30.4463510266
53.15	2148.25292838	-283.105575573	29.7121297604
53.2	2416.18533268	-286.851187187	33.4178583823
53.25	2397.15992077	-286.599687891	33.1547210672
53.3	2085.05231768	-282.184909362	28.8380126016
53.35	2393.14110999	-286.538423948	33.0991375622
53.4	2377.32711271	-286.359670906	32.8804167902
53.45	2634.61231978	-289.943673652	36.4388857939
53.5	2418.83161881	-286.836628533	33.4544587266
53.55	2605.02503073	-289.54890368	36.0296689089
53.6	2327.74831526	-285.650061928	32.19470067
53.65	2455.18008196	-287.446637351	33.9571882886
53.7	2432.46192301	-287.140958273	33.6429772021
53.75	2506.20204959	-288.152526778	34.6628646559
53.8	2267.83801758	-284.868981922	31.3660912846
53.85	2167.13166929	-283.382502198	29.9732384932
53.9	2543.65901806	-288.738287797	35.1809257711
53.95	2569.26738814	-289.039058262	35.5351108881
54.0	2420.26561206	-286.937945445	33.4742920492
54.05	2265.0878981	-284.76059888	31.3280548385
54.1	2386.64604043	-286.59186411	33.009305333
54.15	2497.40913619	-287.995258724	34.5412513298
54.2	2537.25793327	-288.618084413	35.0923934296
54.25	2390.06266731	-286.544309727	33.0565601324
54.3	2472.23786769	-287.735558798	34.1931116923
54.35	2294.21841204	-285.139853863	31.7309541426
54.4	2511.02679517	-288.250254373	34.7295949115
54.45	2377.72511658	-286.291488639	32.8859215157
54.5	2380.04088807	-286.284340143	32.9179505668
54.55	2324.45376703	-285.643721533	32.1491343201
54.6	2417.64645979	-286.92882566	33.4380669888
54.65	2259.76490941	-284.724541491	31.2544334651
54.7	2298.45945623	-285.26717631	31.7896113211
54.75	2216.63725086	-284.037721824	30.6579419766
54.8	2540.72548954	-288.584367062	35.140352625
54.85	2390.28421371	-286.519650274	33.0596243039
54.9	2312.91912704	-285.478147815	31.9896006285
54.95	2238.79813977	-284.377811257	30.9644455536
55.0	2452.20780581	-287.40998071	33.9160792303
55.05	2447.48227132	-287.323276561	33.850721147
55.1	2627.87405376	-289.827834349	36.3456899547
55.15	2663.18843764	-290.396727207	36.8341173379
55.2	2244.98205808	-284.555113339	31.0499743015
55.25	2321.99197424	-285.588723381	32.1150856726
55.3	2327.60006038	-285.6155736	32.1926501813
55.35	2740.82949968	-291.430433111	37.9079579828
55.4	2436.80420958	-287.237106663	33.703034647
55.45	2433.99772986	-287.18648852	33.6642186917
55.5	2229.80383234	-284.274733753	30.8400467802
55.55	2549.8260942	-288.710064624	35.2662215777
55.6	2278.92843694	-284.962555579	31.5194810343
55.65	2401.07645722	-286.69484233	33.208890033
55.7	2534.00150903	-288.596140475	35.0473543663
55.75	2258.93503347	-284.680669968	31.2429555887
55.8	2529.13799958	-288.468389019	34.9800879742
55.85	2443.52516922	-287.23004825	33.7959911245
55.9	2214.31097833	-284.077720788	30.6257676872
55.95	2230.6625822	-284.278013979	30.8519240069
56.0	2169.97822656	-283.449462542	30.0126087544
56.05	2479.63740368	-287.828948232	34.2954534466
56.1	2416.64556811	-286.862397117	33.4242238221
56.15	2395.32095789	-286.56905046	33.1292866768
56.2	2349.70789156	-285.987718396	32.4984199257
56.25	2636.44654868	-290.028447304	36.4642547095
56.3	2553.81202187	-288.763756416	35.3213502819
56.35	2215.91867019	-283.944970701	30.6480034066
56.4	2324.73797442	-285.563506926	32.1530651454
56.45	2448.18480826	-287.379049414	33.8604378188
56.5	2173.98709961	-283.476350407	30.0680548122
56.55	2414.68258858	-286.856165081	33.397074178
56.6	2640.28140598	-289.962416899	36.5172939844
56.65	2387.99232996	-286.544270501	33.0279256401
56.7	2295.0030644	-285.24792042	31.7418065392
56.75	2382.88026648	-286.515570052	32.9572215385
56.8	2489.64270482	-287.912604159	34.4338351064
56.85	2504.3789946	-288.06522162	34.6376502849
56.9	2347.57986253	-285.927108156	32.4689875093
56.95	2336.42960925	-285.845209684	32.3147702065
57.0	2450.7913957	-287.371666908	33.8964890972
57.05	2368.9744043	-286.141603716	32.7648918662
57.1	2413.63627944	-286.817980271	33.3826028498
57.15	2662.92254102	-290.362555552	36.830439766
57.2	2295.97443099	-285.139346519	31.7552413494
57.25	2450.12234518	-287.43672995	33.8872355705
57.3	2334.5987055	-285.815973482	32.2894472806
57.35	2564.53043113	-288.932383811	35.4695948217
57.4	2398.61495617	-286.56976298	33.1748454204
57.45	2426.64509404	-287.05481802	33.5625256058
57.5	2376.56349589	-286.404712217	32.8698553326
57.55	2310.55777745	-285.406055885	31.9569411942
57.6	2364.88904424	-286.089659902	32.7083879292
57.65	2608.64645806	-289.556492445	36.0797562694
57.7	2452.80566378	-287.373361783	33.9243481047
57.75	2405.52677652	-286.823826491	33.2704416607
57.8	2488.57640174	-287.998818155	34.4190872455
57.85	2215.24130648	-284.020899855	30.6386349015
57.9	2534.34723292	-288.491840322	35.052136016
57.95	2373.0328884	-286.207289832	32.8210240863
58.0	2553.63648372	-288.841772001	35.3189224429
58.05	2348.13849253	-285.924397044	32.4767138281
58.1	2172.5098544	-283.469885585	30.0476232788
58.15	2204.58039563	-283.96412848	30.4911856127
58.2	2393.25692929	-286.562639646	33.1007394397
58.25	2459.45718705	-287.413581539	34.0163442193
58.3	2628.39771584	-289.89558589	36.3529326381
58.35	2401.80871854	-286.628775997	33.2190178177
58.4	2489.78421421	-287.889139345	34.4357922993
58.45	2341.49971969	-285.831397936	32.3848940627
58.5	2411.12776707	-286.825271416	33.3479080315
58.55	2412.45161079	-286.847159332	33.3662178944
58.6	2486.14257924	-287.885302	34.3854254503
58.65	2381.52030813	-286.384680657	32.9384121802
58.7	2641.41107877	-290.049236105	36.5329183013
58.75	2220.98583527	-284.096915357	30.718086526
58.8	2392.63805737	-286.548969763	33.092179925
58.85	2427.45161729	-286.980694952	33.5736804951
58.9	2485.34158558	-287.737716671	34.3743470399
58.95	2477.4500448	-287.688963355	34.265200449
59.0	2262.58911219	-284.712608456	31.2934945451
59.05	2485.84120066	-287.877540366	34.3812571332
59.1	2397.69268181	-286.620571949	33.1620895968
59.15	2486.01000363	-287.8751305	34.3835918191
59.2	2544.7119043	-288.786919202	35.195488066
59.25	2430.56312486	-287.107043747	33.6167152399
59.3	2468.57403722	-287.563704432	34.142437861
59.35	2249.55022317	-284.53048088	31.1131558349
59.4	2327.59375732	-285.734020711	32.1925630048
59.45	2280.13456787	-284.986846255	31.536162831
59.5	2172.46102406	-283.448121945	30.0469479145
59.55	2465.0711239	-287.573243863	34.0939896483
59.6	2525.98812976	-288.378750976	34.9365226473
59.65	2457.11698663	-287.511436823	33.9839772955
59.7	2180.30874748	-283.610986284	30.1554884749
59.75	2620.46300546	-289.797854693	36.2431889756
59.8	2182.64943952	-283.672124102	30.1878621981
59.85	2569.29738473	-289.089553856	35.5355257659
59.9	2446.24557474	-287.25377205	33.8336166018
59.95	2345.85968483	-285.868514915	32.445196017
60.0	2317.3514578	-285.572225483	32.0509034598
60.05	2393.93765454	-286.571040126	33.1101544378
60.1	2477.92183746	-287.739311082	34.2717257349
60.15	2437.17812278	-287.177045949	33.7082061785
60.2	2198.21650991	-283.902932221	30.4031677653
60.25	2606.92557128	-289.611945171	36.0559549699
60.3	2322.55210365	-285.493254534	32.1228327294
60.35	2394.33944868	-286.640752419	33.1157115859
60.4	2125.65023278	-282.788381852	29.3995156284
60.45	2261.2231357	-284.646531886	31.274601951
60.5	2278.28363954	-284.905108098	31.5105629486
60.55	2328.22790269	-285.647745035	32.2013337642
60.6	2278.73075072	-284.99615013	31.516746869
60.65	2727.65526061	-291.223825673	37.7257472685
60.7	2639.86186581	-290.026964272	36.511491394
60.75	2383.72252944	-286.471711208	32.9688707376
60.8	2445.43668408	-287.231437857	33.8224289693
60.85	2473.73598038	-287.676369083	34.2138318403
60.9	2445.28870869	-287.380821154	33.8203823462
60.95	2359.04404452	-286.161298653	32.627546708
61.0	2513.29647798	-288.247064846	34.7609865177
61.05	2387.74568366	-286.474760493	33.0245143161
61.1	2492.06216127	-287.975206483	34.467298207
61.15	2343.06384493	-285.848331209	32.4065272193
61.2	2511.07607643	-288.193165949	34.7302765124
61.25	2291.25695821	-285.087242994	31.6899947662
61.3	2002.81535573	-281.10469452	27.7006068277
61.35	2287.70877635	-285.105051702	31.6409204517
61.4	2512.12630325	-288.231702516	34.7448020252
61.45	2494.05521103	-287.910770775	34.4948637475
61.5	2632.08209833	-289.936051771	36.4038907209
61.55	2513.17074799	-288.222234922	34.7592475671
61.6	2273.11534992	-284.90604767	31.4390811924
61.65	2196.79707554	-283.81011382	30.3835358041
61.7	2524.96711583	-288.395143637	34.9224011731
61.75	2491.36342032	-287.893004077	34.457634037
61.8	2378.40982455	-286.294856968	32.895391598
61.85	2416.77573717	-286.881682664	33.4260241688
61.9	2459.46658325	-287.508844425	34.0164741765
61.95	2295.56378647	-285.198578281	31.7495617932
62.0	2310.4177151	-285.455715941	31.9550040151
