# 	 t 	 T	E	K
2.05	1999.8499217	-286.447631131	27.6595924018
2.1	2306.09860844	-290.785021463	31.8952671677
2.15	2289.33829096	-290.532870126	31.6634579978
2.2	2085.10868793	-287.659572281	28.8387922492
2.25	2462.61185539	-293.020725374	34.0599759135
2.3	2013.65813953	-286.653599292	27.8505715712
2.35	2218.35610886	-289.507373296	30.6817152163
2.4	2282.67158388	-290.429015932	31.5712518786
2.45	2240.17152564	-289.848947671	30.9834406257
2.5	2045.69012052	-287.110305615	28.2936005846
2.55	2288.66563035	-290.562354436	31.6541545406
2.6	2128.80797002	-288.244252334	29.4431897682
2.65	2207.33897999	-289.391712729	30.5293391352
2.7	2106.33635743	-287.97728521	29.1323886235
2.75	2300.74531453	-290.7091404	31.8212266478
2.8	2302.64401197	-290.639424346	31.8474872171
2.85	2064.08303239	-287.352140984	28.5479898966
2.9	2218.13355449	-289.518241963	30.6786371037
2.95	2123.81017924	-288.194562314	29.3740661532
3.0	2298.77648541	-290.607623446	31.793996099
3.05	2161.034475	-288.676654645	29.8889092107
3.1	2129.23611081	-288.304829184	29.4491113123
3.15	2212.01521686	-289.454727954	30.5940153913
3.2	2236.16502398	-289.754375771	30.9280273661
3.25	2207.00042108	-289.375988122	30.524656583
3.3	2091.6062266	-287.812410985	28.9286586283
3.35	2166.76696274	-288.857477044	29.9681942973
3.4	2188.99082063	-289.201591419	30.2755687878
3.45	2221.77461572	-289.606463628	30.7289960175
3.5	2208.17909302	-289.377493177	30.5409585991
3.55	2233.20899231	-289.774369744	30.8871429826
3.6	2248.96508715	-290.008070047	31.1050629157
3.65	2364.45934169	-291.568766308	32.7024447846
3.7	2089.549962	-287.633778883	28.9002187739
3.75	2453.44811101	-292.865335917	33.9332336858
3.8	2191.16533819	-289.190194707	30.3056441795
3.85	2237.49652488	-289.838247961	30.9464431341
3.9	2171.76789604	-288.869276107	30.0373613759
3.95	2045.43576916	-287.132611029	28.2900826932
4.0	2202.3398682	-289.35556012	30.4601972496
4.05	2248.9612209	-290.00029499	31.1050094421
4.1	2300.49665617	-290.789895358	31.8177874954
4.15	2326.60345753	-291.075875355	32.1788663327
4.2	2236.81739207	-289.825810993	30.9370501609
4.25	2197.64213776	-289.319553075	30.3952237194
4.3	2343.41231715	-291.232819357	32.4113468807
4.35	2155.82843953	-288.652901205	29.8169053981
4.4	2178.76792373	-288.984940882	30.1341775973
4.45	2339.79518618	-291.265175504	32.3613189426
4.5	2238.47622246	-289.893780767	30.9599931687
4.55	2036.50621713	-286.969255386	28.166579541
4.6	2315.05233333	-290.915945141	32.0191046508
4.65	2287.13204446	-290.550597243	31.6329437686
4.7	2279.71479086	-290.429320894	31.5303569649
4.75	2113.49439372	-288.065377251	29.2313902355
4.8	2340.33997295	-291.232239436	32.3688537979
4.85	2351.30555532	-291.371984296	32.520516948
4.9	2130.35216223	-288.273517438	29.4645472343
4.95	2228.73553265	-289.664745195	30.8252713043
5.0	2265.12763852	-290.258196694	31.3286044816
5.05	2178.13816045	-288.954226114	30.1254674458
5.1	2174.35776698	-288.974412574	30.0731814511
5.15	2219.77309579	-289.627642943	30.7013133274
5.2	2237.24127258	-289.786180265	30.9429127818
5.25	2349.0827664	-291.388986912	32.4897739234
5.3	2151.43346099	-288.678146239	29.7561191791
5.35	2441.19511431	-292.725044001	33.7637645217
5.4	2228.62256946	-289.721961465	30.8237089293
5.45	2203.004633	-289.334415205	30.4693915012
5.5	1895.93603126	-285.032833546	26.2223766272
5.55	2288.16969078	-290.602060119	31.6472952827
5.6	2279.56685558	-290.448322392	31.5283108966
5.65	2016.10381564	-286.636380306	27.8843973116
5.7	2196.74310643	-289.235824546	30.3827893663
5.75	2220.22241443	-289.601187029	30.707527779
5.8	2107.36012661	-287.965899724	29.1465482051
5.85	2276.29212161	-290.308076995	31.4830185945
5.9	2232.33449415	-289.786796869	30.8750479436
5.95	2190.36796442	-289.18886704	30.2946158351
6.0	2318.75958286	-290.974093469	32.0703790038
6.05	2298.00774808	-290.660327481	31.7833638206
6.1	2111.88952535	-288.029017003	29.2091935674
6.15	2316.9800764	-290.900661741	32.0457669452
6.2	2070.80058568	-287.503043806	28.6408992613
6.25	2257.77973441	-290.090000942	31.2269768392
6.3	2185.30217744	-289.045259929	30.224551776
6.35	2047.99658886	-287.155680423	28.3255009656
6.4	2187.4380126	-289.142904173	30.2540921577
6.45	1988.95013456	-286.256137368	27.5088392545
6.5	2449.79875765	-292.766959428	33.882760085
6.55	2129.24802529	-288.202129453	29.4492760995
6.6	2186.62866964	-289.05141877	30.2428982696
6.65	2271.77885541	-290.314751983	31.4205963587
6.7	2024.63549029	-286.884701987	28.0023974878
6.75	2211.23401936	-289.405453818	30.5832107784
6.8	2409.62761477	-292.193215873	33.3271596741
6.85	2126.99584972	-288.246713734	29.4181266329
6.9	2246.46614093	-289.971285398	31.0705004052
6.95	2191.984104	-289.173830775	30.3169683935
7.0	2319.46605059	-290.933094943	32.0801500418
7.05	2057.83548548	-287.333286136	28.461581112
7.1	2130.12999876	-288.354150952	29.4614745282
7.15	2305.50351808	-290.818898528	31.8870365716
7.2	2118.49361415	-288.122157244	29.3005336237
7.25	2286.3794059	-290.425775531	31.6225341496
7.3	2256.53277892	-290.101374219	31.2097304047
7.35	2209.57285594	-289.462640728	30.5602355027
7.4	2477.74966252	-293.253650984	34.269344412
7.45	2129.19472859	-288.288196794	29.4485389617
7.5	2170.90379928	-288.822396471	30.025410197
7.55	1931.98054769	-285.492143703	26.7209023524
7.6	2323.2436626	-291.077288916	32.1323975665
7.65	2138.40024306	-288.454977726	29.5758589048
7.7	2394.06309764	-292.037750961	33.1118894204
7.75	2321.83557106	-291.046973307	32.1129224861
7.8	2251.46757486	-289.983975006	31.1396744079
7.85	2281.45897758	-290.422347949	31.554480522
7.9	2093.90865633	-287.871579403	28.9605031519
7.95	1942.32612613	-285.76884464	26.8639903311
8.0	2225.96089975	-289.674100476	30.7868958172
8.05	2370.80774321	-291.682727577	32.7902484725
8.1	2407.82027546	-292.212884471	33.3021626639
8.15	1986.88102635	-286.32355229	27.4802217623
8.2	2200.96382038	-289.290846517	30.4411653605
8.25	2218.45184167	-289.486751208	30.683039281
8.3	2225.72871551	-289.625640853	30.7836845155
8.35	2268.37218649	-290.305666159	31.3734792861
8.4	1959.94235611	-285.911237956	27.1076374845
8.45	2157.94247249	-288.714817442	29.846144237
8.5	2079.95485514	-287.654285289	28.7675104432
8.55	2122.93331239	-288.187829758	29.3619383533
8.6	2302.96421086	-290.676226189	31.8519158348
8.65	2187.48318019	-289.056592136	30.2547168631
8.7	2404.98912227	-292.260471306	33.263005454
8.75	2261.31317426	-290.235840436	31.2758472595
8.8	2337.70839227	-291.237337131	32.3324568422
8.85	2226.45254792	-289.688704687	30.7936957215
8.9	2024.05329208	-286.863495042	27.9943452011
8.95	2192.44176064	-289.148081802	30.3232981664
9.0	2277.46842866	-290.293028456	31.4992879021
9.05	2409.02731901	-292.244993612	33.318857083
9.1	2103.48225017	-288.004701794	29.0929139396
9.15	2257.2754521	-290.067550577	31.2200021943
9.2	1919.73550383	-285.304132931	26.5515431828
9.25	2283.67477246	-290.46416771	31.5851268133
9.3	2153.52738564	-288.660923856	29.7850799035
9.35	2316.64943841	-290.913420968	32.0411939461
9.4	2557.98515563	-294.334877133	35.3790682025
9.45	2246.74188185	-289.975524575	31.0743141321
9.5	1850.74448579	-284.374988916	25.5973398611
9.55	2210.04652772	-289.417713171	30.5667867786
9.6	2065.83068779	-287.390587751	28.5721614284
9.65	2118.18264271	-288.094761234	29.2962326293
9.7	2156.79123167	-288.702116685	29.8302216163
9.75	2266.98549604	-290.231766616	31.3543002007
9.8	2150.19895201	-288.567001698	29.7390448903
9.85	2362.44602723	-291.584688653	32.6745989664
9.9	2346.66976711	-291.322871938	32.4564001305
9.95	2252.24567995	-290.02008221	31.1504362503
10.0	2195.73385692	-289.223394455	30.3688306038
10.05	2103.27182521	-287.848610145	29.0900035869
10.1	2549.79709808	-294.173204799	35.2658205372
10.15	2175.45856514	-288.941760136	30.0884064078
10.2	2013.39956899	-286.696298939	27.8469953249
10.25	2290.86134193	-290.611411116	31.6845230631
10.3	2252.04866086	-289.985430761	31.147711312
10.35	2228.6582882	-289.633400743	30.8242029492
10.4	2409.62438315	-292.277334565	33.327114978
10.45	2120.92580295	-288.183674972	29.3341728234
10.5	2140.68354539	-288.419272536	29.6074388804
10.55	2156.79085376	-288.690065623	29.8302163895
10.6	2149.52650224	-288.547744495	29.7297443491
10.65	2105.13464195	-287.934367514	29.1157678961
10.7	2324.62769522	-291.068347576	32.151539892
10.75	2099.02290748	-287.866681225	29.0312375108
10.8	2410.36438051	-292.213089723	33.3373497587
10.85	2156.38308267	-288.638151292	29.8245765753
10.9	2232.44822161	-289.731929199	30.8766208893
10.95	2388.10235426	-291.92368096	33.0294473679
11.0	1999.24497215	-286.397828498	27.6512254449
11.05	2172.59382202	-288.988667937	30.0487846211
11.1	2193.04152227	-289.263159137	30.33159337
11.15	2071.66681123	-287.468466314	28.6528798831
11.2	2271.92628079	-290.259559125	31.4226353747
11.25	2288.71052867	-290.458430645	31.6547755218
11.3	2250.0268455	-290.004919224	31.1197479193
11.35	2158.38960097	-288.748943628	29.8523283969
11.4	2339.13276573	-291.327793162	32.3521571152
11.45	2185.75015809	-289.105226776	30.230747722
11.5	2199.71200835	-289.301217237	30.4238517561
11.55	2254.40104326	-289.988188288	31.1802467226
11.6	2172.88480894	-288.85495521	30.0528092129
11.65	2311.46705339	-290.849560707	31.9695172389
11.7	2107.80617828	-288.014929362	29.1527174717
11.75	2187.99560683	-289.163188739	30.261804151
11.8	1989.35185454	-286.378345094	27.514395377
11.85	2091.92942089	-287.778744909	28.9331286749
11.9	2258.17059945	-290.085734803	31.2323828286
11.95	2153.21972716	-288.571321749	29.7808247301
12.0	2102.17276438	-287.805610096	29.0748026588
12.05	2199.49663592	-289.299634261	30.4208729758
12.1	2182.42103068	-289.009749209	30.1847031134
12.15	2258.74041705	-290.036740281	31.2402638813
12.2	2296.32710369	-290.700335838	31.7601191069
12.25	2218.89909175	-289.61050666	30.6892251226
12.3	2207.19536665	-289.389074724	30.5273528429
12.35	2234.52595876	-289.744278207	30.9053577271
12.4	2197.10784238	-289.264092556	30.3878339688
12.45	2093.39744947	-287.81906319	28.9534327346
12.5	2524.71113505	-293.833204613	34.9188607455
12.55	2359.03221275	-291.49349062	32.6273830647
12.6	2102.54284432	-287.957735997	29.0799211732
12.65	2109.105151	-287.99147463	29.1706833478
12.7	2101.87746319	-287.929516614	29.0707183972
12.75	2288.25055448	-290.523795071	31.648413695
12.8	2154.59351455	-288.624866337	29.7998253555
12.85	2474.14597113	-293.124373133	34.2195023543
12.9	2016.7707404	-286.664594419	27.8936214372
12.95	2315.02412105	-290.916015569	32.0187144514
13.0	2148.40073347	-288.593872497	29.7141740281
13.05	2063.97122997	-287.329474843	28.5464435758
13.1	2241.08490568	-289.836788209	30.9960734334
13.15	2105.7718162	-287.849180109	29.1245805474
13.2	2124.72323495	-288.251894991	29.3866944753
13.25	2141.86326345	-288.48050318	29.6237553651
13.3	2348.5618293	-291.417447894	32.4825689288
13.35	2342.66614588	-291.264139005	32.4010267098
13.4	2409.333959	-292.21811009	33.3230981698
13.45	2169.19622784	-288.85835686	30.0017930599
13.5	2092.86615674	-287.756117413	28.946084513
13.55	1991.65304852	-286.340910222	27.546222809
13.6	2459.33823936	-292.923951519	34.0146990735
13.65	2057.09363747	-287.233701221	28.4513207353
13.7	2350.64372304	-291.377725654	32.5113632557
13.75	2082.43794299	-287.669041825	28.8018536192
13.8	2221.80686936	-289.560859516	30.7294421122
13.85	2319.52114428	-290.912045524	32.0809120334
13.9	2180.22704694	-288.941670275	30.1543584883
13.95	2065.01418573	-287.294446372	28.5608685239
14.0	2203.55548978	-289.287291391	30.47701031
14.05	2123.80698087	-288.214881702	29.3740219171
14.1	2173.73727312	-288.903151823	30.0645995036
14.15	2405.39347552	-292.161223687	33.2685979967
14.2	2145.30915868	-288.456583021	29.6714149701
14.25	2215.88371245	-289.544491672	30.6475199119
14.3	2327.50417192	-291.192138124	32.191323964
14.35	2134.54539448	-288.360275615	29.5225431338
14.4	2258.27558973	-290.134564322	31.2338349318
14.45	2214.88508703	-289.58962044	30.6337080894
14.5	2628.8483313	-295.35701023	36.3591650257
14.55	2192.56928284	-289.142847729	30.3250619049
14.6	2260.00708976	-290.12319988	31.2577830214
14.65	1967.93308303	-286.029171601	27.2181559026
14.7	2111.36133025	-288.012409497	29.2018881886
14.75	2270.82243707	-290.224994908	31.4073682953
14.8	2356.81152678	-291.445368664	32.5966691255
14.85	2325.18721572	-290.990809491	32.1592785273
14.9	2271.71116598	-290.294782277	31.4196601574
14.95	2219.680259	-289.531480837	30.7000293171
15.0	2022.15573998	-286.773720496	27.9681004728
15.05	2140.9333612	-288.479511092	29.6108940414
15.1	2495.58764595	-293.455320499	34.5160586006
15.15	2180.87664325	-288.965831243	30.1633429471
15.2	2317.86458674	-290.963973971	32.058000461
15.25	2441.95009324	-292.752156722	33.77420651
15.3	2035.58851277	-286.979856192	28.1538869242
15.35	2264.56273622	-290.18936105	31.3207914116
15.4	2125.42520721	-288.199555388	29.3964033371
15.45	2295.42384196	-290.710302201	31.7476262438
15.5	2270.39203824	-290.21452064	31.4014155204
15.55	2209.74526553	-289.393996715	30.5626200712
15.6	2263.99816395	-290.17267584	31.3129829062
15.65	2227.02134454	-289.716002333	30.8015626531
15.7	2056.95552042	-287.28505822	28.4494104613
15.75	2260.21700442	-290.111660903	31.2606863162
15.8	2344.08140706	-291.350277077	32.4206009523
15.85	2155.4606576	-288.670175665	29.8118186671
15.9	2329.79346242	-291.102894695	32.2229867609
15.95	2345.77121096	-291.329594614	32.4439723496
16.0	1992.16256903	-286.353472971	27.5532699027
16.05	2207.29425876	-289.445223266	30.5287206032
16.1	2429.618933	-292.493839554	33.6036562791
16.15	2340.83286287	-291.253494013	32.3756708766
16.2	2083.62949586	-287.678112517	28.8183337892
16.25	2197.15434477	-289.280884674	30.3884771356
16.3	2154.70304321	-288.755160222	29.8013402283
16.35	2384.53206029	-291.91172713	32.9800672245
16.4	2450.67845226	-292.775140258	33.8949269952
16.45	2190.58923376	-289.191849917	30.2976761746
16.5	2114.48176313	-288.133920452	29.245046378
16.55	2243.51388854	-289.966159169	31.0296682923
16.6	2085.64370814	-287.722138275	28.8461920249
16.65	2270.88430899	-290.285712646	31.4082240356
16.7	2335.53930771	-291.232299931	32.3024565937
16.75	2217.31631637	-289.541928083	30.6673340189
16.8	2393.8835768	-292.017100654	33.1094064975
16.85	2067.16867608	-287.382797377	28.5906669224
16.9	2384.59072469	-291.88386559	32.980878602
16.95	2147.80674351	-288.532495413	29.7059586515
17.0	2225.24249212	-289.65644984	30.7769596405
17.05	2311.22532764	-290.887320908	31.9661739702
17.1	1997.91905492	-286.43121746	27.6328869037
17.15	2263.30127421	-290.123383327	31.3033443399
17.2	2245.41305726	-289.927332726	31.0559353798
17.25	2151.46076522	-288.642978002	29.7564968195
17.3	2184.79902171	-289.123493708	30.2175927126
17.35	2226.69919371	-289.723668712	30.7971070385
17.4	2336.96258084	-291.236388998	32.3221416481
17.45	2287.618377	-290.508346875	31.6396701532
17.5	2206.24581396	-289.378347836	30.5142197372
17.55	2116.63227042	-288.070976093	29.2747896874
17.6	2205.73015161	-289.372883369	30.5070876968
17.65	2262.94941808	-290.153425319	31.2984778761
17.7	2275.51175556	-290.346837018	31.4722254811
17.75	2239.65820995	-289.89603282	30.9763410416
17.8	2489.2417073	-293.377936773	34.4282889763
17.85	2088.09807628	-287.699054553	28.8801379834
17.9	2297.1973358	-290.60866045	31.7721551429
17.95	2106.07234116	-287.92986842	29.1287370583
18.0	2113.99510786	-288.080778586	29.2383155297
18.05	2160.01892488	-288.680081796	29.8748633054
18.1	2370.39488931	-291.582055123	32.7845383587
18.15	2177.54341901	-288.916132364	30.1172416757
18.2	2325.81633601	-291.046902384	32.1679797856
18.25	2051.9828391	-287.263002404	28.3806341311
18.3	2034.6009798	-286.962352532	28.1402285197
18.35	2452.7422409	-292.898160382	33.9234709134
18.4	2150.79530944	-288.647405827	29.747293011
18.45	2430.35438245	-292.52284623	33.6138281582
18.5	2217.11731157	-289.457188374	30.6645816166
18.55	2171.56495071	-288.867776445	30.0345544727
18.6	2158.7552617	-288.710276611	29.8573857898
18.65	2226.78507556	-289.606873669	30.798294856
18.7	1932.22305935	-285.488492558	26.724256491
18.75	2136.52771059	-288.503748964	29.5499602189
18.8	2495.23671144	-293.508895039	34.5112048837
18.85	2197.4872229	-289.270257325	30.3930811177
18.9	2229.26764999	-289.645685444	30.832630931
18.95	2206.53899936	-289.319937646	30.5182747358
19.0	2464.73926733	-293.023543154	34.089399795
19.05	1998.15220124	-286.400861024	27.6361115119
19.1	2230.75938871	-289.706485194	30.8532629217
19.15	2291.83516504	-290.618521098	31.6979918489
19.2	1952.50728726	-285.835333582	27.0048042812
19.25	2242.73598653	-289.877558216	31.0189092587
19.3	2154.37700721	-288.663995325	29.7968308784
19.35	2092.38398746	-287.824816481	28.9394157097
19.4	2012.95728611	-286.694576658	27.8408781838
19.45	2209.0459316	-289.404755815	30.5529476997
19.5	2210.29369245	-289.338826851	30.5702052729
19.55	2425.46264991	-292.456429759	33.5461714173
19.6	2068.49829348	-287.46097753	28.6090566401
19.65	2308.69668599	-290.783582869	31.9312007471
19.7	2273.81394522	-290.356046647	31.448743348
19.75	2235.28169194	-289.762141265	30.9158101473
19.8	2346.32126049	-291.286258289	32.4515799934
19.85	2246.20630784	-289.934226147	31.0669066969
19.9	2192.26429765	-289.252023993	30.3208437053
19.95	2099.44544485	-287.842150325	29.0370815551
20.0	2499.07564549	-293.52303626	34.5643005434
20.05	1972.51458147	-286.072210804	27.2815218472
20.1	2464.88532537	-293.011216418	34.0914198996
20.15	2229.30395446	-289.691649187	30.8331330522
20.2	2314.48602022	-290.939948171	32.0112720681
20.25	2164.3545286	-288.808818614	29.9348283211
20.3	2206.74458559	-289.395120792	30.5211181648
20.35	2152.59574673	-288.625583369	29.7721945604
20.4	2251.70527311	-290.012625527	31.142961973
20.45	2230.03149899	-289.670028805	30.8431955998
20.5	2280.85789255	-290.430165594	31.5461670147
20.55	2179.98708684	-288.989032223	30.15103964
20.6	2351.19070954	-291.416013008	32.5189285351
20.65	2102.9053893	-287.922105789	29.0849354726
20.7	2273.79859909	-290.312831322	31.4485310983
20.75	2269.75564043	-290.205483369	31.392613608
20.8	2251.59591368	-290.071664841	31.1414494408
20.85	2284.07039924	-290.522581515	31.5905986617
20.9	2137.59158912	-288.33872921	29.5646745463
20.95	2112.54447083	-288.032776209	29.2182520096
21.0	2196.145477	-289.191999834	30.3745236528
21.05	2301.78715531	-290.728116861	31.8356361749
21.1	2018.678398	-286.73685186	27.9200059329
21.15	2332.88453315	-291.14895594	32.2657388472
21.2	2527.52441835	-293.875592487	34.9577708
21.25	2088.20979739	-287.743191357	28.8816831796
21.3	2133.0207886	-288.384327503	29.5014565628
21.35	2155.553587	-288.684462359	29.8131039583
21.4	2254.49240735	-290.051764909	31.1815103641
21.45	2262.16524193	-290.135347547	31.2876320659
21.5	2350.4320587	-291.378325008	32.5084357612
21.55	2067.4958977	-287.403919557	28.5951926703
21.6	1970.08839828	-286.084535984	27.2479657101
21.65	2173.63712832	-288.864753387	30.0632144174
21.7	2396.61334969	-292.039269638	33.1471615333
21.75	2103.44237333	-287.929305338	29.0923624096
21.8	2289.78255869	-290.55342143	31.669602591
21.85	2232.35983781	-289.750041891	30.8753984675
21.9	2259.15102406	-290.160515294	31.2459429188
21.95	2212.57073264	-289.475401926	30.6016986379
22.0	2318.96091356	-290.991109015	32.0731635753
22.05	2264.15699932	-290.191446919	31.3151797318
22.1	2126.07144978	-288.27947803	29.4053414108
22.15	2072.20593679	-287.468022205	28.6603364394
22.2	2459.32650598	-292.908680302	34.014536791
22.25	2092.7486316	-287.701140738	28.9444590424
22.3	2216.753104	-289.577437377	30.6595443221
22.35	2329.69666087	-291.174285178	32.2216479148
22.4	2244.50852812	-289.823949975	31.0434249873
22.45	2148.20940618	-288.493186272	29.7115278121
22.5	2110.32918831	-288.021521322	29.1876128047
22.55	2134.16842936	-288.397621896	29.5173293917
22.6	2100.14377871	-287.874083793	29.0467400949
22.65	2377.10552463	-291.75876905	32.8773520422
22.7	2290.41658394	-290.453388752	31.6783716891
22.75	2351.96637622	-291.427904691	32.5296566523
22.8	2286.52265258	-290.542468903	31.6245153706
22.85	2183.94823127	-289.097810739	30.2058255713
22.9	2281.13014316	-290.418420742	31.5499324677
22.95	2214.50849821	-289.462951854	30.628499552
23.0	2273.79951819	-290.331210428	31.4485438103
23.05	2324.8783965	-291.092582697	32.1550072998
23.1	2269.77235553	-290.331259527	31.3928447918
23.15	2220.8215581	-289.594116982	30.7158144357
23.2	2226.68780561	-289.708538173	30.7969495315
23.25	2361.84098187	-291.589820133	32.6662306844
23.3	2109.33009782	-287.923695895	29.17379455
23.35	2209.51848247	-289.391516042	30.5594834723
23.4	2238.8296366	-289.770258741	30.9648811811
23.45	2360.85566297	-291.5376646	32.6526029021
23.5	2218.34994433	-289.574700653	30.6816299557
23.55	2075.71379405	-287.592835784	28.708853031
23.6	2266.56107747	-290.252065209	31.3484301378
23.65	2287.94049423	-290.618608166	31.6441253033
23.7	2229.39792902	-289.737484582	30.8344327986
23.75	2029.93017737	-286.870004321	28.0756274263
23.8	2298.14448663	-290.605745842	31.7852550288
23.85	2444.97037007	-292.723038039	33.8159794577
23.9	2064.12932829	-287.354517632	28.5486302074
23.95	2100.46356319	-287.829117046	29.0511629809
24.0	2347.6205113	-291.340037591	32.4695497157
24.05	2242.78675321	-289.842236707	31.0196114042
24.1	2389.16673685	-292.002273494	33.0441686669
24.15	1948.77421863	-285.827460346	26.9531728283
24.2	1991.85804858	-286.293786457	27.5490581308
24.25	2469.6871912	-293.072228644	34.1578337091
24.3	2456.23490877	-292.917219594	33.9717774232
24.35	2219.39308254	-289.429650703	30.6960574273
24.4	2127.49163274	-288.258073138	29.4249837256
24.45	2145.96199324	-288.571440918	29.6804442166
24.5	2361.08036748	-291.577247367	32.655710753
24.55	2228.4646039	-289.74128409	30.8215241337
24.6	2384.14030325	-291.911738716	32.9746488979
24.65	2323.13188068	-291.026480924	32.1308515293
24.7	2191.46910623	-289.195399405	30.3098455447
24.75	2146.45386538	-288.551487918	29.6872472186
24.8	1968.66023714	-286.044107324	27.2282130504
24.85	2169.65226041	-288.840424501	30.0081003705
24.9	1993.24652366	-286.367361572	27.5682618993
24.95	2319.28720225	-291.030153234	32.07767642
25.0	2349.4124019	-291.47196726	32.4943330573
25.05	2124.03557353	-288.241042167	29.3771835442
25.1	2378.6233095	-291.757791916	32.8983442729
25.15	2127.69859484	-288.205797342	29.4278461841
25.2	2201.47404995	-289.383151733	30.4482222611
25.25	2175.58633091	-288.976315746	30.090173515
25.3	2204.13832537	-289.340044854	30.4850714122
25.35	2356.91803202	-291.467151739	32.598142182
25.4	2194.42993479	-289.218988197	30.3507962732
25.45	2347.13841983	-291.416887824	32.4628819886
25.5	2403.17022733	-292.173744497	33.2378486199
25.55	2033.873596	-286.96046645	28.130168195
25.6	1846.77818941	-284.292759515	25.542482674
25.65	2271.24476438	-290.315078103	31.4132094342
25.7	2191.49729231	-289.197854226	30.3102353817
25.75	2279.20808763	-290.420816225	31.5233488367
25.8	2243.75088387	-289.874159906	31.0329461354
25.85	2215.2905799	-289.505032602	30.6393163941
25.9	2188.81868809	-289.179491768	30.2731880512
25.95	2078.9432296	-287.581816572	28.7535188182
26.0	2406.01230894	-292.181265816	33.277156979
26.05	2441.91814713	-292.639440361	33.7737646687
26.1	2136.17734541	-288.330440007	29.5451143762
26.15	2113.88378281	-288.101285624	29.2367758114
26.2	2230.94985536	-289.743675359	30.8558972344
26.25	2311.65137838	-290.869948365	31.9720666072
26.3	2071.5416325	-287.465509018	28.651148557
26.35	2361.78466065	-291.584967567	32.6654517149
26.4	2214.09187122	-289.46716271	30.6227372532
26.45	2072.78191897	-287.481799953	28.6683027533
26.5	2161.24917901	-288.808738421	29.8918787461
26.55	2139.45255948	-288.42865298	29.5904133185
26.6	2390.08419874	-291.986393821	33.05685793
26.65	2176.25635761	-288.95943844	30.099440543
26.7	2544.14869215	-294.19609699	35.1876983721
26.75	2234.60736667	-289.793416627	30.9064836663
26.8	2138.9292503	-288.452247712	29.5831755161
26.85	2189.84694457	-289.203566867	30.287409696
26.9	2003.40175098	-286.51591798	27.7087171631
26.95	2339.22342737	-291.198237681	32.3534110414
27.0	2173.43580831	-288.872817059	30.0604299938
27.05	2191.24928409	-289.118210716	30.3068052212
27.1	2386.76206337	-291.899494667	33.0109100271
27.15	2267.1134636	-290.256784159	31.3560700987
27.2	2065.31816036	-287.407335518	28.5650727466
27.25	2191.03860404	-289.145049442	30.3038913404
27.3	2261.2380909	-290.096662461	31.2748087939
27.35	2258.57855037	-290.042283504	31.2380251301
27.4	2170.64995332	-288.846764086	30.0218992957
27.45	2275.59528831	-290.387634329	31.4733808087
27.5	2124.91472517	-288.197649552	29.3893429447
27.55	2294.52246655	-290.617704842	31.7351594702
27.6	2455.52023631	-292.921800358	33.9618929069
27.65	2164.89452751	-288.827665766	29.9422969564
27.7	2046.06629338	-287.154570736	28.298803369
27.75	2225.05059851	-289.681448452	30.7743055918
27.8	2294.42058729	-290.643585352	31.733750395
27.85	2177.07657694	-289.041285177	30.1107848605
27.9	2169.38885326	-288.877241265	30.00445723
27.95	2220.5064147	-289.56821382	30.7114557396
28.0	2244.85483666	-289.917455653	31.0482147232
28.05	2233.65236724	-289.723020437	30.8932752277
28.1	2319.53308243	-290.935021467	32.0810771479
28.15	1959.25992475	-285.876238066	27.0981988896
28.2	2227.88434035	-289.689495184	30.8134986049
28.25	2155.80848933	-288.629122318	29.8166294702
28.3	2315.34632722	-290.883861818	32.0231708315
28.35	2311.26489853	-290.845493864	31.9667212685
28.4	2064.38946519	-287.393637878	28.5522281178
28.45	1980.97234744	-286.22469465	27.3984998048
28.5	2091.80131926	-287.777784789	28.9313569226
28.55	2072.33331805	-287.473242069	28.6620982284
28.6	2327.85467979	-291.100994833	32.1961717802
28.65	2361.25222632	-291.559268728	32.658087704
28.7	2406.44352957	-292.194634139	33.28312112
28.75	2169.84417599	-288.903676444	30.0107547232
28.8	2190.05574651	-289.168528998	30.290297601
28.85	2160.53562512	-288.797445897	29.8820097007
28.9	2312.06137596	-290.825190112	31.9777372157
28.95	2259.72770496	-290.021027909	31.2539188966
29.0	2366.43110342	-291.654616787	32.7297158938
29.05	2192.93212275	-289.152384989	30.3300802835
29.1	1957.38442323	-285.812897716	27.0722591394
29.15	2301.54883252	-290.748809687	31.8323399718
29.2	2118.98590038	-288.22721015	29.3073423528
29.25	2112.73062689	-288.162163899	29.2208267033
29.3	2226.23425209	-289.696318622	30.790676508
29.35	2076.94872445	-287.600220758	28.7259331485
29.4	2284.2011108	-290.517672938	31.5924065115
29.45	2404.37097066	-292.06998623	33.2544559016
29.5	2442.55202316	-292.627244643	33.7825317028
29.55	2194.2993237	-289.249862	30.3489898129
29.6	2223.87070846	-289.713663696	30.7579867283
29.65	2226.24340587	-289.722645877	30.7908031124
29.7	2016.89251888	-286.829520487	27.8953057353
29.75	2335.26203829	-291.18554026	32.2986217264
29.8	2235.02616132	-289.758489275	30.9122759456
29.85	2195.93271817	-289.194338163	30.3715810207
29.9	2209.91028106	-289.492533377	30.5649023737
29.95	2322.52529841	-291.05321261	32.1224619907
30.0	2275.77827394	-290.321681612	31.4759116527
30.05	2074.35052713	-287.558832699	28.6899979124
30.1	2108.78851308	-288.057863563	29.1663039813
30.15	2321.62231933	-290.938532374	32.1099730369
30.2	2190.04221364	-289.159317641	30.2901104302
30.25	2200.99348038	-289.364452737	30.4415755831
30.3	2546.40419491	-294.165611127	35.2188938566
30.35	2211.72906449	-289.448138455	30.5900576654
30.4	2311.56251463	-290.836612794	31.9708375475
30.45	2040.76988551	-287.077226481	28.2255496308
30.5	2151.66958263	-288.639423344	29.7593849384
30.55	2299.54533725	-290.694442853	31.8046299612
30.6	2266.9438129	-290.22653555	31.3537236881
30.65	2063.85174523	-287.36624397	28.5447910022
30.7	2242.9238611	-289.876767075	31.0215077207
30.75	2409.33392094	-292.203857281	33.3230976435
30.8	2188.6723625	-289.105292835	30.2711642463
30.85	2118.78908591	-288.137629455	29.3046202446
30.9	2144.82005168	-288.466027478	29.6646502124
30.95	2353.93001494	-291.463282141	32.5568154135
31.0	2151.12682371	-288.584517555	29.7518781299
31.05	2310.94195081	-290.809147246	31.9622546322
31.1	2208.9023884	-289.406715367	30.5509623774
31.15	2208.24963818	-289.326488342	30.5419342975
31.2	2234.86474456	-289.813787713	30.9100434172
31.25	2053.15295768	-287.286423748	28.396817847
31.3	2122.77745244	-288.276506344	29.3597826803
31.35	2111.56520428	-288.061725912	29.2047079365
31.4	2169.84510915	-288.847176822	30.0107676295
31.45	2478.11055184	-293.21183158	34.2743358122
31.5	2308.52128733	-290.824407579	31.9287748373
31.55	2041.64598892	-287.119904957	28.2376668717
31.6	2236.80095061	-289.851880862	30.9368227618
31.65	2152.9785106	-288.643378105	29.7774885039
31.7	2038.95893655	-286.987883844	28.2005026962
31.75	2188.92304328	-289.097428406	30.2746313705
31.8	2247.79555603	-289.948439694	31.0888873248
31.85	2285.15799949	-290.494017427	31.6056410802
31.9	2040.09993071	-287.048995854	28.2162835971
31.95	2370.46515807	-291.734588579	32.7855102342
32.0	2319.28120477	-290.916491143	32.0775934699
32.05	2245.75902649	-289.90887284	31.0607204227
32.1	1996.81293333	-286.449870479	27.6175883196
32.15	2187.74730883	-289.130091496	30.2583699825
32.2	2148.7152317	-288.549049766	29.718523801
32.25	2060.75993425	-287.364095867	28.5020286776
32.3	2189.27477849	-289.146467262	30.2794961619
32.35	2132.47558323	-288.379154417	29.4939159178
32.4	2145.59335982	-288.628648317	29.6753457091
32.45	2251.36525072	-290.018232367	31.1382591796
32.5	2239.26095711	-289.776653667	30.9708467035
32.55	2360.97515509	-291.552585468	32.6542555778
32.6	2198.21456629	-289.310805463	30.4031408835
32.65	2356.37697999	-291.575775468	32.5906589811
32.7	2183.40546386	-289.097154242	30.1983186453
32.75	2121.66717939	-288.177789209	29.3444266779
32.8	2234.17676416	-289.778288499	30.9005280745
32.85	2481.39497414	-293.250947383	34.3197621121
32.9	2118.10199268	-288.114066767	29.2951171721
32.95	2233.08491964	-289.790182325	30.8854269541
33.0	2099.39541057	-287.876023649	29.0363895393
33.05	2122.78691385	-288.173247109	29.3599135394
33.1	2652.63184087	-295.645476979	36.6881107999
33.15	2187.89781929	-289.164516677	30.2604516677
33.2	2070.92042298	-287.534153337	28.6425567112
33.25	2290.71324522	-290.590974601	31.6824747621
33.3	2350.28877277	-291.357349617	32.5064539973
33.35	2033.08986242	-286.941394857	28.1193285058
33.4	2310.78445794	-290.852055891	31.9600763745
33.45	2191.73446047	-289.195232628	30.3135156153
33.5	2443.58261513	-292.741961543	33.7967856494
33.55	2050.82368897	-287.213956364	28.364602118
33.6	2278.91076215	-290.425544976	31.5192365772
33.65	2395.50936129	-292.087745118	33.131892453
33.7	2062.76099076	-287.381626298	28.5297049581
33.75	2245.51329829	-289.889146896	31.0573217968
33.8	2073.4129563	-287.445342493	28.6770305259
33.85	2116.7932745	-288.099078553	29.2770165081
33.9	1962.69642776	-286.009714007	27.1457285926
33.95	2222.05494596	-289.678098641	30.7328732185
34.0	2044.60164411	-287.163000584	28.2785460481
34.05	2220.61973803	-289.548280094	30.7130230957
34.1	2352.67987533	-291.445309735	32.53952494
34.15	2112.96557613	-288.12463521	29.2240762472
34.2	2217.29432176	-289.550844064	30.6670298152
34.25	2336.63587238	-291.213292951	32.3176229977
34.3	2368.14858836	-291.675898768	32.753470143
34.35	2146.42945547	-288.593837292	29.6869096092
34.4	2394.20087387	-292.026821757	33.1137949806
34.45	2233.84674088	-289.763985707	30.8959635773
34.5	2100.94831102	-287.952534918	29.0578674476
34.55	2160.80348147	-288.730003647	29.8857143775
34.6	2179.36646342	-288.9813892	30.1424559004
34.65	2259.42559812	-290.13121553	31.249740507
34.7	2238.81422489	-289.830855126	30.9646680243
34.75	2317.15490122	-290.919395564	32.0481849184
34.8	2359.77997381	-291.510981598	32.6377252239
34.85	2229.90018036	-289.742047806	30.8413793536
34.9	2438.37694055	-292.668596488	33.7247868281
34.95	1936.12702511	-285.555598521	26.7782515935
35.0	2115.12705379	-288.080096286	29.253971286
35.05	2212.61321017	-289.401378091	30.6022861376
35.1	2311.5893066	-290.821088058	31.9712081027
35.15	2092.15619328	-287.776919622	28.9362651262
35.2	2267.49112744	-290.25145874	31.3612935046
35.25	2313.90717107	-290.903903778	32.0032661015
35.3	2253.62617944	-290.096380617	31.1695297097
35.35	2331.01502213	-291.116826166	32.2398819506
35.4	2038.70942311	-286.97915168	28.1970517172
35.45	2248.90256299	-290.021427986	31.1041981544
35.5	2241.38506401	-289.902205811	31.0002248735
35.55	2263.97135397	-290.198787078	31.3126121018
35.6	2153.86943956	-288.639360922	29.7898107945
35.65	2332.47900966	-291.200005968	32.2601301192
35.7	2162.81633013	-288.769668178	29.9135537533
35.75	2281.36416729	-290.365940787	31.5531692166
35.8	1972.23960613	-286.069874433	27.277718709
35.85	1978.1126348	-286.128449028	27.3589475939
35.9	2025.06314044	-286.797788708	28.0083122462
35.95	2172.6246363	-288.942380653	30.0492108083
36.0	2325.72146615	-291.095229278	32.1666676563
36.05	2178.35148441	-288.925344107	30.1284178941
36.1	2404.06515031	-292.115425994	33.2502261511
36.15	2307.06553727	-290.798414974	31.9086405998
36.2	2211.08526269	-289.517258047	30.5811533495
36.25	1994.1342908	-286.455612087	27.5805404592
36.3	2255.46923973	-290.05823001	31.1950207706
36.35	2003.29220574	-286.463220499	27.7072020611
36.4	2381.20860436	-291.823724096	32.934101057
36.45	2131.32500495	-288.305924435	29.4780024605
36.5	2246.0214041	-289.913209922	31.0643493239
36.55	2007.12714518	-286.552987561	27.7602424721
36.6	2200.63749826	-289.265080001	30.4366520535
36.65	2232.59091463	-289.728413661	30.8785944528
36.7	2243.29309448	-289.910975254	31.0266145264
36.75	2284.35550948	-290.493789362	31.5945419741
36.8	2331.76194646	-291.182356878	32.250212537
36.85	2100.09987234	-287.902432237	29.046132833
36.9	2228.04936677	-289.689668061	30.8157810579
36.95	2327.52149502	-291.052237461	32.1915635569
37.0	2181.97793596	-289.033671937	30.1785747437
37.05	2139.24418358	-288.423717839	29.5875313061
37.1	2111.95789356	-288.080855414	29.2101391568
37.15	2189.4182388	-289.209556408	30.2814803376
37.2	2343.92341026	-291.252977649	32.4184157247
37.25	2350.93444491	-291.397249016	32.5153841816
37.3	2125.61760746	-288.246507979	29.399064393
37.35	2303.17392661	-290.736975981	31.8548163786
37.4	2182.81924891	-289.04736692	30.1902108036
37.45	2096.0894599	-287.861779707	28.9906654841
37.5	2035.02250431	-286.974941088	28.1460585551
37.55	2218.71309106	-289.50427519	30.6866525779
37.6	2099.58059898	-287.873703096	29.0389508495
37.65	2458.61703891	-292.919333834	34.0047242698
37.7	2541.05647224	-294.085983019	35.1449303918
37.75	2235.13737464	-289.840896276	30.9138141186
37.8	2071.37281405	-287.579321966	28.648813657
37.85	2195.77576361	-289.289279957	30.3694102083
37.9	2087.63527358	-287.698901529	28.8737370361
37.95	2341.59543739	-291.239380068	32.3862179183
38.0	2331.91851518	-291.036203559	32.252378013
38.05	2134.91212293	-288.285588303	29.5276152941
38.1	2352.37707107	-291.425829779	32.5353369046
38.15	2159.14340216	-288.709996175	29.8627540961
38.2	2170.11995844	-288.934636998	30.0145690245
38.25	2247.44591554	-289.957972916	31.0840515053
38.3	2190.1253219	-289.125640409	30.2912598867
38.35	2303.96949317	-290.783464834	31.8658197276
38.4	2452.81570495	-292.852424926	33.9244869825
38.45	2061.37121865	-287.373749391	28.5104832508
38.5	2141.96190137	-288.51514287	29.6251196098
38.55	2157.63902842	-288.664840673	29.8419473525
38.6	2205.63802723	-289.366206602	30.5058135399
38.65	2258.84615607	-290.060067258	31.2417263402
38.7	2274.59315235	-290.288950883	31.4595204326
38.75	2096.8707615	-287.836900144	29.0014715369
38.8	2185.38776526	-289.089334598	30.225735527
38.85	2265.31090772	-290.181791757	31.3311392475
38.9	2052.72310524	-287.205879607	28.3908726293
38.95	2271.16287731	-290.333281985	31.4120768678
39.0	2190.18687515	-289.210692308	30.2921112195
39.05	2362.14845001	-291.532925867	32.6704832251
39.1	2233.45677214	-289.711033683	30.8905699843
39.15	2185.57167474	-289.14841207	30.2282791485
39.2	2158.08026869	-288.804351023	29.8480500734
39.25	2204.97802534	-289.395520969	30.4966851632
39.3	2216.45313103	-289.538638716	30.6553954457
39.35	2265.91523965	-290.199316572	31.3394976622
39.4	2149.75345691	-288.562927006	29.7328833215
39.45	2196.67234541	-289.222164978	30.3818106823
39.5	2176.54536178	-288.898555018	30.1034377117
39.55	2123.7537627	-288.235488558	29.3732858654
39.6	2113.66264386	-288.123333705	29.2337172753
39.65	2246.17854575	-289.988468751	31.066522724
39.7	2195.37209579	-289.167258032	30.3638271457
39.75	2094.71094235	-287.753872939	28.9715994366
39.8	2282.69899378	-290.446538454	31.5716309804
39.85	2364.6864829	-291.642374358	32.7055863369
39.9	2184.00746538	-289.075428212	30.2066448284
39.95	2216.97267381	-289.54243653	30.6625811558
40.0	2135.86433895	-288.414165973	29.5407852359
40.05	2014.18873318	-286.736442356	27.8579101239
40.1	2494.40030822	-293.41812291	34.4996367295
40.15	2248.85146462	-289.929423724	31.1034914214
40.2	2206.38003212	-289.38645001	30.5160760863
40.25	2046.52552428	-287.12568346	28.3051549155
40.3	2176.8633137	-289.000592619	30.1078352521
40.35	2212.84341661	-289.482258899	30.6054700846
40.4	2234.07764254	-289.704498782	30.8991571398
40.45	2458.69758602	-292.968334276	34.0058383034
40.5	2265.38912086	-290.292112546	31.3322210005
40.55	2190.60116678	-289.127140077	30.2978412183
40.6	2348.78961965	-291.331554277	32.4857194593
40.65	1975.12906092	-286.116902029	27.3176822786
40.7	2364.68288495	-291.636854372	32.7055365743
40.75	2071.46440607	-287.443732813	28.6500804511
40.8	2230.73149914	-289.716368973	30.8528771857
40.85	2222.53920756	-289.594255539	30.7395709603
40.9	2231.92692363	-289.77411357	30.8694109035
40.95	2308.7865208	-290.815368084	31.9324432374
41.0	2323.63792454	-291.09685701	32.137850538
41.05	2140.78593702	-288.487741967	29.6088550421
41.1	2244.84095137	-289.885918405	31.048022678
41.15	2270.2558489	-290.216920806	31.3995319084
41.2	2201.77895059	-289.332295936	30.4524392912
41.25	2282.41513154	-290.433194679	31.5677049288
41.3	2208.44165186	-289.418551356	30.5445900068
41.35	2112.1352587	-288.076811627	29.2125922646
41.4	2078.89031243	-287.589367792	28.7527869296
41.45	2487.93005518	-293.364571083	34.4101477335
41.5	2223.36364071	-289.616678452	30.7509735584
41.55	2230.72571404	-289.781049242	30.8527971729
41.6	2271.64104693	-290.307532715	31.4186903524
41.65	2286.25064342	-290.378476087	31.620753257
41.7	2162.59832954	-288.673169885	29.9105386233
41.75	2143.97512202	-288.50883809	29.6529641305
41.8	2251.94276068	-290.046639118	31.1462466242
41.85	2239.02241703	-289.861048596	30.9675474952
41.9	2334.7106274	-291.143887008	32.2909952539
41.95	2181.01669378	-289.006429128	30.1652799627
42.0	2183.28372978	-289.075134844	30.1966349614
42.05	2182.34465459	-289.077797425	30.1836467683
42.1	2210.61347609	-289.35007938	30.5746281473
42.15	2399.61638465	-292.097579716	33.1886960116
42.2	2183.79634862	-289.145705668	30.2037249075
42.25	2168.8253665	-288.852966584	29.9966637382
42.3	2122.92662675	-288.216408883	29.3618458854
42.35	2177.45730181	-289.017566557	30.1160506031
42.4	2252.82812523	-290.00269099	31.1584919543
42.45	2191.87480463	-289.195434262	30.315456692
42.5	2351.20262472	-291.42271024	32.519093332
42.55	2368.97405295	-291.66504452	32.7648870068
42.6	2066.27576256	-287.453083498	28.5783171837
42.65	2186.57254583	-289.155896197	30.2421220305
42.7	2354.29642125	-291.480988959	32.5618831184
42.75	2208.68255181	-289.433698144	30.5479218541
42.8	2227.03111542	-289.725389513	30.8016977925
42.85	2158.2376419	-288.706285712	29.8502266762
42.9	2461.68774499	-292.91550502	34.0471946959
42.95	2208.49124066	-289.40551991	30.5452758613
43.0	2376.44468265	-291.784570947	32.8682120464
43.05	2090.72943132	-287.774791421	28.9165318183
43.1	2231.58468704	-289.754299752	30.864677486
43.15	2076.73507265	-287.536787498	28.7229781658
43.2	2250.7524868	-289.943026704	31.1297841436
43.25	2254.96118333	-290.019006676	31.1879939269
43.3	2366.81658718	-291.660983994	32.7350474557
43.35	2202.79659581	-289.404586591	30.4665141734
43.4	2150.22062064	-288.501368641	29.7393445856
43.45	2258.68134819	-290.104830074	31.2394469098
43.5	1973.69361444	-286.142216422	27.2978288566
43.55	2203.17749178	-289.32312365	30.4717822824
43.6	2056.4258072	-287.258850156	28.4420840856
43.65	2261.04855921	-290.124953303	31.2721874125
43.7	2271.54882426	-290.306713233	31.417414836
43.75	2268.47874186	-290.273151478	31.3749530358
43.8	2245.11867954	-289.956384873	31.0518638903
43.85	2014.33132832	-286.634803577	27.8598823337
43.9	2231.91887078	-289.733001755	30.8692995258
43.95	2083.14357406	-287.698025117	28.8116130854
44.0	2446.1852143	-292.7740689	33.8327817666
44.05	2118.19567825	-288.067605812	29.2964129217
44.1	2271.21650853	-290.244564159	31.4128186322
44.15	2203.85499088	-289.293482932	30.48115266
44.2	2169.5102687	-288.818681613	30.0061365068
44.25	2199.09738302	-289.248843488	30.4153509752
44.3	2140.10798881	-288.430217767	29.5994784528
44.35	2504.85863058	-293.591877127	34.6442840505
44.4	2210.98455001	-289.470055643	30.5797604092
44.45	2153.15812225	-288.631238777	29.7799726829
44.5	2302.18775056	-290.775050713	31.8411767413
44.55	2177.4831602	-289.078262193	30.1164082461
44.6	2417.85398834	-292.38811882	33.4409372817
44.65	2342.13375648	-291.259809304	32.3936633203
44.7	2308.28302978	-290.818457881	31.9254795367
44.75	2157.33682884	-288.708480986	29.8377676803
44.8	2137.88800457	-288.427921091	29.5687742193
44.85	2249.32839293	-290.060986663	31.1100877376
44.9	2227.71102331	-289.663725937	30.8111014858
44.95	2237.0043595	-289.857132589	30.9396360763
45.0	2219.70261674	-289.614012964	30.7003385434
45.05	2296.19210279	-290.625362121	31.7582519319
45.1	2117.14803506	-288.107663963	29.2819231426
45.15	2235.75291599	-289.769118853	30.9223275689
45.2	2221.22175266	-289.583614367	30.7213494602
45.25	2116.08307641	-288.099824331	29.2671938763
45.3	2020.75667148	-286.720898991	27.9487501886
45.35	2260.28288106	-290.190874564	31.2615974451
45.4	2019.60736123	-286.732006883	27.9328542693
45.45	2129.6307715	-288.289660806	29.4545697989
45.5	2486.00599618	-293.332856757	34.3835363927
45.55	2384.01191221	-291.895541121	32.9728731427
45.6	2186.45930722	-289.079089453	30.240555846
45.65	2031.36357937	-286.892402588	28.0954525715
45.7	2490.54872753	-293.414665636	34.4463661562
45.75	2198.30624894	-289.31220614	30.4044089309
45.8	2180.22216643	-289.098283446	30.1542909867
45.85	2246.64863844	-289.893842933	31.073024498
45.9	2234.98129448	-289.748099816	30.9116553998
45.95	2221.32856663	-289.631859636	30.7228267865
46.0	2048.68086367	-287.116115222	28.3349650569
46.05	2268.75444115	-290.230275728	31.3787661869
46.1	2265.38948072	-290.216195564	31.3322259776
46.15	2361.85823175	-291.655239359	32.6664692645
46.2	1992.7886555	-286.4108996	27.5619292008
46.25	2358.27542389	-291.469795294	32.6169160436
46.3	2314.42746091	-290.848047127	32.0104621439
46.35	2104.82922338	-288.031641887	29.1115437025
46.4	2150.62708766	-288.613749834	29.7449663634
46.45	2346.64297692	-291.270600208	32.4560295999
46.5	2259.78327004	-290.09078502	31.254687408
46.55	1942.33534654	-285.660229086	26.8641178569
46.6	2233.1389134	-289.796283937	30.8861737329
46.65	2343.55144694	-291.252701265	32.4132711617
46.7	2102.0576688	-287.834487934	29.073210791
46.75	2263.05588002	-290.148609962	31.2999503336
46.8	2237.61438562	-289.834521898	30.9480732464
46.85	2168.0729563	-288.806179421	29.9862572775
46.9	2267.60725504	-290.202645798	31.3628996462
46.95	2006.21180735	-286.604636487	27.7475825865
47.0	2192.07107648	-289.242711962	30.3181712954
47.05	2225.60582643	-289.635223685	30.781984857
47.1	2258.94629125	-290.091173889	31.2431112932
47.15	2219.00773671	-289.555752212	30.690727773
47.2	2145.20535211	-288.486641299	29.6699792388
47.25	2361.75580507	-291.568041122	32.6650526182
47.3	2236.28199188	-289.815539465	30.9296451297
47.35	2161.37512631	-288.748805075	29.8936207024
47.4	2136.89071337	-288.462167651	29.55498085
47.45	2098.54132748	-287.944658321	29.0245768578
47.5	2393.79817046	-292.08207086	33.1082252565
47.55	2151.59639542	-288.577609337	29.7583726982
47.6	2317.0290551	-290.904054948	32.0464443616
47.65	2151.11671796	-288.582518734	29.7517383588
47.7	2061.98261123	-287.327922218	28.5189393201
47.75	2125.70485781	-288.212284386	29.4002711381
47.8	2309.49909181	-290.80316612	31.9422986888
47.85	2253.52844315	-290.106269599	31.1681779353
47.9	2005.31351768	-286.576068183	27.7351584911
47.95	2360.75257638	-291.540747039	32.6511771287
48.0	2201.54701383	-289.337740457	30.4492314123
48.05	2123.611917	-288.277507348	29.3713240211
48.1	1974.73695996	-286.100910696	27.3122591953
48.15	2248.0501431	-289.998693411	31.0924084764
48.2	2228.25317556	-289.746755645	30.8185999035
48.25	2042.16580216	-287.005584685	28.2448563223
48.3	2416.86709266	-292.316056458	33.4272876914
48.35	2161.66339866	-288.778201162	29.8976077494
48.4	2391.43495895	-291.95055229	33.0755400704
48.45	2065.53106036	-287.464713258	28.5680173311
48.5	2355.05369724	-291.54674632	32.5723568769
48.55	2188.24531242	-289.170569515	30.2652577875
48.6	2399.03778413	-292.144457764	33.1806934838
48.65	2073.41679008	-287.586833006	28.6770835503
48.7	2303.18925692	-290.755549185	31.8550284095
48.75	2186.06301881	-289.175268049	30.2350748467
48.8	2378.12735227	-291.804991515	32.8914847708
48.85	2156.43327131	-288.653799312	29.825270726
48.9	2261.62125375	-290.168456605	31.2801082557
48.95	2416.490004	-292.351541602	33.4220722407
49.0	2094.86706903	-287.796959566	28.9737587989
49.05	2069.36246775	-287.391841004	28.6210088909
49.1	2224.48247991	-289.638413155	30.7664480378
49.15	2114.72098497	-288.046875746	29.2483550155
49.2	2275.22485659	-290.327771239	31.4682574291
49.25	2228.3051187	-289.734711299	30.8193183204
49.3	2137.0860265	-288.358962411	29.5576821935
49.35	2327.71667453	-291.107449763	32.1942630524
49.4	2241.62038631	-289.902191614	31.0034795771
49.45	2067.67716888	-287.470633044	28.597699802
49.5	2155.63914616	-288.646389283	29.8142873128
49.55	2293.70515704	-290.550443894	31.723855398
49.6	2193.04680984	-289.150553059	30.3316665016
49.65	1990.79382736	-286.36845671	27.5343390637
49.7	2304.36291525	-290.804647025	31.8712610831
49.75	2104.01358314	-287.922483422	29.1002627177
49.8	2258.68189613	-290.126232989	31.2394544882
49.85	2338.89318089	-291.263069175	32.3488434571
49.9	2129.2011275	-288.22133425	29.448627464
49.95	2365.69078301	-291.613699985	32.7194766451
50.0	2079.3381702	-287.619064953	28.7589811761
50.05	2230.93618027	-289.748942906	30.8557080964
50.1	2144.92536004	-288.539993685	29.6661067149
50.15	2103.51650451	-287.912309402	29.0933877056
50.2	2118.53350707	-288.148060076	29.3010853761
50.25	2096.29269868	-287.790694203	28.993476446
50.3	2153.00831413	-288.532591852	29.7779007116
50.35	2011.70107317	-286.575418756	27.8235037111
50.4	2158.2474548	-288.694178548	29.8503623967
50.45	2408.04845196	-292.186619039	33.3053185353
50.5	2223.07503759	-289.556155565	30.7469819365
50.55	2250.51059693	-290.036344514	31.1264386049
50.6	2279.06948322	-290.459666089	31.5214318221
50.65	2024.72740364	-286.814820566	28.0036687262
50.7	2411.91659826	-292.207484703	33.3588182248
50.75	2281.98728776	-290.422194763	31.5617874924
50.8	2038.28659358	-287.047390789	28.1912036322
50.85	1999.55984658	-286.499305262	27.6555804209
50.9	2317.90674653	-290.942213355	32.0585835661
50.95	2255.06213716	-290.048604425	31.1893902025
51.0	2210.79425061	-289.468181919	30.5771284098
51.05	2188.43512706	-289.089071139	30.2678830823
51.1	2278.29670526	-290.316711699	31.5107436583
51.15	2220.47784401	-289.571111038	30.7110605831
51.2	2442.07474388	-292.749480331	33.7759305324
51.25	2122.87718737	-288.209507145	29.3611620975
51.3	2159.16273258	-288.683676105	29.8630214519
51.35	2182.61333375	-289.046651912	30.1873628252
51.4	2149.84706809	-288.598439835	29.7341780421
51.45	2172.20303062	-288.880575497	30.0433796501
51.5	2134.56921836	-288.32433755	29.5228726378
51.55	2388.62530677	-291.941331583	33.0366802373
51.6	2091.85751677	-287.784072038	28.932134181
51.65	2117.02742628	-288.087392008	29.2802550226
51.7	2232.82553834	-289.694703692	30.8818394944
51.75	2148.9031351	-288.574301424	29.7211226616
51.8	2246.31209739	-289.985802489	31.0683698545
51.85	2210.94671876	-289.437236608	30.5792371715
51.9	2232.80388205	-289.714291847	30.8815399698
51.95	2324.24350844	-290.972724863	32.1462262685
52.0	2243.28786301	-289.918794919	31.0265421707
52.05	2054.9730136	-287.250599223	28.4219907384
52.1	2283.52931133	-290.433058655	31.5831149645
52.15	2430.31542518	-292.539338715	33.6132893468
52.2	2113.62688474	-288.091310375	29.2332226969
52.25	2142.2057071	-288.49894844	29.6284916464
52.3	2194.55261952	-289.228885911	30.3524931054
52.35	2178.31301348	-288.994824849	30.1278858091
52.4	2091.73519169	-287.715305097	28.9304423231
52.45	2283.14407979	-290.400182928	31.577786891
52.5	2187.68255479	-289.075435084	30.2574743801
52.55	2290.16209701	-290.551572824	31.6748519226
52.6	2255.43037818	-290.028132596	31.194483283
52.65	2241.76161287	-289.913635234	31.0054328583
52.7	1942.620994	-285.722794684	26.8680685996
52.75	2241.47422193	-289.865224229	31.0014580019
52.8	2191.93630451	-289.235115501	30.3163072866
52.85	2002.89526221	-286.530989978	27.701712001
52.9	2131.21655353	-288.280188035	29.476502487
52.95	2276.87343562	-290.352946403	31.4910586521
53.0	2132.22326323	-288.380883633	29.4904261217
53.05	2353.01624603	-291.428393146	32.5441772274
53.1	2326.18162985	-291.06912551	32.1730321041
53.15	2143.89454434	-288.517265991	29.651849674
53.2	2334.54007931	-291.22079832	32.2886364315
53.25	2083.345576	-287.625361029	28.8144069407
53.3	2408.37174785	-292.196308728	33.3097899871
53.35	2382.81785671	-291.875725688	32.9563583593
53.4	2086.47196185	-287.753033061	28.8576474646
53.45	2354.42516769	-291.543675295	32.5636637891
53.5	2036.67304552	-287.078291991	28.1688869167
53.55	2313.61872387	-290.881419061	31.9992766362
53.6	2091.13771365	-287.76294163	28.9221787034
53.65	2063.42333594	-287.393464534	28.5388657444
53.7	2265.6619034	-290.237748671	31.3359938105
53.75	2255.88607854	-290.083323239	31.2007859991
53.8	2189.82577877	-289.120587946	30.2871169553
53.85	2145.48447535	-288.529124285	29.673839746
53.9	2125.03708133	-288.253792449	29.3910352324
53.95	2245.20593559	-289.886823531	31.0530707142
54.0	2236.46033298	-289.810865918	30.9321117359
54.05	1990.99623882	-286.371738708	27.5371385831
54.1	2438.41101968	-292.6377049	33.7252581708
54.15	2213.75983058	-289.402642856	30.6181448542
54.2	2157.17742439	-288.652113625	29.8355629837
54.25	2177.85376337	-288.986743685	30.1215339971
54.3	2159.6792032	-288.73141814	29.8701646713
54.35	2298.97890259	-290.672492899	31.7967956974
54.4	2321.98921856	-290.977968437	32.1150475593
54.45	2229.73449479	-289.69149017	30.839087784
54.5	2243.1789458	-289.880613392	31.0250357549
54.55	2252.58734003	-290.06684386	31.1551616942
54.6	2316.55048082	-290.973338419	32.0398252801
54.65	2133.46859894	-288.348308709	29.5076501533
54.7	2148.36616689	-288.578423093	29.7136959435
54.75	2224.40281569	-289.669683114	30.765346215
54.8	2127.84305023	-288.339515668	29.4298441227
54.85	2060.5843547	-287.299782262	28.4996002661
54.9	2267.15126505	-290.182903795	31.3565929244
54.95	2409.11448236	-292.151446889	33.3200626248
55.0	2247.11189615	-289.902391329	31.0794317385
55.05	2232.17926764	-289.678821706	30.8729010315
55.1	1962.20377765	-285.915410364	27.1389148306
55.15	2292.93154176	-290.658804786	31.7131556534
55.2	2106.37087977	-287.922820946	29.1328660962
55.25	2482.0373041	-293.287931522	34.3286460712
55.3	2152.01814595	-288.609091853	29.7642058598
55.35	2113.90298701	-288.043786416	29.2370414215
55.4	2365.02842165	-291.576904154	32.7103156351
55.45	2239.6653935	-289.898944257	30.976440396
55.5	2440.39871384	-292.711262892	33.752749639
55.55	2242.35725834	-289.918458979	31.0136711319
55.6	2227.54070247	-289.765467922	30.8087458064
55.65	2105.02969818	-287.993258012	29.1143164362
55.7	2187.81979094	-289.111001667	30.2593724706
55.75	2195.10971323	-289.182792867	30.360198176
55.8	2194.48384286	-289.226517061	30.3515418668
55.85	2112.90966488	-288.069007639	29.2233029479
55.9	2509.49951988	-293.608430884	34.7084714204
55.95	2369.97966725	-291.693116161	32.7787954912
56.0	2127.81577876	-288.349551385	29.4294669354
56.05	2021.76146855	-286.867897553	27.9626473702
56.1	1969.63803225	-286.011181636	27.2417367723
56.15	2480.24974677	-293.213943577	34.3039226623
56.2	2229.73184416	-289.742173526	30.8390511236
56.25	2312.54166526	-290.841830332	31.9843800174
56.3	2205.6408887	-289.402794484	30.5058531164
56.35	2179.72001634	-289.048371416	30.1473458321
56.4	2188.65812199	-289.186080979	30.2709672882
56.45	2006.17572572	-286.568198251	27.7470835475
56.5	2280.5740305	-290.411830394	31.5422409658
56.55	2092.11127512	-287.779277703	28.9356438705
56.6	2367.11914833	-291.569989982	32.7392321287
56.65	2299.3772006	-290.628143085	31.8023044911
56.7	2099.08211186	-287.861129445	29.0320563568
56.75	2397.40984662	-292.090518963	33.1581777503
56.8	2097.37771426	-287.939978683	29.0084831164
56.85	2236.41189956	-289.894321982	30.9314418612
56.9	2303.27183914	-290.741120374	31.8561705905
56.95	2155.1522333	-288.693005777	29.8075529018
57.0	2203.57508025	-289.336520737	30.4772812625
57.05	2123.30108383	-288.193778133	29.3670249391
57.1	2053.4076983	-287.274607033	28.4003411223
57.15	2144.09432374	-288.508390395	29.6546127898
57.2	2263.45341386	-290.082831743	31.3054485581
57.25	2447.8444014	-292.756435174	33.8557297081
57.3	2137.98529525	-288.416561134	29.5701198305
57.35	2310.29780607	-290.892437966	31.9533455732
57.4	2224.86593737	-289.620563946	30.7717515742
57.45	2231.97591973	-289.690675555	30.8700885604
57.5	2205.62418865	-289.335001226	30.5056221407
57.55	2138.9140842	-288.399734723	29.5829657564
57.6	2228.94746268	-289.685906082	30.8282024734
57.65	2150.35224151	-288.628498715	29.741165012
57.7	2236.05230839	-289.845548406	30.9264684154
57.75	2383.52564507	-291.942227776	32.9661476626
57.8	2426.41248353	-292.481392665	33.5593084085
57.85	2332.22719075	-291.20093524	32.2566472537
57.9	1969.37701698	-286.069934858	27.2381267134
57.95	2221.07985545	-289.604857143	30.7193869034
58.0	2295.50532259	-290.654131507	31.7487531889
58.05	2017.54942009	-286.735985359	27.9043912269
58.1	2254.47701861	-290.077661694	31.181297525
58.15	2150.74584476	-288.602782443	29.7466088732
58.2	2329.2502746	-291.14630135	32.2154740203
58.25	2267.1564232	-290.219939488	31.3566642658
58.3	2324.51276754	-290.975785699	32.1499503464
58.35	2057.23290551	-287.293697829	28.4532469284
58.4	2069.37821625	-287.490204757	28.6212267058
58.45	1990.24726187	-286.340962161	27.5267796071
58.5	1899.17326815	-285.045989527	26.2671503133
58.55	2178.25358564	-289.040051914	30.1270638726
58.6	2172.60900478	-288.871631301	30.0489946113
58.65	2621.89914045	-295.190540594	36.2630519202
58.7	2222.24123148	-289.536082225	30.7354497026
58.75	2230.19873708	-289.734761786	30.8455086421
58.8	2079.42061037	-287.603780513	28.7601213925
58.85	2084.40231532	-287.656822203	28.8290225269
58.9	2401.7456713	-292.159179847	33.2181458218
58.95	2244.14491729	-289.941504861	31.0383959462
59.0	2114.65890084	-288.044185578	29.2474963403
59.05	1978.69411759	-286.138938847	27.3669899858
59.1	2151.78134387	-288.590646093	29.7609306896
59.15	2403.73313016	-292.180640304	33.2456340355
59.2	2341.11017325	-291.248871524	32.3795063105
59.25	1977.8931568	-286.199641514	27.3559120301
59.3	2267.35598784	-290.267765168	31.3594244113
59.35	2370.34726098	-291.674165595	32.7838796191
59.4	2081.25309422	-287.53448147	28.7854661724
59.45	2172.64913482	-288.883408163	30.0495496433
59.5	2198.0770453	-289.271110224	30.4012388535
59.55	2207.29706924	-289.398723428	30.5287594745
59.6	2249.62005577	-289.992393781	31.1141216779
59.65	2194.07876246	-289.204937374	30.345939267
59.7	2259.97254863	-290.120770432	31.2573052888
59.75	2152.18057124	-288.587179726	29.766452337
59.8	2230.25327213	-289.718223579	30.8462629073
59.85	2283.32306082	-290.436355709	31.5802623479
59.9	2104.74707119	-287.961894028	29.1104074692
59.95	2322.19166532	-291.005972918	32.1178475667
60.0	2150.67537584	-288.594307271	29.7456342292
60.05	1985.82785288	-286.311339238	27.4656554948
60.1	2302.08209685	-290.786546099	31.8397154623
60.15	2092.32539337	-287.809870982	28.9386053046
60.2	2326.43727834	-291.109409706	32.1765679359
60.25	2060.46698517	-287.305375332	28.4979769476
60.3	2020.97089443	-286.770580182	27.9517130706
60.35	2066.28877911	-287.392758623	28.5784972134
60.4	2345.78039776	-291.344279469	32.4440994106
60.45	2167.1622811	-288.816848602	29.97366188
60.5	2371.1502187	-291.68172216	32.7949851941
60.55	2150.92575616	-288.657578642	29.7490971979
60.6	2127.97027334	-288.283179056	29.4316037244
60.65	2341.09749037	-291.266114924	32.3793308956
60.7	2179.90479721	-289.024578876	30.1499015058
60.75	2220.51419245	-289.565093154	30.7115633123
60.8	1889.18237014	-284.91161782	26.1289678609
60.85	2367.23872123	-291.642471166	32.7408859217
60.9	2071.15400411	-287.439982219	28.6457873331
60.95	2290.33726476	-290.624004835	31.6772746387
61.0	2131.6907108	-288.36520081	29.4830604774
61.05	2300.99943434	-290.687341223	31.8247413369
61.1	2126.5212992	-288.209744437	29.4115632035
61.15	2397.40078032	-292.049094825	33.1580523557
61.2	2312.38636412	-290.907506618	31.9822320729
61.25	2185.76410751	-289.171487017	30.2309406541
61.3	2266.39926342	-290.205613538	31.3461921146
61.35	2213.817001	-289.456270604	30.6189355688
61.4	2078.09162215	-287.653912819	28.7417403769
61.45	2276.06975357	-290.470067898	31.4799430591
61.5	2234.74938792	-289.831597879	30.9084479386
61.55	2472.58218192	-293.064492234	34.1978738453
61.6	2272.24589556	-290.281816514	31.4270559134
61.65	2254.99122584	-290.103681087	31.1884094399
61.7	1954.79679418	-285.923831089	27.0364700713
61.75	2438.21139875	-292.733323103	33.7224972469
61.8	2145.97212962	-288.630747241	29.6805844112
61.85	2263.39151516	-290.204135292	31.3045924475
61.9	2168.24743621	-288.783161311	29.9886704802
61.95	2408.2400194	-292.168528969	33.3079680728
62.0	2270.67629677	-290.191924524	31.405347053
