# 	 t 	 T	E	K
2.05	2474.04983872	-263.349947471	34.218172763
2.1	2652.35641568	-265.903649149	36.6843014398
2.15	2688.18201099	-266.28524311	37.1797993034
2.2	2762.51262879	-267.575107571	38.2078537433
2.25	2871.44318626	-268.972179255	39.7144542073
2.3	3148.00834907	-272.895457382	43.5395810795
2.35	2730.69987415	-267.037910056	37.7678568132
2.4	2748.36189323	-267.277044768	38.0121372681
2.45	2792.3116301	-267.838569254	38.6199987855
2.5	2762.3325452	-267.491763873	38.2053630372
2.55	2795.86052917	-267.843157561	38.6690830196
2.6	2832.37220465	-268.470025109	39.1740699443
2.65	2687.44852079	-266.319898901	37.1696545221
2.7	2949.91230115	-270.010172736	40.7997475137
2.75	3197.02829235	-273.508965268	44.2175677803
2.8	2671.43880725	-266.155203529	36.948226831
2.85	2723.21008339	-266.841702836	37.66426676
2.9	2681.34560266	-266.245039294	37.0852460743
2.95	2731.97954906	-267.018087799	37.7855557845
3.0	2938.42584305	-270.028831228	40.6408802179
3.05	2869.05342	-268.989948554	39.6814017467
3.1	2809.43643791	-268.189318347	38.8568491605
3.15	2712.02255923	-266.899990559	37.5095339699
3.2	2804.51199382	-267.981657502	38.7887399915
3.25	2851.41915647	-268.754500177	39.4375051742
3.3	2569.09483797	-264.696767204	35.5327243753
3.35	2938.53758083	-269.989493534	40.6424256446
3.4	2805.27346953	-268.176489517	38.7992718357
3.45	2963.73719634	-270.308029638	40.9909573449
3.5	2950.39927923	-270.113594943	40.8064828268
3.55	2790.71695371	-267.762610782	38.597943081
3.6	2745.84791984	-267.17690358	37.9773669193
3.65	2910.44355833	-269.543272622	40.2538618814
3.7	2832.18154995	-268.473450692	39.1714330307
3.75	2950.79706717	-270.104557761	40.8119845657
3.8	2883.87634865	-269.109977916	39.8864152131
3.85	2942.76897953	-269.945268275	40.7009494178
3.9	2900.06726998	-269.376808983	40.1103491592
3.95	2944.04662063	-270.013992992	40.7186202599
4.0	2869.91958682	-268.886821558	39.6933815562
4.05	3005.10915667	-270.806950187	41.5631660628
4.1	2799.33795605	-268.048328375	38.7171787338
4.15	3082.99457744	-271.965921276	42.6403863927
4.2	3093.31253556	-272.156996315	42.7830923594
4.25	2623.69231108	-265.49581306	36.2878529657
4.3	2865.59681846	-268.916577033	39.6335940644
4.35	2578.4372046	-264.818112781	35.6619370978
4.4	2862.25691405	-268.908223578	39.5874004007
4.45	2531.92309272	-264.261375034	35.0186081352
4.5	2856.39767791	-268.748768969	39.5063622781
4.55	2543.85797062	-264.405253228	35.1836774509
4.6	3142.51855098	-272.823519773	43.4636525931
4.65	3016.89864289	-271.051816541	41.7262244903
4.7	3086.04217052	-271.950631031	42.682537147
4.75	2798.8097108	-267.977976504	38.7098726614
4.8	2650.56273999	-265.898434891	36.6594934089
4.85	2636.25704675	-265.779311564	36.4616337397
4.9	2699.03376682	-266.494600622	37.3298881374
4.95	2742.85759075	-267.20030424	37.936008174
5.0	2977.8398892	-270.433518869	41.1860093496
5.05	2798.13500976	-267.891128796	38.7005409832
5.1	2975.91498813	-270.450521009	41.1593863624
5.15	2824.22853841	-268.449680634	39.0614362479
5.2	2723.35850162	-266.915357837	37.6663195079
5.25	2920.09155999	-269.649167876	40.3873017914
5.3	2589.5427264	-265.091953273	35.8155357269
5.35	2842.31165088	-268.520505214	39.3115407757
5.4	2889.47243249	-269.207255663	39.96381372
5.45	2626.98071071	-265.566828194	36.3333342753
5.5	2658.83774656	-265.975920684	36.7739436516
5.55	2823.13391414	-268.436680469	39.0462966813
5.6	2829.11799282	-268.571231405	39.1290614805
5.65	2742.20727599	-267.251669761	37.9270137784
5.7	2887.57062375	-269.205647036	39.937510119
5.75	3032.00803315	-271.26810705	41.9351999597
5.8	2800.58114948	-267.946098906	38.7343731357
5.85	2850.3357344	-268.741739923	39.4225205432
5.9	2870.11943231	-269.02640411	39.696145586
5.95	2681.77968192	-266.375781089	37.0912497525
6.0	3137.43261155	-272.793070155	43.3933098088
6.05	2775.58849237	-267.71874457	38.3887038428
6.1	2648.72311053	-265.946038487	36.6340497991
6.15	2858.81928209	-268.930013935	39.5398550836
6.2	2748.60716281	-267.254398789	38.015529551
6.25	2550.83773016	-264.426981129	35.2802133469
6.3	2564.73085795	-264.651359098	35.4723668918
6.35	2897.68229422	-269.441963328	40.0773629552
6.4	3034.74752943	-271.311061907	41.9730894781
6.45	2789.52324786	-267.760989445	38.5814331334
6.5	2921.69126969	-269.611497478	40.4094271108
6.55	3102.31722376	-272.185165399	42.9076347075
6.6	3064.71563861	-271.554465018	42.3875734231
6.65	2790.24625072	-267.996857495	38.5914328661
6.7	3178.53416361	-273.433053318	43.9617785547
6.75	2812.93591304	-268.090232288	38.9052498204
6.8	2848.43844484	-268.646221853	39.3962794462
6.85	2890.06468735	-269.361842506	39.9720050987
6.9	2894.0188872	-269.307328396	40.0266949806
6.95	2838.75430748	-268.622372456	39.2623397494
7.0	3179.97237489	-273.360609374	43.9816702163
7.05	2778.48542389	-267.670636414	38.4287708218
7.1	2870.86207384	-268.988667396	39.7064169379
7.15	3014.37176286	-270.922012317	41.691275632
7.2	2935.63231799	-269.883567006	40.6022434363
7.25	2795.09127096	-267.945043195	38.658443537
7.3	3123.80858239	-272.630487492	43.2048781224
7.35	2785.69073681	-267.725564969	38.5284263091
7.4	2622.26237573	-265.421192403	36.2680757672
7.45	2797.65582362	-268.006338744	38.6939134393
7.5	2944.63642592	-270.087786963	40.7267777589
7.55	3135.01736023	-272.685215032	43.3599048687
7.6	3081.03546469	-271.949795814	42.6132902294
7.65	2814.4929082	-268.226019807	38.926784362
7.7	3168.90124729	-273.287982384	43.8285472877
7.75	2763.1074506	-267.399253095	38.2160806251
7.8	2880.28372988	-268.985515343	39.836726299
7.85	2796.56802273	-267.933615964	38.6788682457
7.9	2636.77471002	-265.619131503	36.4687934545
7.95	2975.28109993	-270.325573665	41.1506191599
8.0	2795.39389794	-267.895074414	38.6626291206
8.05	2997.26249182	-270.823480254	41.4546401433
8.1	2967.29711496	-270.343749293	41.0401939886
8.15	2851.15257194	-268.683516778	39.4338180878
8.2	2760.81629406	-267.472609242	38.1843920192
8.25	2825.68845833	-268.442897912	39.0816281581
8.3	2931.55509591	-269.96636998	40.5458520544
8.35	2647.0378209	-265.750417469	36.610740838
8.4	3191.80889581	-273.505722701	44.145379173
8.45	2889.91123508	-269.300633104	39.9698827258
8.5	2957.64850296	-270.159065642	40.9067456372
8.55	2845.17634113	-268.678192225	39.3511618312
8.6	2847.19519482	-268.668706285	39.3790842615
8.65	2783.78052328	-267.693796258	38.5020064628
8.7	2674.43028472	-266.183240119	36.9896014594
8.75	2740.83575833	-267.146764624	37.9080445452
8.8	2623.58062795	-265.283663534	36.2863082949
8.85	2760.40864855	-267.393757472	38.1787539418
8.9	2823.46435011	-268.176766587	39.0508668864
8.95	2752.16474216	-267.20524547	38.0647338406
9.0	2925.32407468	-269.673898439	40.4596718338
9.05	2935.56268308	-269.957028709	40.6012803275
9.1	3068.17324723	-271.762173022	42.4353950342
9.15	2955.58116883	-270.13113824	40.8781526819
9.2	2968.4293618	-270.377079162	41.0558539068
9.25	3123.63006478	-272.592478256	43.2024090749
9.3	3059.88943189	-271.714384612	42.3208229589
9.35	2722.05900331	-266.822111805	37.6483463625
9.4	2857.65701748	-268.710350668	39.5237799946
9.45	2793.82824221	-267.873139165	38.6409747959
9.5	2651.82403738	-265.865192741	36.6769382038
9.55	2948.88566662	-270.074548575	40.7855483019
9.6	2714.10659875	-266.635007988	37.5383579746
9.65	2798.47006094	-267.972883786	38.7051750206
9.7	3348.66922785	-275.704863885	46.3148883952
9.75	2721.96025212	-266.947578802	37.6469805511
9.8	2810.62895653	-268.120937599	38.8733426877
9.85	2977.89700181	-270.446504664	41.1867992647
9.9	2599.09608128	-265.009941417	35.947666593
9.95	2694.7400053	-266.567920638	37.2705018344
10.0	2655.30389129	-265.907836212	36.7250674858
10.05	3035.06540469	-271.204083819	41.9774859581
10.1	3008.81080182	-270.910050212	41.6143629026
10.15	2809.17979889	-268.08881669	38.8532996289
10.2	2757.71483678	-267.293376791	38.1414962783
10.25	2659.69505487	-266.004494305	36.7858009406
10.3	3064.39232072	-271.74053912	42.383101667
10.35	2852.49630594	-268.7193935	39.4524030497
10.4	2978.6269648	-270.474334928	41.1968952616
10.45	2808.82736461	-268.102231014	38.8484251688
10.5	3008.59484289	-270.976175867	41.6113760105
10.55	2867.98203144	-268.946028864	39.6665835494
10.6	2875.57145426	-269.122341865	39.7715515969
10.65	2971.15780336	-270.470482551	41.0935905292
10.7	2755.01539319	-267.371964403	38.1041607219
10.75	2867.39374221	-268.890870712	39.6584470186
10.8	2724.80766247	-266.869475278	37.6863626112
10.85	2880.84382611	-269.125788094	39.844472897
10.9	2709.47836766	-266.841081086	37.4743456785
10.95	2777.00027902	-267.704672757	38.4082300296
11.0	2714.2658732	-266.767320281	37.5405608732
11.05	2803.6184428	-268.067473881	38.7763814356
11.1	3021.35447485	-270.964041946	41.7878523627
11.15	3006.39046674	-270.625239283	41.5808876497
11.2	2942.94170841	-270.034142782	40.7033384023
11.25	2908.55051001	-269.483071096	40.2276794442
11.3	3064.55650723	-271.669595506	42.3853725034
11.35	2902.61545387	-269.362472001	40.1455926677
11.4	2918.67614784	-269.58391845	40.3677254609
11.45	2698.31893229	-266.613028811	37.3200013797
11.5	2823.91586694	-268.332693268	39.0571117407
11.55	2878.51076127	-269.030028745	39.8122046645
11.6	2878.68448774	-269.095917324	39.8146074463
11.65	2800.55867486	-267.874904994	38.734062293
11.7	3084.30397104	-272.016607824	42.6584963983
11.75	2520.48570788	-264.153624106	34.8604195634
11.8	3110.01471793	-272.41569136	43.0140974721
11.85	2944.31426844	-270.019217659	40.7223220523
11.9	2688.00067851	-266.245719287	37.1772913239
11.95	3012.14129664	-270.91413162	41.6604264238
12.0	2867.09744312	-268.866219001	39.6543489551
12.05	3112.28841196	-272.307318232	43.0455445569
12.1	2723.79104689	-266.879248369	37.6723019699
12.15	2916.68903822	-269.630979851	40.3402420774
12.2	2774.35787989	-267.564199474	38.3716834457
12.25	2950.69107327	-270.092401982	40.8105185818
12.3	2949.62922513	-270.1676949	40.7958323363
12.35	2754.15685696	-267.367700128	38.0922864498
12.4	2931.2785822	-269.724027109	40.5420276391
12.45	3065.65251369	-271.891886278	42.4005311869
12.5	2869.58681811	-268.994310178	39.6887790874
12.55	2801.03514783	-267.967908582	38.7406523116
12.6	2433.81044297	-262.830817748	33.6616283578
12.65	3006.8572629	-270.909757765	41.5873438299
12.7	2720.22000615	-266.877770458	37.6229114979
12.75	2741.90954993	-267.084001356	37.9228959787
12.8	2814.94782007	-268.068180487	38.9330761726
12.85	2850.70438398	-268.819916095	39.4276192745
12.9	2984.76702396	-270.6590942	41.281817401
12.95	3091.26498268	-271.997790348	42.7547729952
13.0	2703.54748979	-266.498182824	37.3923166909
13.05	3019.28506666	-270.955862127	41.7592307215
13.1	3095.8781932	-271.975177718	42.8185775444
13.15	2989.27032643	-270.632713515	41.3441018301
13.2	2952.69456254	-270.166741954	40.8382285093
13.25	2848.99931433	-268.735940054	39.404036739
13.3	3050.71592665	-271.545135697	42.1939457302
13.35	2990.35548136	-270.686461241	41.3591104279
13.4	3228.73254464	-274.079731001	44.6560640326
13.45	3081.41019001	-271.990515758	42.6184729931
13.5	2742.672649	-267.228814195	37.9334502753
13.55	2892.90555354	-269.269991626	40.0112966476
13.6	2869.73839054	-269.039681942	39.6908754606
13.65	2428.68999095	-262.838513137	33.5908082357
13.7	2919.70378228	-269.6872681	40.3819385023
13.75	2767.64519032	-267.485376944	38.2788413502
13.8	2589.39261863	-264.949580568	35.8134596112
13.85	3106.28155232	-272.224733711	42.962464678
13.9	2858.73569006	-268.688748265	39.5386989361
13.95	2745.32988354	-267.210298628	37.9702020452
14.0	2983.25714113	-270.706289875	41.2609344622
14.05	2910.81314611	-269.526837012	40.2589735888
14.1	2925.64157633	-269.786090373	40.4640631464
14.15	2879.67036685	-269.1082616	39.8282429768
14.2	3009.77712448	-270.864322539	41.627727951
14.25	2658.2323262	-265.881021721	36.7655701831
14.3	2799.51201557	-267.920880239	38.7195861221
14.35	2705.86051628	-266.60932325	37.4243077765
14.4	2881.14193126	-269.164309927	39.84859594
14.45	2673.62917422	-266.119088701	36.978521433
14.5	3011.38375954	-270.989215409	41.6499490539
14.55	2547.2369787	-264.636105039	35.2304119509
14.6	2748.40086027	-267.385583427	38.0126762148
14.65	2973.72948581	-270.506556226	41.1291590425
14.7	2899.50071201	-269.295424401	40.1025131899
14.75	2795.53663496	-267.879263578	38.6646032926
14.8	3030.32415712	-271.298276386	41.9119105497
14.85	3051.58029387	-271.621308138	42.2059006498
14.9	3032.40460056	-271.287719217	41.9406848178
14.95	2915.6798353	-269.586571509	40.3262839593
15.0	2710.94749764	-266.779076617	37.4946649714
15.05	2892.55160662	-269.312178954	40.0064012665
15.1	3037.46195864	-271.295750712	42.0106322981
15.15	3158.84641797	-273.06435888	43.6894806119
15.2	3075.00747467	-271.798359052	42.5299180998
15.25	2877.46556805	-269.047208039	39.7977487705
15.3	2847.11841517	-268.667374823	39.378022335
15.35	2921.01358926	-269.746380898	40.4000542252
15.4	2724.75763624	-266.94068577	37.6856707068
15.45	3065.02030625	-271.808028937	42.3917872307
15.5	3103.26690591	-272.186524703	42.9207696038
15.55	2795.24085806	-267.872243899	38.6605124513
15.6	2772.49237063	-267.562752466	38.3458818968
15.65	3035.55534625	-271.395609309	41.9842622586
15.7	2911.60218181	-269.591917855	40.2698866106
15.75	2904.5324132	-269.351409052	40.1721058141
15.8	2361.07160386	-261.812097695	32.6555895448
15.85	2953.44380273	-270.204938652	40.8485911261
15.9	2666.20051293	-266.057271453	36.8757768514
15.95	3050.24618153	-271.482440843	42.1874487634
16.0	2837.80811579	-268.544167954	39.2492531292
16.05	2887.37079944	-269.293259094	39.9347463821
16.1	2800.46408285	-268.090084432	38.7327540066
16.15	3144.67428097	-272.747165455	43.4934681369
16.2	3052.67334312	-271.530249975	42.2210184325
16.25	2739.89434813	-267.070519074	37.895024057
16.3	3122.99758862	-272.529741101	43.1936614021
16.35	2818.65052213	-268.334279545	38.9842876303
16.4	3086.4449866	-272.077409194	42.6881084293
16.45	2672.02179153	-266.228953993	36.9562899897
16.5	2999.5882473	-270.925868189	41.4868072815
16.55	3003.21846689	-270.925288107	41.5370162462
16.6	2790.9468239	-267.822097633	38.6011223775
16.65	2702.70369353	-266.617353826	37.3806462849
16.7	2951.40080788	-270.126797964	40.8203348034
16.75	2646.01176678	-265.72104596	36.5965496537
16.8	2700.49221971	-266.584877021	37.3500597575
16.85	2864.0385733	-268.950087996	39.6120422342
16.9	2650.7983523	-265.981517387	36.6627521237
16.95	2920.22904565	-269.557525012	40.3892033327
17.0	2337.0566286	-261.400445352	32.3234424071
17.05	2816.88467362	-268.230719772	38.9598644726
17.1	2552.32598604	-264.532429715	35.300797167
17.15	2796.91109595	-267.921593921	38.6836132344
17.2	2820.75460608	-268.226130723	39.0133888663
17.25	2793.83665104	-267.827470529	38.6410910971
17.3	3015.67962293	-271.039209526	41.7093644275
17.35	2690.57167964	-266.459574667	37.212850414
17.4	3137.12685988	-272.811926474	43.3890810083
17.45	2823.59857233	-268.362509365	39.0527232917
17.5	2836.77016985	-268.369041006	39.2348974711
17.55	3049.1773542	-271.489287962	42.17266599
17.6	2766.34785961	-267.551209803	38.2608981845
17.65	2629.72349969	-265.434948517	36.3712693345
17.7	2860.55089492	-268.781852715	39.5638047333
17.75	2959.95278159	-270.237424907	40.9386157325
17.8	2962.13271529	-270.262160638	40.9687660337
17.85	2966.66809589	-270.359761072	41.0314941302
17.9	2787.9431622	-267.799291227	38.5595792309
17.95	2767.76508249	-267.522732453	38.2804995589
18.0	2733.03868642	-267.10419636	37.8002045376
18.05	2864.08002787	-269.025641741	39.6126155854
18.1	2884.42807459	-269.222721587	39.8940460429
18.15	3107.38479393	-272.170421984	42.9777234296
18.2	2925.29612014	-269.657857187	40.4592851991
18.25	2831.09374062	-268.513894155	39.1563877204
18.3	2438.41075266	-262.881629965	33.7252544778
18.35	2654.11937186	-265.786114576	36.7086845941
18.4	2789.46318129	-267.797617683	38.5806023628
18.45	2747.13960355	-267.278341294	37.9952319824
18.5	3093.91545834	-272.090198642	42.7914312842
18.55	2978.46290893	-270.495040906	41.1946262321
18.6	2850.06043024	-268.716362289	39.4187128571
18.65	2820.86236481	-268.363383097	39.0148792594
18.7	2790.87283002	-267.755406362	38.6000989804
18.75	3009.18395802	-270.80190797	41.6195239641
18.8	3091.45374668	-272.053506342	42.7573837588
18.85	2692.81288436	-266.362261495	37.2438481445
18.9	2930.50279972	-269.696245779	40.5312979204
18.95	2714.93305141	-266.663674501	37.5497885043
19.0	2761.56429448	-267.398233096	38.194737489
19.05	2612.24785523	-265.165225403	36.129566596
19.1	2651.04607717	-265.755826307	36.6661783652
19.15	2735.10789583	-266.983544222	37.8288234295
19.2	2900.46106596	-269.344665805	40.1157956861
19.25	2971.65483271	-270.342161533	41.1004648597
19.3	2681.83137016	-266.309311245	37.091964644
19.35	2790.43178643	-267.89150865	38.5939989797
19.4	2485.51348263	-263.498375714	34.3767245195
19.45	2924.86749159	-269.724751642	40.4533569088
19.5	2937.91337004	-270.012212096	40.6337922887
19.55	3007.1000894	-271.056963608	41.590702323
19.6	2831.81752888	-268.429660627	39.1663983157
19.65	2772.10955987	-267.488477494	38.3405873046
19.7	2530.87641595	-264.123635121	35.0041317226
19.75	2878.19532319	-269.143999102	39.8078418926
19.8	2845.48380367	-268.706680595	39.3554142946
19.85	2983.26578245	-270.619621092	41.2610539788
19.9	2659.17276009	-265.942049796	36.7785771682
19.95	2650.10335691	-265.884482217	36.6531397578
20.0	2572.68899245	-264.767228484	35.5824345294
20.05	2759.62551647	-267.365679576	38.167922572
20.1	2948.42854028	-270.091567386	40.7792258634
20.15	3040.51382504	-271.398163368	42.0528421558
20.2	3190.32135647	-273.544120726	44.1248052632
20.25	2871.0647632	-269.161375602	39.7092203007
20.3	3061.66961314	-271.761739911	42.3454443503
20.35	2915.23406099	-269.572664976	40.3201185288
20.4	2707.69353375	-266.538600222	37.4496599369
20.45	2912.52279498	-269.60213288	40.2826194585
20.5	2795.49131606	-267.912635685	38.6639764944
20.55	3074.29706764	-271.84111161	42.520092578
20.6	2356.15579514	-261.641018514	32.5875998101
20.65	3023.49003129	-271.230921113	41.8173888895
20.7	2989.07922334	-270.665254462	41.3414587151
20.75	2744.54942081	-267.100701386	37.9594075947
20.8	2954.6183503	-270.106680923	40.8648360986
20.85	3024.57596348	-271.175569088	41.8324082374
20.9	2767.02344508	-267.479433456	38.270242095
20.95	2820.68874142	-268.322026741	39.0124779031
21.0	2992.42485432	-270.771842549	41.3877315818
21.05	2782.09221193	-267.710825009	38.4786557086
21.1	2861.77177997	-268.9640404	39.5806905918
21.15	2789.57396929	-267.947735826	38.5821346532
21.2	2848.72640478	-268.660707417	39.4002621724
21.25	2819.24613934	-268.226211243	38.9925255131
21.3	2642.31706541	-265.631170524	36.5454488521
21.35	3041.60438286	-271.418884341	42.0679254801
21.4	3091.3881603	-272.068934382	42.7564766445
21.45	3024.33623218	-271.255200055	41.8290925535
21.5	2828.01497896	-268.241965338	39.1138058788
21.55	2610.68568731	-265.240804683	36.1079605107
21.6	2519.15973216	-263.930360159	34.8420802133
21.65	2846.89141398	-268.662296271	39.3748827191
21.7	2843.60747616	-268.608027203	39.3294631201
21.75	2842.21920173	-268.519812344	39.3102621269
21.8	2920.97684028	-269.61641946	40.3995459562
21.85	2771.16820544	-267.547859518	38.3275675877
21.9	2928.80601	-269.798958334	40.5078299034
21.95	2834.60464561	-268.477409353	39.2049464647
22.0	2875.21479968	-269.093332465	39.7666187666
22.05	2764.27493274	-267.453599947	38.2322278769
22.1	2953.24463149	-270.346374974	40.8458364216
22.15	3071.31419993	-271.813638095	42.4788370297
22.2	2869.9606351	-268.995254611	39.6939492882
22.25	3027.47718756	-271.292714584	41.8725345862
22.3	2639.26700813	-265.601550215	36.5032640161
22.35	2815.56501921	-268.08959912	38.9416125515
22.4	2747.71699634	-267.218852103	38.0032178062
22.45	2734.31171291	-267.004170862	37.8178115556
22.5	3040.76747035	-271.292503242	42.056350282
22.55	2912.08729432	-269.47256019	40.2765961212
22.6	2925.27060499	-269.729734903	40.4589323034
22.65	2739.76007356	-267.117938453	37.8931669277
22.7	2905.96930603	-269.529905767	40.1919792403
22.75	2827.33317413	-268.40354504	39.1043759494
22.8	2736.54020229	-267.061125101	37.8486334224
22.85	2660.16099217	-265.963754331	36.7922452421
22.9	2630.45312364	-265.447859146	36.3813606424
22.95	2886.40056854	-269.280363645	39.9213272794
23.0	2787.35747322	-267.801775655	38.5514786639
23.05	2726.51935624	-266.999573218	37.7100367636
23.1	2662.22834048	-266.074324588	36.8208383934
23.15	2770.76712959	-267.604075004	38.3220203742
23.2	2865.37594896	-268.822328735	39.630539255
23.25	2849.67212021	-268.626900452	39.4133422055
23.3	2755.03590163	-267.346246214	38.1044443708
23.35	2611.32873014	-265.349535272	36.1168543294
23.4	2717.71628041	-266.893756019	37.5882828827
23.45	2742.56304815	-267.123290851	37.931934404
23.5	2756.27846223	-267.276099198	38.1216300202
23.55	2943.44561454	-269.951731456	40.7103078444
23.6	2740.66606639	-267.167188153	37.9056975642
23.65	2847.47957803	-268.653986802	39.3830175184
23.7	2737.21968947	-267.051572291	37.858031297
23.75	2839.21356602	-268.470652432	39.2686916781
23.8	2971.80736505	-270.500718696	41.1025745092
23.85	2915.23897775	-269.608082725	40.3201865317
23.9	2732.41243475	-267.092497889	37.7915429547
23.95	2730.41977373	-266.940204436	37.7639827907
24.0	2777.86547964	-267.649544892	38.4201964757
24.05	3075.33547067	-271.941077544	42.534454558
24.1	3034.44738364	-271.30062819	41.9689382115
24.15	2814.8239565	-268.299128547	38.9313630361
24.2	2709.77939802	-266.805720954	37.4785091795
24.25	2571.47835324	-264.787051456	35.5656903795
24.3	2962.00150722	-270.133910065	40.9669513167
24.35	2948.12488932	-269.989850396	40.7750261174
24.4	2748.86808562	-267.075218378	38.019138331
24.45	2749.98630986	-267.264186044	38.034604305
24.5	2837.72980564	-268.536300568	39.2481700344
24.55	2758.72344486	-267.333476819	38.1554461692
24.6	3002.3460345	-270.82383477	41.5249497787
24.65	2985.09776058	-270.552361124	41.2863917643
24.7	3136.92686689	-272.663525646	43.3863149383
24.75	2915.79194903	-269.473184838	40.3278345857
24.8	3026.84154631	-271.183648609	41.8637431375
24.85	2978.78113852	-270.573687415	41.1990276127
24.9	3109.50720429	-272.294499081	43.0070781351
24.95	2754.56246501	-267.346766791	38.0978963475
25.0	2944.77029743	-269.910210068	40.7286293136
25.05	3113.19990864	-272.383981043	43.0581513162
25.1	2755.40259308	-267.362651753	38.1095160194
25.15	3084.78244378	-272.100287848	42.6651140754
25.2	2745.59072241	-267.275016162	37.9738096644
25.25	2946.74839803	-270.080227276	40.7559880947
25.3	2769.59353822	-267.617817296	38.3057886267
25.35	2911.96719421	-269.612881203	40.2749350365
25.4	2627.74548655	-265.601737509	36.343911763
25.45	3087.20468234	-272.126120095	42.698615655
25.5	2917.78334731	-269.731464993	40.3553772848
25.55	2791.27699913	-267.892362217	38.6056889762
25.6	2780.27565173	-267.649364689	38.453531166
25.65	2681.49432738	-266.296599849	37.0873030612
25.7	2916.08344016	-269.652519165	40.3318661512
25.75	2790.62923045	-267.766338414	38.5967297952
25.8	3083.89339067	-271.89493309	42.6528177294
25.85	3125.91350553	-272.524321631	43.2339909651
25.9	2658.7703856	-266.033138212	36.7730119933
25.95	2653.76967711	-265.988395108	36.7038480241
26.0	2718.61252042	-266.940105277	37.6006786296
26.05	2823.18986671	-268.234603273	39.047070552
26.1	2806.83084951	-268.134446593	38.8208116999
26.15	3135.06597429	-272.747001752	43.3605772417
26.2	2776.42373668	-267.628809874	38.4002559682
26.25	2801.80319263	-267.965250654	38.7512750118
26.3	2912.48483377	-269.528429069	40.2820944233
26.35	3144.69473398	-272.855544705	43.4937510191
26.4	2982.50512452	-270.633784733	41.2505334451
26.45	2873.58168001	-268.982770623	39.7440313594
26.5	2695.69482256	-266.498732144	37.2837077535
26.55	3139.97278341	-272.824086339	43.4284425043
26.6	2747.56041785	-267.2451447	38.0010521952
26.65	2858.74003971	-268.82700348	39.5387590954
26.7	3045.24466247	-271.362179743	42.1182735832
26.75	2720.55661105	-266.835785575	37.6275670244
26.8	3057.18896419	-271.612667763	42.2834732382
26.85	2624.53051423	-265.452056799	36.2994460143
26.9	3075.24661913	-271.929419488	42.5332256671
26.95	2949.38646588	-270.028612042	40.7924747734
27.0	2810.05397991	-268.241310189	38.8653902815
27.05	2752.36172614	-267.359622089	38.0674582934
27.1	2950.65660346	-270.096077645	40.8100418355
27.15	2652.52629484	-265.750250888	36.6866510102
27.2	2733.3323386	-266.990940247	37.8042659921
27.25	2838.44673569	-268.462309698	39.2580857751
27.3	2783.24026459	-267.748547353	38.4945342345
27.35	2815.69045742	-268.218019177	38.9433474666
27.4	2874.51303268	-269.085380669	39.7569127437
27.45	2971.95070628	-270.433263609	41.1045570379
27.5	2833.36649368	-268.557099409	39.1878217908
27.55	3041.82270614	-271.363174413	42.0709450731
27.6	2974.95809591	-270.411382432	41.1461517448
27.65	2889.9080994	-269.419296157	39.9698393568
27.7	2994.66013254	-270.760737828	41.418647344
27.75	2924.12901884	-269.773807073	40.4431432148
27.8	2728.55000334	-266.963617866	37.7381223067
27.85	2839.49608041	-268.48272543	39.2725990877
27.9	2790.36898998	-267.887819	38.5931304523
27.95	2694.99959129	-266.401526811	37.2740921252
28.0	2933.72042124	-269.863701454	40.5758003097
28.05	2871.62559757	-269.031817114	39.7169771079
28.1	2976.37402145	-270.482412887	41.1657351761
28.15	2846.7066992	-268.665302042	39.3723279596
28.2	2970.13251333	-270.366770128	41.079409913
28.25	2707.44032791	-266.646902408	37.4461578889
28.3	2516.92048323	-264.004961137	34.811109533
28.35	2710.13518441	-266.673793487	37.483430002
28.4	2607.2673431	-265.323650866	36.0606819592
28.45	2753.9526494	-267.449551874	38.089462089
28.5	2837.31355065	-268.488673627	39.2424128807
28.55	2933.8020703	-270.03033283	40.5769295843
28.6	2871.86114635	-269.042741643	39.7202349439
28.65	2811.58518802	-268.339009348	38.8865681667
28.7	2902.90326375	-269.45402983	40.1495733184
28.75	3008.47693919	-270.901796928	41.6097453039
28.8	2598.34404614	-265.089628956	35.9372653197
28.85	2793.25351592	-267.927729123	38.633025852
28.9	3033.90087814	-271.298891243	41.9613795846
28.95	2975.91351206	-270.54903031	41.1593659471
29.0	2760.45859992	-267.411039716	38.179444811
29.05	3024.28207946	-271.299196554	41.8283435763
29.1	2897.2830194	-269.456039672	40.0718406515
29.15	2830.44438925	-268.49337722	39.1474066494
29.2	3171.63164013	-273.242266714	43.866310898
29.25	2460.32674663	-263.258026282	34.0283709535
29.3	2822.63065332	-268.200180273	39.0393361643
29.35	2840.65680213	-268.485184556	39.2886528372
29.4	2764.38788342	-267.541573031	38.2337900789
29.45	2390.92550571	-262.295609671	33.0684939071
29.5	2825.18779864	-268.389223161	39.074703617
29.55	2898.85147777	-269.349974106	40.0935337389
29.6	2915.60703959	-269.650569734	40.3252771339
29.65	2676.1765441	-266.415995211	37.0137536831
29.7	2710.67165806	-266.864516883	37.49084988
29.75	2835.41892264	-268.540540035	39.2162085952
29.8	2768.63715407	-267.638886947	38.2925610362
29.85	2839.2093547	-268.465670866	39.268633432
29.9	2792.31294356	-267.883395815	38.6200169518
29.95	2874.14880737	-269.09857003	39.7518752038
30.0	2712.45280766	-266.941811089	37.5154846645
30.05	2638.25668676	-265.633949242	36.4892904288
30.1	2799.73952192	-267.974937905	38.7227327247
30.15	2940.10052492	-269.986018284	40.664042465
30.2	2750.86406489	-267.317638593	38.0467443891
30.25	2987.15886664	-270.679991492	41.3148985802
30.3	2870.19834299	-269.027318823	39.6972369866
30.35	2670.09185373	-266.13376554	36.9295973403
30.4	3156.47196248	-273.063828679	43.656639912
30.45	3068.52974811	-271.84542552	42.4403257387
30.5	2639.76567849	-265.672067637	36.5101610431
30.55	2838.5958325	-268.461273181	39.2601479083
30.6	2810.92688817	-268.145968552	38.8774633308
30.65	2665.3542671	-266.103615725	36.8640725658
30.7	2616.08726197	-265.429952253	36.1826687935
30.75	2715.27396217	-266.807022596	37.5545035844
30.8	3074.30472116	-271.887964444	42.5201984326
30.85	2841.72338942	-268.619869455	39.303404629
30.9	2761.06338471	-267.505179307	38.187809489
30.95	2725.49839698	-266.857349355	37.6959160456
31.0	2894.75869076	-269.271940832	40.036927081
31.05	3012.51877384	-271.034374062	41.6656472484
31.1	2992.02752836	-270.719934982	41.3822362325
31.15	2824.51348681	-268.446706137	39.0653773219
31.2	2723.14073152	-266.9346881	37.6633075659
31.25	2766.97084845	-267.479489853	38.2695146396
31.3	2389.95588937	-262.187873652	33.0550833044
31.35	2825.69155788	-268.376920402	39.0816710274
31.4	2717.33329463	-266.801665945	37.58298587
31.45	2954.17253333	-270.122878983	40.8586700781
31.5	2775.77599215	-267.601488331	38.391297121
31.55	2960.02216782	-270.391952647	40.939575402
31.6	3041.3750675	-271.570159269	42.0647538573
31.65	2522.57146019	-264.090796478	34.8892672576
31.7	2724.39473042	-266.960261088	37.6806514165
31.75	2671.60782579	-266.100397707	36.9505644983
31.8	2895.98901824	-269.443412047	40.0539435362
31.85	2891.88189304	-269.431636639	39.9971385691
31.9	2772.61906542	-267.785714361	38.3476341913
31.95	2908.86312172	-269.565458831	40.232003125
32.0	2732.91926843	-267.003154378	37.7985528871
32.05	2666.84375865	-266.182337745	36.8846734763
32.1	2536.40281936	-264.259082504	35.0805664911
32.15	2919.08167699	-269.844769119	40.3733342671
32.2	2906.88661352	-269.544381902	40.204666368
32.25	2964.10245037	-270.455369419	40.9960091129
32.3	2938.67709315	-269.779741172	40.6443552163
32.35	3276.47886798	-274.654924624	45.3164355074
32.4	2659.88425459	-265.901751581	36.7884177306
32.45	2951.95471458	-270.147481105	40.827995795
32.5	2966.73140341	-270.408246503	41.0323697261
32.55	3206.1329701	-273.840490465	44.3434930674
32.6	2878.75223654	-269.108209515	39.8155444688
32.65	2741.65090064	-267.066088787	37.9193186432
32.7	2901.49220844	-269.401565853	40.1300572466
32.75	2696.75412368	-266.546428	37.2983587715
32.8	2779.40267323	-267.577823534	38.4414571452
32.85	2970.17388813	-270.305763053	41.0799821609
32.9	2702.08625044	-266.698951089	37.3721065319
32.95	2813.85421097	-268.294160461	38.9179506467
33.0	2496.51064727	-263.637112223	34.5288244788
33.05	2918.07667886	-269.597631058	40.3594343049
33.1	2933.20386226	-269.870400466	40.5686558681
33.15	2813.667305	-268.200065808	38.9153655813
33.2	2947.65705878	-270.148875523	40.7685556308
33.25	2930.02809574	-269.814091765	40.5247323685
33.3	2906.42287071	-269.690639441	40.1982524183
33.35	2826.62926516	-268.450748153	39.0946403011
33.4	3068.66670867	-271.824042417	42.4422200174
33.45	2955.3784749	-270.393772367	40.8753492558
33.5	2576.03966842	-264.959736827	35.6287771728
33.55	2965.31082692	-270.294163082	41.0127219684
33.6	2695.45366684	-266.424401275	37.2803723688
33.65	3162.7788077	-273.119119476	43.7438688417
33.7	2672.34840632	-266.086046501	36.9608073447
33.75	2778.31648661	-267.659511351	38.4264342783
33.8	3030.14253433	-271.240054015	41.909398555
33.85	2919.07782749	-269.727378039	40.3732810254
33.9	2996.66788783	-270.721542354	41.4464162742
33.95	2991.01830297	-270.740547085	41.3682778035
34.0	2581.82527077	-264.90872575	35.7087968789
34.05	2714.08896993	-266.85733434	37.5381141533
34.1	2840.31772704	-268.59319136	39.2839631459
34.15	2982.4910781	-270.524181671	41.2503391714
34.2	2991.59899745	-270.711998759	41.3763092926
34.25	3012.14354489	-271.041264191	41.660457519
34.3	2795.24228559	-267.932483903	38.6605321953
34.35	2768.66037696	-267.565529128	38.2928822281
34.4	2763.16225971	-267.390215618	38.2168386808
34.45	2970.66259049	-270.480538296	41.0867413222
34.5	2847.21941508	-268.757542966	39.379419248
34.55	2903.15993256	-269.403834536	40.1531232622
34.6	2547.40761605	-264.35920845	35.2327720079
34.65	2666.6696876	-266.174691351	36.8822659285
34.7	2704.94704107	-266.703133903	37.4116736523
34.75	2995.69341935	-270.882578198	41.4329385624
34.8	2820.65576863	-268.386253483	39.012021862
34.85	3009.73406055	-270.908706696	41.6271323409
34.9	2965.1605705	-270.278505367	41.0106437968
34.95	3045.04223556	-271.484859389	42.1154738503
35.0	2774.55889621	-267.613311572	38.3744636691
35.05	2756.63931869	-267.390072589	38.1266209661
35.1	3127.53795145	-272.638946324	43.256458407
35.15	2649.24438572	-265.893781604	36.6412594699
35.2	3053.59885108	-271.588642126	42.2338189796
35.25	2741.42569405	-267.263386771	37.9162038483
35.3	2797.8244838	-268.007119634	38.6962461502
35.35	2628.92144771	-265.635277732	36.3601762866
35.4	2753.70912178	-267.332925883	38.0860938988
35.45	2696.03048076	-266.477051611	37.2883501864
35.5	2849.36374833	-268.589392622	39.4090771653
35.55	2963.34954414	-270.192929938	40.9855957918
35.6	3024.39523919	-271.135075272	41.8299086696
35.65	2877.15137933	-269.05905565	39.7934032784
35.7	3034.50997375	-271.265832469	41.9698038849
35.75	2801.99482628	-267.96875982	38.753925465
35.8	2559.6623742	-264.606455916	35.4022655342
35.85	2933.14283759	-269.926036537	40.5678118461
35.9	3056.099836	-271.709988063	42.268409687
35.95	2776.95638072	-267.714112316	38.4076228795
36.0	2751.90857855	-267.286357593	38.0611908843
36.05	2512.80125731	-263.871151661	34.7541372029
36.1	2937.62495778	-269.977454258	40.6298033066
36.15	2989.8769651	-270.661434877	41.3524921489
36.2	2500.11836684	-263.761320366	34.5787222494
36.25	2887.09697753	-269.254229343	39.9309591967
36.3	2851.88580763	-268.798867015	39.443959349
36.35	2991.00196017	-270.638839079	41.368051769
36.4	2805.89109141	-268.127430075	38.8078140615
36.45	2794.84415094	-267.875949335	38.655025661
36.5	3019.86713209	-271.142705463	41.7672811719
36.55	2916.4093658	-269.694179714	40.3363739745
36.6	2917.07435675	-269.601776988	40.3455713541
36.65	2493.03762233	-263.760313384	34.4807896472
36.7	2624.48091958	-265.633702153	36.298760079
36.75	2881.53027159	-269.263669262	39.8539670105
36.8	2608.87162076	-265.300811909	36.0828704573
36.85	2643.20297095	-265.671983464	36.5577016646
36.9	2792.91757602	-267.920788111	38.628379523
36.95	3044.08691061	-271.515441799	42.1022609093
37.0	2900.09840793	-269.395396094	40.110779823
37.05	2797.71608531	-267.959537405	38.6947469086
37.1	2815.56360863	-268.244792725	38.941593042
37.15	2741.63869732	-267.220563911	37.9191498611
37.2	3133.41560777	-272.748847361	43.3377512961
37.25	2569.75166886	-264.783888973	35.5418088943
37.3	2703.82001381	-266.6292129	37.3960859254
37.35	2885.74133575	-269.14358782	39.9122095401
37.4	2861.0645579	-268.9602808	39.5709091207
37.45	3061.67849669	-271.773443868	42.3455672172
37.5	2811.31508491	-268.165763672	38.8828324155
37.55	2909.13296487	-269.491545347	40.2357352809
37.6	2840.12705446	-268.501949485	39.2813259851
37.65	2958.13877196	-270.189146975	40.9135264665
37.7	2913.08723115	-269.521427109	40.2904260816
37.75	2887.77486599	-269.339055078	39.9403349595
37.8	2820.99014829	-268.202467973	39.0166466115
37.85	2787.89788249	-267.916262774	38.5589529747
37.9	2808.13441472	-268.0175327	38.8388410939
37.95	2635.78244211	-265.714969342	36.4550695617
38.0	2862.13263617	-269.046181244	39.585681534
38.05	2833.43492885	-268.553110456	39.1887683063
38.1	3007.77083293	-270.898925718	41.5999792655
38.15	2860.76237432	-268.846183945	39.5667296698
38.2	2854.3846151	-268.771354704	39.4785199403
38.25	2833.07987573	-268.533655496	39.1838576256
38.3	3057.90722064	-271.635842482	42.293407324
38.35	3058.1682206	-271.784538885	42.2970171712
38.4	2844.61496467	-268.74532827	39.3433975264
38.45	2988.01702419	-270.790455979	41.3267676149
38.5	2962.63714157	-270.20750663	40.97574267
38.55	2880.7318415	-268.963975233	39.8429240566
38.6	2945.32711031	-270.143268689	40.7363305001
38.65	2850.16274376	-268.756669125	39.4201279385
38.7	2775.35759434	-267.596426645	38.3855103304
38.75	2765.51276347	-267.602258266	38.2493481083
38.8	2803.98919953	-268.165288639	38.7815093104
38.85	2851.86547835	-268.871369578	39.443678178
38.9	3044.3026262	-271.492043677	42.1052444359
38.95	3138.88617844	-272.722549956	43.4134138512
39.0	2640.99946373	-265.652407986	36.527225322
39.05	2951.96773013	-270.147367582	40.8281758109
39.1	2924.98737203	-269.65325139	40.4550149553
39.15	2786.1074921	-267.798027544	38.5341903824
39.2	3086.67768845	-272.184702172	42.69132689
39.25	3082.02104959	-271.970048237	42.6269216907
39.3	2991.97551556	-270.776380938	41.381516852
39.35	2838.13829101	-268.642952703	39.2538197278
39.4	3195.6448596	-273.617917571	44.1984337516
39.45	2570.28845468	-264.680035497	35.54923309
39.5	3065.94569249	-271.764852161	42.4045860942
39.55	2773.61912389	-267.571924809	38.361465834
39.6	2724.95387191	-266.910046224	37.6883848096
39.65	2815.4382511	-268.197744199	38.9398592428
39.7	3037.73436862	-271.340913402	42.0143999553
39.75	2976.45216468	-270.449454368	41.166815962
39.8	3008.15717932	-270.975271621	41.6053227583
39.85	3098.13488041	-272.172449773	42.8497894107
39.9	2569.27123453	-264.685964974	35.5351640869
39.95	2873.22253922	-269.083851708	39.7390641428
40.0	2624.58109184	-265.54548875	36.3001455449
40.05	2815.10645973	-268.16432981	38.9352702915
40.1	2615.68544147	-265.457237219	36.1771112808
40.15	2875.41832717	-269.060541398	39.7694337215
40.2	2718.56926039	-266.831665064	37.6000803072
40.25	2855.14565532	-268.777921479	39.4890457614
40.3	2699.08331189	-266.524469676	37.3305733872
40.35	2722.39977589	-266.82302367	37.6530595315
40.4	2454.31206507	-263.076861995	33.945182891
40.45	2833.52012057	-268.595979657	39.1899465789
40.5	3092.48534496	-272.141006127	42.7716516234
40.55	2853.53468199	-268.736498384	39.4667646565
40.6	2864.23418604	-268.867790822	39.6147477216
40.65	2822.12181664	-268.232812554	39.0322985287
40.7	2790.34800574	-267.87995196	38.5928402228
40.75	2792.70455238	-267.901976771	38.6254332283
40.8	3197.79174775	-273.624420634	44.2281270053
40.85	2663.10051522	-266.103680687	36.8329012976
40.9	2856.41838991	-268.903853175	39.5066487422
40.95	2881.01696185	-269.241373273	39.8468675087
41.0	2776.6395498	-267.657358362	38.4032408436
41.05	2784.11425567	-267.953960981	38.50662226
41.1	2872.41210196	-269.183664221	39.7278551195
41.15	2899.42646177	-269.526517456	40.1014862471
41.2	3000.48528953	-270.782193793	41.4992141237
41.25	3101.07892944	-272.224812372	42.8905080643
41.3	2566.70797176	-264.663911466	35.4997120249
41.35	3058.46498893	-271.697702854	42.3011217246
41.4	3013.16818455	-270.994133058	41.67462914
41.45	2999.57269991	-270.840793987	41.4865922481
41.5	2867.11664936	-269.014118419	39.6546145934
41.55	2888.27599293	-269.251919501	39.947265963
41.6	2804.58513026	-268.043747307	38.7897515296
41.65	2585.80549131	-264.910375781	35.7638466486
41.7	2841.32030448	-268.646254346	39.2978296282
41.75	3092.46081092	-272.094944499	42.7713122971
41.8	2741.68268317	-267.030185004	37.9197582221
41.85	2833.05136157	-268.513231209	39.1834632509
41.9	2669.7247566	-266.211783176	36.9245200808
41.95	2585.25798849	-265.065831366	35.7562742279
42.0	2872.88251293	-269.045973331	39.7343612955
42.05	2632.91634669	-265.729675134	36.4154290716
42.1	2920.07309294	-269.715090554	40.3870463767
42.15	2730.6383512	-267.036745803	37.7670058995
42.2	2734.73210195	-267.099783017	37.8236258868
42.25	2929.63318608	-269.909687778	40.5192704385
42.3	2440.30871795	-262.946298109	33.7515049208
42.35	2821.89352948	-268.335579989	39.0291411269
42.4	3170.37998778	-273.40394925	43.848999502
42.45	2594.43949326	-265.247039271	35.8832620968
42.5	2945.33297746	-270.057065474	40.7364116478
42.55	2622.72503849	-265.453061051	36.274474779
42.6	2882.90296475	-269.184134224	39.8729525019
42.65	2669.46897985	-266.288014938	36.920982475
42.7	2750.75776254	-267.277502314	38.045274139
42.75	2870.31910389	-268.991294766	39.6989072106
42.8	2778.17499021	-267.693832282	38.4244772651
42.85	2705.66873258	-266.755291578	37.4216552479
42.9	2916.90730317	-269.654659454	40.3432608638
42.95	2892.58155274	-269.171321882	40.0068154463
43.0	2900.8753036	-269.49859032	40.1215249381
43.05	2775.26722502	-267.677879071	38.3842604472
43.1	2816.6769385	-268.301048682	38.9569913227
43.15	3101.65841359	-272.313415232	42.8985228134
43.2	3028.69443719	-271.311107488	41.8893701638
43.25	3123.71479864	-272.562609219	43.2035810149
43.3	2531.09328387	-264.210556736	35.0071311867
43.35	2739.06455452	-267.039459568	37.8835473193
43.4	3131.35920099	-272.696720212	43.3093094752
43.45	2770.19493709	-267.593994106	38.3141064747
43.5	3083.02682478	-272.108845163	42.6408324003
43.55	2775.75612345	-267.868997422	38.3910223204
43.6	3028.23530219	-271.232188934	41.8830199439
43.65	2907.0583582	-269.48648279	40.2070417402
43.7	2891.33590188	-269.11222859	39.9895870559
43.75	2856.44796674	-268.869213342	39.5070578145
43.8	2976.83026171	-270.551194121	41.1720453593
43.85	3018.10686821	-271.162419014	41.7429352542
43.9	2983.8574351	-270.715793759	41.2692370285
43.95	2745.21077128	-267.238687099	37.9685546234
44.0	2839.21905791	-268.427343862	39.2687676356
44.05	2776.37116503	-267.680923291	38.3995288584
44.1	2856.23077801	-268.857203212	39.5040539132
44.15	2891.79315277	-269.350749513	39.995911217
44.2	2764.28821686	-267.579917655	38.2324116074
44.25	2861.6027681	-268.930874073	39.5783530167
44.3	2977.38855076	-270.472815848	41.1797669626
44.35	2598.68876934	-265.048534707	35.9420331292
44.4	3021.19211608	-271.313325767	41.7856068056
44.45	2554.34168707	-264.563789625	35.3286759934
44.5	3108.50857614	-272.392320372	42.9932662748
44.55	2809.71071502	-268.194210768	38.8606426418
44.6	2759.81883258	-267.490078429	38.1705962951
44.65	2728.19002015	-266.934258748	37.733143439
44.7	2866.84003414	-268.994448962	39.6507887742
44.75	2721.10924689	-267.040884587	37.635210439
44.8	2777.86529031	-267.607072443	38.4201938572
44.85	3028.207925	-271.241826038	41.8826412944
44.9	2635.45736052	-265.713786274	36.4505734122
44.95	2885.36697157	-269.232481179	39.9070317714
45.0	2637.99189195	-265.842487212	36.4856280957
45.05	2635.5576209	-265.64494612	36.4519600968
45.1	2815.99690229	-268.194093843	38.9475858548
45.15	2778.57605231	-267.694156903	38.4300242885
45.2	2837.44652812	-268.510088109	39.2442520701
45.25	3003.45836238	-270.858209913	41.5403342009
45.3	2952.93438227	-270.129738202	40.8415454163
45.35	2750.66410662	-267.268517568	38.0439787994
45.4	2945.09028335	-270.048287658	40.7330549857
45.45	2945.84259917	-270.164330049	40.743460141
45.5	2488.8925391	-263.581451877	34.4234596888
45.55	2932.46743589	-269.814876401	40.5584704772
45.6	2621.38257251	-265.463531567	36.2559073548
45.65	2942.66082069	-269.927502	40.6994534909
45.7	2631.45460046	-265.640388299	36.395211902
45.75	2724.10699398	-266.990631478	37.6766717815
45.8	2873.19749283	-268.988423569	39.7387177304
45.85	2679.37590007	-266.318388924	37.0580034446
45.9	2812.0770046	-268.237352179	38.8933704003
45.95	2927.40636714	-269.803985989	40.4884716752
46.0	2933.59492163	-269.836283496	40.5740645453
46.05	2694.27376652	-266.405980817	37.2640533633
46.1	2730.0705687	-267.013798589	37.7591529939
46.15	2896.73941371	-269.51937247	40.0643221314
46.2	2674.96990785	-266.308114719	36.9970648974
46.25	2916.53142255	-269.694490626	40.3380621213
46.3	3103.69646804	-272.380436495	42.9267108064
46.35	2824.4724257	-268.419611011	39.0648094125
46.4	2619.96206672	-265.543255605	36.236260575
46.45	2967.94566426	-270.440106708	41.0491639665
46.5	2787.54575188	-267.829357579	38.5540827147
46.55	2952.53614037	-270.135588571	40.8360373986
46.6	2934.28761896	-269.921614624	40.5836451273
46.65	2745.40257283	-267.230210274	37.9712073987
46.7	2953.80390557	-270.203519545	40.8535716488
46.75	2650.0211244	-265.748251424	36.6520024136
46.8	2947.07368282	-270.042263325	40.7604870548
46.85	2808.83911091	-268.148007084	38.84858763
46.9	2902.15165968	-269.445493468	40.1391780073
46.95	3016.91788879	-271.084716058	41.7264906771
47.0	2886.88959545	-269.139797592	39.9280909295
47.05	2819.50158138	-268.341000108	38.9960584897
47.1	2844.35883131	-268.760594643	39.3398549885
47.15	3074.52632677	-271.915831568	42.523263423
47.2	2683.98521844	-266.407385835	37.121754162
47.25	2714.65565348	-266.824096846	37.5459518595
47.3	2865.91180113	-268.909905382	39.6379505374
47.35	2737.39500511	-267.176267896	37.8604560585
47.4	2749.31162486	-267.294762042	38.0252728487
47.45	2860.29535034	-268.98159789	39.5602703386
47.5	2994.08097088	-270.846620738	41.4106370552
47.55	2549.58254424	-264.474237163	35.2628530788
47.6	2982.38929236	-270.602458369	41.2489313898
47.65	2800.55810757	-268.004399299	38.734054447
47.7	2887.24899089	-269.231238655	39.9330616683
47.75	2973.98801199	-270.593620984	41.1327346752
47.8	3044.61312375	-271.506136182	42.1095388761
47.85	2726.2270854	-266.974836808	37.7059944142
47.9	2942.66622363	-270.029897422	40.699528218
47.95	3083.34534709	-271.916878001	42.6452378296
48.0	2949.89034614	-270.11230689	40.7994438576
48.05	2855.72385057	-268.877050961	39.4970426839
48.1	3172.8039846	-273.461539019	43.8825253998
48.15	2965.90187904	-270.292331588	41.0208967122
48.2	2849.96207157	-268.626409547	39.4173524747
48.25	3268.18488011	-274.522454967	45.2017227376
48.3	2605.57027833	-265.289464742	36.0372101379
48.35	2762.87345537	-267.461130105	38.212844276
48.4	2855.50208264	-268.835083925	39.4939754484
48.45	2641.90401603	-265.77519929	36.5397360348
48.5	2945.32572833	-270.060796502	40.7363113861
48.55	2851.23615157	-268.723146337	39.4349740638
48.6	2778.01011016	-267.747171485	38.4221968365
48.65	2876.82774937	-269.134684711	39.7889272061
48.7	2899.16984211	-269.438027319	40.0979369832
48.75	2724.25309887	-267.018798752	37.678692534
48.8	2860.81529369	-268.961341595	39.5674615888
48.85	2558.10191397	-264.5260055	35.3806830677
48.9	2927.3409946	-269.901669706	40.4875675184
48.95	2942.67266137	-269.959840297	40.6996172574
49.0	2870.40630015	-268.955980737	39.7001132075
49.05	3093.57221898	-272.33087018	42.7866839975
49.1	2403.28460428	-262.494374145	33.2394305486
49.15	3128.64985209	-272.649104018	43.2718369202
49.2	2990.51294224	-270.69856108	41.3612882432
49.25	2865.45650708	-268.924045524	39.631653441
49.3	3068.28239166	-271.754530595	42.4369045926
49.35	2900.81054846	-269.435856889	40.1206293205
49.4	2722.41202132	-267.044462681	37.653228896
49.45	2676.87329365	-266.1986686	37.0233903105
49.5	2913.90944184	-269.566245008	40.3017979412
49.55	2859.59939689	-268.846351514	39.5506447219
49.6	3195.69947917	-273.651931326	44.1991891857
49.65	3190.89441232	-273.572604035	44.1327311035
49.7	3099.55076536	-272.193675985	42.8693722805
49.75	2906.45777266	-269.558453133	40.1987351412
49.8	2814.59499536	-268.183336912	38.9281963126
49.85	2876.19783575	-268.95721579	39.7802149753
49.9	2870.48539612	-269.071587992	39.7012071708
49.95	2882.47018763	-269.267261055	39.8669668333
50.0	2838.46872625	-268.636184457	39.2583899229
50.05	2850.23558655	-268.819069132	39.4211354149
50.1	3038.39726043	-271.448090774	42.023568302
50.15	2977.82836183	-270.586769054	41.1858499164
50.2	2866.74860625	-269.150282386	39.6495242503
50.25	2813.28523142	-268.29732445	38.9100811849
50.3	3167.51292539	-273.146029855	43.8093456379
50.35	2686.56138367	-266.279412898	37.1573846759
50.4	2533.76748802	-264.185686459	35.0441176605
50.45	2690.1684144	-266.510943432	37.2072729193
50.5	2978.32264265	-270.578083884	41.1926862325
50.55	3013.8111657	-270.976546168	41.6835221057
50.6	2889.42957679	-269.151287359	39.9632209899
50.65	2855.48252984	-268.715750338	39.493705017
50.7	3051.56117306	-271.586037213	42.205636193
50.75	2580.03917151	-264.861314534	35.6840936363
50.8	2983.57616321	-270.59682732	41.2653468035
50.85	2947.82038258	-270.226774332	40.7708145352
50.9	2788.38607866	-267.910584997	38.565705135
50.95	2872.52572454	-268.980962673	39.7294266146
51.0	2638.50923626	-265.531542879	36.492783399
51.05	2857.95727715	-268.811366996	39.5279328363
51.1	3060.98233972	-271.610623154	42.3359387857
51.15	2703.91544407	-266.549530431	37.3974058055
51.2	3051.58751107	-271.459914603	42.2060004697
51.25	2703.14660722	-266.583814987	37.3867721506
51.3	2794.15147436	-267.868892452	38.6454453662
51.35	2930.1728423	-269.800827852	40.526734334
51.4	2755.69371954	-267.398790536	38.1135425411
51.45	2944.43933788	-269.990120668	40.7240518669
51.5	2663.62544191	-266.112866619	36.8401614716
51.55	2681.68882604	-266.327831601	37.0899931398
51.6	2654.06175468	-265.915725347	36.7078877005
51.65	3027.14943521	-271.232027954	41.8680014978
51.7	2604.42800622	-265.209844806	36.0214115621
51.75	2753.54842277	-267.277425462	38.0838712976
51.8	2935.29822061	-270.093758258	40.5976225909
51.85	2866.14155859	-269.07884251	39.6411282747
51.9	2765.05309102	-267.606184766	38.242990455
51.95	2863.56146127	-268.914526116	39.6054433768
52.0	2473.43073904	-263.281281282	34.209610098
52.05	2922.71414204	-269.919037751	40.4235742885
52.1	2709.17435744	-266.757652423	37.4701409635
52.15	2838.46084674	-268.652290948	39.2582809426
52.2	2805.92037674	-268.211469766	38.808219102
52.25	2765.29846669	-267.658811945	38.2463842051
52.3	3004.65160351	-271.055395538	41.556837721
52.35	2763.06970367	-267.57898278	38.2155585536
52.4	2861.78655475	-268.914096384	39.5808949393
52.45	2673.00267874	-266.10723471	36.9698564781
52.5	2885.97461605	-269.251775799	39.9154360013
52.55	2967.23890774	-270.467278885	41.0393889343
52.6	3038.60864971	-271.605743768	42.0264919919
52.65	2586.55744063	-265.115073163	35.7742467349
52.7	2878.3800066	-269.244600372	39.8103962182
52.75	3116.72932449	-272.527133514	43.1069660811
52.8	3018.39566695	-271.252817255	41.7469295817
52.85	2879.0575317	-269.192162502	39.8197669556
52.9	2964.65042389	-270.383255152	41.0035880436
52.95	2618.15744751	-265.421524404	36.2113011861
53.0	2773.31361156	-267.752373583	38.3572403437
53.05	2649.9914821	-265.882811168	36.6515924358
53.1	2748.54028964	-267.238486028	38.0146046393
53.15	2694.36418975	-266.57098648	37.265303992
53.2	2953.81072128	-270.265379666	40.8536659156
53.25	2897.44674647	-269.504795695	40.0741051333
53.3	2751.35264118	-267.263183781	38.0535018067
53.35	3022.54916818	-271.035959955	41.8043759679
53.4	2860.38928333	-268.936707337	39.5615695103
53.45	2934.69515433	-270.052763663	40.5892816813
53.5	2679.46452595	-266.279326306	37.0592292144
53.55	2915.03948648	-269.550493862	40.317427401
53.6	2603.61517553	-265.238896153	36.0101694356
53.65	3048.38289994	-271.590167276	42.1616780249
53.7	2804.45205292	-268.085548705	38.7879109588
53.75	3106.62410191	-272.354949261	42.9672024245
53.8	2783.8808237	-267.866294749	38.5033937012
53.85	2847.8512486	-268.86622586	39.3881580325
53.9	2922.63556234	-269.709703974	40.4224874658
53.95	2864.15636451	-269.072491497	39.6136713849
54.0	2861.97456021	-268.945925554	39.5834952117
54.05	2946.83415204	-270.041789506	40.7571741442
54.1	3015.27516848	-271.146802392	41.7037704851
54.15	3027.82829648	-271.263240095	41.8773907154
54.2	2652.30132334	-265.966113355	36.6835394668
54.25	2848.45750878	-268.712055565	39.3965431165
54.3	2943.29954932	-270.04935984	40.7082876405
54.35	2846.91012181	-268.694804347	39.375141464
54.4	2916.74851265	-269.659235639	40.3410646584
54.45	2925.86034931	-269.892833252	40.4670889592
54.5	3034.17188029	-271.430540535	41.9651277703
54.55	3097.75416404	-272.559350294	42.8445237858
54.6	3000.95304034	-270.812398312	41.5056835075
54.65	2533.45969988	-264.248679091	35.0398606939
54.7	2730.0150228	-267.051643262	37.7583847478
54.75	2888.61105408	-269.366993634	39.9519001382
54.8	2827.60526288	-268.542155927	39.1081391636
54.85	2958.53462896	-270.177792905	40.9190014989
54.9	2890.22338318	-269.241283773	39.9741999944
54.95	2854.11577243	-268.922015674	39.4748016221
55.0	2697.81482175	-266.692765456	37.3130291106
55.05	3296.44649853	-275.022627543	45.5926044921
55.1	2513.83025232	-264.015160604	34.7683690621
55.15	2906.25872989	-269.619778275	40.1959822138
55.2	2734.87486768	-267.273638875	37.8256004558
55.25	2686.40810434	-266.517049311	37.1552646949
55.3	2882.77724395	-269.16088176	39.8712136784
55.35	3031.87490084	-271.359855669	41.9333586288
55.4	2693.50513838	-266.518665496	37.253422595
55.45	2939.41312377	-270.03339779	40.6545351337
55.5	2761.80842285	-267.610011368	38.1981139879
55.55	2810.28153712	-268.222222032	38.8685375875
55.6	2777.91602256	-267.710097469	38.4208955265
55.65	2973.83498619	-270.539175731	41.1306182006
55.7	2644.44861885	-265.855179626	36.5749300141
55.75	2650.41132043	-265.861701123	36.6573991502
55.8	3114.63125935	-272.486001799	43.0779480903
55.85	2782.35342866	-267.774720946	38.482268554
55.9	2988.98930514	-270.586598616	41.3402150713
55.95	3029.90814213	-271.208829569	41.9061567154
56.0	3055.76044844	-271.691915526	42.263715674
56.05	2908.12754417	-269.720336023	40.2218294739
56.1	2930.2992992	-269.945627722	40.5284833384
56.15	3106.17118123	-272.360307245	42.9609381537
56.2	2753.17941915	-267.27722025	38.0787676697
56.25	3045.49930507	-271.517601801	42.1217955028
56.3	2919.11984966	-269.69867868	40.373862227
56.35	2822.12239534	-268.405526378	39.0323065326
56.4	2895.38846685	-269.463793587	40.0456374095
56.45	2999.31153956	-270.854559877	41.4829801826
56.5	2880.78343481	-269.266345309	39.843637635
56.55	2797.56815353	-267.891865167	38.6927008888
56.6	2531.38353193	-264.162079623	35.0111455595
56.65	3086.32690318	-271.971561261	42.6864752371
56.7	2828.64286517	-268.316916513	39.1224900689
56.75	2841.56293963	-268.547004003	39.3011854747
56.8	2772.01237965	-267.689933626	38.3392432212
56.85	2860.09336148	-269.009199149	39.5574766642
56.9	2608.66136923	-265.327510137	36.0799625032
56.95	2710.77720924	-266.705171379	37.4923097409
57.0	2915.89202732	-269.648139375	40.3292187519
57.05	2653.82324925	-265.936199449	36.7045889715
57.1	2509.0123283	-263.974833643	34.7017331545
57.15	2961.45379495	-270.286661303	40.9593759992
57.2	2920.88880741	-269.825859424	40.3983283882
57.25	2795.50334118	-268.009653851	38.6641428119
57.3	2747.16202879	-267.350460002	37.9955421422
57.35	2699.28969377	-266.554481157	37.3334278206
57.4	2503.41311017	-263.83241016	34.6242912976
57.45	2718.11301561	-266.782336358	37.5937700615
57.5	2776.17324954	-267.671689856	38.3967915221
57.55	2620.49557658	-265.586699193	36.2436394613
57.6	2933.76721329	-269.873296589	40.5764474827
57.65	2747.51808196	-267.232319978	38.0004666544
57.7	2754.30585568	-267.385580509	38.0943472264
57.75	2778.02684849	-267.738614314	38.4224283416
57.8	2808.31134599	-268.096098028	38.841288201
57.85	2774.48640109	-267.695834151	38.3734610011
57.9	2858.9917641	-268.917505083	39.5422406536
57.95	3185.00495743	-273.48166838	44.0512750304
58.0	3081.41080431	-272.072097924	42.6184814895
58.05	2711.18698414	-266.808540828	37.4979772696
58.1	2714.26876562	-266.78863592	37.5406008777
58.15	3165.58899535	-273.295436948	43.7827360808
58.2	2529.27076571	-264.111035521	34.9819242405
58.25	2928.23075348	-269.810376437	40.4998736259
58.3	3089.19120111	-271.987662629	42.7260908665
58.35	2863.26592819	-268.920503098	39.6013559078
58.4	3208.13638756	-273.796000437	44.3712020019
58.45	2907.81152168	-269.636017634	40.2174586193
58.5	2946.23629822	-270.109402167	40.7489053273
58.55	2770.67210691	-267.629930864	38.3207061312
58.6	2543.81596921	-264.399785366	35.1830965364
58.65	3273.79310606	-274.723049998	45.2792891801
58.7	2843.27096049	-268.68375292	39.3248088277
58.75	2897.76679085	-269.612049154	40.0785316141
58.8	3009.09098565	-271.081399028	41.6182380787
58.85	2509.96505492	-264.084638539	34.7149101583
58.9	2689.11104532	-266.459924044	37.1926486231
58.95	2940.53638348	-269.979681972	40.6700707523
59.0	2817.56701696	-268.328244451	38.9693018502
59.05	2948.75639581	-270.188848681	40.7837603788
59.1	2871.84276806	-269.204245475	39.7199807568
59.15	2880.99167391	-269.216254214	39.8465177555
59.2	2847.68401631	-268.751806219	39.3858450704
59.25	3063.65853117	-271.73644504	42.3729527455
59.3	2705.05616675	-266.789711422	37.4131829516
59.35	2936.87498325	-269.984887939	40.6194305334
59.4	2649.06203148	-265.846918984	36.6387373586
59.45	2864.50721725	-268.943611322	39.6185239709
59.5	2891.80473987	-269.49437826	39.9960714764
59.55	2952.12473339	-270.175485236	40.830347297
59.6	2788.37443301	-267.837316466	38.565544066
59.65	2714.02331332	-266.845382901	37.5372060677
59.7	2887.96631781	-269.292488141	39.9429828978
59.75	2764.52687004	-267.526388484	38.2357123799
59.8	2754.47085179	-267.401638177	38.0966292602
59.85	2948.627706	-270.126221473	40.7819804914
59.9	2719.9021409	-266.921421405	37.6185151563
59.95	2887.92198361	-269.216469427	39.9423697189
60.0	2774.43953792	-267.686901142	38.3728128444
60.05	2880.83394241	-269.179094532	39.8443361972
60.1	2800.32302832	-268.1873704	38.7308031048
60.15	2849.84339339	-268.875481555	39.4157110565
60.2	2780.13636727	-267.772299884	38.4516047457
60.25	3074.82605895	-271.991509687	42.527408969
60.3	2933.31398574	-269.858007296	40.5701789678
60.35	2730.17954775	-267.030514412	37.760660265
60.4	2895.42828027	-269.284974425	40.0461880623
60.45	2695.81815451	-266.497311346	37.2854135372
60.5	3049.48943753	-271.589036171	42.1769823627
60.55	2759.18031793	-267.492784574	38.1617651048
60.6	2960.89020041	-270.445935635	40.9515810167
60.65	2739.105039	-267.281550008	37.8841072535
60.7	3181.7369594	-273.391925327	44.0060758919
60.75	3016.65088671	-271.021051662	41.7227978157
60.8	2710.290344	-266.939031272	37.4855759885
60.85	2829.04709079	-268.483963028	39.1280808462
60.9	2841.49542533	-268.688952871	39.3002516956
60.95	2392.29926338	-262.394826993	33.0874941215
61.0	2882.59131655	-269.214240311	39.8686421474
61.05	2855.25333695	-268.946406161	39.4905350881
61.1	3326.85677232	-275.491608365	46.0132039425
61.15	2720.91320256	-266.904611902	37.6324989824
61.2	2801.34048639	-268.05152684	38.7448753985
61.25	2422.97992886	-262.742240065	33.5118333145
61.3	3026.07705931	-271.454775435	41.8531696448
61.35	2824.93011838	-268.436777933	39.0711396841
61.4	2885.60853535	-269.37864798	39.9103727998
61.45	2686.91039509	-266.492911478	37.162211795
61.5	2757.55942232	-267.370386767	38.1393467667
61.55	2924.55665973	-269.814839795	40.449057845
61.6	2763.66938847	-267.466087007	38.2238526946
61.65	3079.90392554	-272.054384827	42.5976400993
61.7	2932.17173228	-269.954937313	40.5543806497
61.75	2886.48252811	-269.253989048	39.9224608487
61.8	2672.98689246	-266.178814019	36.9696381405
61.85	2939.67380164	-269.961840908	40.6581405261
61.9	2816.43999561	-268.310469488	38.9537142049
61.95	2993.03627386	-270.832276882	41.3961880241
62.0	2877.94666522	-269.115368234	39.8044027456
