# 	 t 	 T	E	K
2.05	1932.82429313	-288.818000712	26.7325720556
2.1	2053.60203925	-290.508580195	28.4030290198
2.15	2186.95034869	-292.414640378	30.2473473591
2.2	1979.68354819	-289.468131175	27.3806746363
2.25	2168.43658784	-292.131985656	29.991286605
2.3	2255.17524666	-293.329137594	31.1909546013
2.35	2301.19070512	-293.93796287	31.8273867713
2.4	2244.36693733	-293.193550597	31.0414666685
2.45	1910.14116802	-288.443170395	26.4188455164
2.5	2162.99654749	-291.991214697	29.9160463097
2.55	2067.22601454	-290.671306163	28.5914599611
2.6	2076.32097149	-290.857554751	28.7172508014
2.65	1979.51834809	-289.486392585	27.378389781
2.7	2052.43092789	-290.487099616	28.3868315728
2.75	2148.34710213	-291.829106507	29.713432262
2.8	2067.59788392	-290.72124393	28.5966032248
2.85	2176.38521417	-292.21482877	30.1012227367
2.9	2110.09183751	-291.242438353	29.1843300452
2.95	2146.29832872	-291.837334535	29.6850960169
3.0	2137.14496726	-291.66063866	29.5584973935
3.05	2215.67425623	-292.789893079	30.6446229576
3.1	2099.92497274	-291.135677478	29.0437138257
3.15	1990.87256191	-289.6746183	27.5354280283
3.2	2026.43878302	-290.148885836	28.0273385304
3.25	1953.0822865	-289.090397381	27.0127570002
3.3	1850.39958606	-287.599558059	25.5925696101
3.35	1955.80344476	-289.132090398	27.0503928886
3.4	2179.81067514	-292.295686583	30.148599719
3.45	2069.80934837	-290.658081577	28.6271896226
3.5	1999.76588617	-289.671877237	27.6584301203
3.55	2036.87833283	-290.256065886	28.1717262114
3.6	2208.66849383	-292.701038103	30.5477274205
3.65	2035.3387998	-290.224878552	28.1504331856
3.7	2230.85271258	-292.958655124	30.8545536686
3.75	2127.38858239	-291.520763353	29.4235584533
3.8	2338.01354286	-294.516055425	32.3366773294
3.85	2008.55547622	-289.865562654	27.7799974816
3.9	1976.69062736	-289.456158595	27.3392800449
3.95	2028.34509173	-290.172710362	28.0537043699
4.0	2164.69007266	-292.038008209	29.9394691752
4.05	1977.50981188	-289.460704706	27.35061005
4.1	2136.26872197	-291.626016117	29.5463781903
4.15	2217.83960563	-292.878462465	30.6745715459
4.2	1870.39414984	-287.979382643	25.8691111037
4.25	2189.71212455	-292.376214317	30.2855450227
4.3	2248.45847124	-293.176707409	31.0980559951
4.35	1937.59411033	-288.811213509	26.7985426058
4.4	2101.77808993	-291.162619431	29.0693439821
4.45	1970.69739222	-289.333678383	27.2563886043
4.5	1961.82340153	-289.262873019	27.1336539116
4.55	2167.30064984	-292.120866286	29.975575635
4.6	2225.37261686	-292.889722699	30.7787593742
4.65	2053.50133313	-290.387782439	28.4016361701
4.7	2098.85714621	-291.171590367	29.0289448942
4.75	2098.9165082	-291.225283837	29.0297659201
4.8	2089.71397625	-291.013048362	28.9024872277
4.85	1944.17510489	-288.898129128	26.8895632494
4.9	2300.79140878	-293.957802725	31.8218641699
4.95	2195.08601018	-292.495346434	30.359870343
5.0	2198.26393792	-292.569940542	30.4038237342
5.05	1861.01797458	-287.808593311	25.7394307796
5.1	2130.9730789	-291.563438903	29.4731350298
5.15	2109.13290648	-291.229862384	29.1710672293
5.2	2157.300861	-291.966236525	29.837270215
5.25	1997.04880938	-289.720031489	27.6208506821
5.3	2202.00044266	-292.510881377	30.4555027113
5.35	2159.3562213	-291.910872404	29.8656975622
5.4	2031.23619072	-290.171691612	28.0936906802
5.45	2223.85917484	-292.928671611	30.7578272087
5.5	2028.16304618	-290.138361535	28.0511865281
5.55	2288.62782744	-293.787837541	31.6536316948
5.6	1989.13520117	-289.669262785	27.5113988802
5.65	2250.23272726	-293.336341662	31.1225954356
5.7	2034.37021011	-290.232580764	28.1370367823
5.75	2154.87346667	-291.919582375	29.8036973268
5.8	2256.34782178	-293.398289584	31.2071722933
5.85	2156.17579037	-291.998968615	29.8217095498
5.9	2252.22818391	-293.262178313	31.1501942654
5.95	2098.73874307	-291.135414286	29.02730728
6.0	2100.82176048	-291.148355392	29.0561171481
6.05	1995.88607918	-289.6719701	27.6047691537
6.1	2191.86970301	-292.456270393	30.3153861324
6.15	2216.11955146	-292.710313658	30.6507817621
6.2	2034.43809689	-290.193968013	28.137975713
6.25	1962.328607	-289.221420583	27.1406413246
6.3	2102.76294456	-291.181076869	29.082965343
6.35	1995.22533534	-289.608929191	27.5956305152
6.4	2284.39911206	-293.731636128	31.595145034
6.45	1986.62686445	-289.581267571	27.4767064913
6.5	2145.23793184	-291.745963155	29.6704298436
6.55	2075.52570527	-290.76609027	28.7062516063
6.6	2233.08589711	-293.077665675	30.8854404733
6.65	2152.80278106	-291.921384764	29.7750580178
6.7	2062.86879753	-290.579054004	28.5311960158
6.75	2119.2645959	-291.400325318	29.3111969443
6.8	1974.88443805	-289.419808979	27.3142989404
6.85	2208.15935527	-292.682990689	30.5406856096
6.9	2006.14993492	-289.782329193	27.7467268392
6.95	2167.64791233	-292.10253831	29.9803785649
7.0	2105.68061403	-291.254069815	29.1233191453
7.05	2317.74296946	-294.244402303	32.0563183926
7.1	2038.22832272	-290.284733346	28.1903976975
7.15	1836.63534294	-287.434779135	25.4021986476
7.2	2047.12111891	-290.396099059	28.313392486
7.25	2074.23429723	-290.801316341	28.688390356
7.3	2088.57991241	-290.963438071	28.886802179
7.35	2141.82952638	-291.732210496	29.6232887533
7.4	2132.78378124	-291.62119899	29.4981785534
7.45	1983.19707941	-289.507040115	27.4292697035
7.5	2129.60565338	-291.629663187	29.4542223943
7.55	2308.86495596	-294.14880061	31.9335280612
7.6	2204.72505071	-292.624631128	30.493186313
7.65	2061.10810347	-290.581681223	28.5068441484
7.7	2122.24478355	-291.454334484	29.3524154251
7.75	2040.69483653	-290.410476914	28.2245116407
7.8	2314.88711356	-294.254452882	32.0168195234
7.85	2162.17202335	-292.069565166	29.9046424532
7.9	2122.12905507	-291.480713488	29.3508148038
7.95	2050.00376872	-290.430506912	28.3532619371
8.0	2055.70318739	-290.519129357	28.4320896509
8.05	2107.43070883	-291.232934892	29.1475244161
8.1	2212.33694152	-292.726353066	30.5984651117
8.15	2136.49432276	-291.68954882	29.5494984374
8.2	2183.29418726	-292.324098459	30.1967795971
8.25	2172.20471141	-292.1459776	30.0434028968
8.3	1982.05065917	-289.471557227	27.4134137554
8.35	1935.06007633	-288.815398846	26.763494802
8.4	2281.62842745	-293.767156089	31.556824155
8.45	2036.24810873	-290.210654072	28.1630096864
8.5	2292.33236817	-293.835625235	31.7048685829
8.55	2109.29465238	-291.274369751	29.17330431
8.6	2105.48415437	-291.240104775	29.1206019444
8.65	2058.06640607	-290.628800133	28.4647749364
8.7	1920.77450789	-288.6346084	26.5659134755
8.75	2119.95290722	-291.352187022	29.3207168641
8.8	2234.55034814	-293.03509948	30.9056950524
8.85	2420.43219784	-295.659204792	33.4765960695
8.9	2026.96439582	-290.152935487	28.0346081938
8.95	2016.75570398	-290.013288156	27.8934134711
9.0	1872.71419289	-287.954649378	25.9011992342
9.05	2072.24650943	-290.813399982	28.6608975928
9.1	2291.44853251	-293.840285227	31.6926443986
9.15	2141.81307631	-291.727319463	29.6230612352
9.2	2019.57258603	-290.078249573	27.9323732992
9.25	2097.69421296	-291.123340739	29.0128605574
9.3	2327.02909945	-294.374646598	32.1847533154
9.35	2147.41549904	-291.855674449	29.7005474142
9.4	2205.17518945	-292.627602922	30.4994121074
9.45	2114.05872576	-291.351981083	29.2391954184
9.5	1975.50961631	-289.365863455	27.3229456771
9.55	2208.42081136	-292.641286602	30.5443017654
9.6	2154.81139564	-291.936430428	29.8028388327
9.65	2114.29559131	-291.348936675	29.2424714665
9.7	2203.83412636	-292.614393289	30.4808640862
9.75	2101.69613489	-291.135531054	29.0682104755
9.8	2051.86767974	-290.397308772	28.3790413812
9.85	2022.19409049	-289.987729028	27.9686308923
9.9	2352.45276666	-294.694642753	32.5363838378
9.95	2083.87915199	-290.926165596	28.8217867417
10.0	1834.00117151	-287.400651244	25.3657658597
10.05	2032.14736407	-290.222051378	28.1062929675
10.1	2130.66643008	-291.577404231	29.4688938208
10.15	1967.10574467	-289.227650525	27.206713123
10.2	2144.44558108	-291.73277033	29.6594709717
10.25	2094.30641516	-291.000931768	28.9660044882
10.3	2245.5680514	-293.230312623	31.0580790779
10.35	2003.2625995	-289.84985447	27.7067925821
10.4	2123.79647172	-291.460318184	29.3738765667
10.45	2107.63619394	-291.270456417	29.1503664465
10.5	1953.28858655	-289.1556835	27.015610302
10.55	2306.90614349	-294.096005491	31.9064360509
10.6	2015.17877485	-289.990095231	27.8716032259
10.65	2152.19202037	-291.918171463	29.7666106881
10.7	2126.26074397	-291.549448829	29.4079595074
10.75	2120.77578545	-291.435166579	29.3320979563
10.8	2221.02290032	-292.827197861	30.7185991665
10.85	2040.97862992	-290.34443224	28.2284367401
10.9	2073.76254984	-290.831272545	28.6818656961
10.95	2053.17670978	-290.499920109	28.3971463584
11.0	1889.16423601	-288.135314707	26.1287170508
11.05	2312.4139028	-294.104125674	31.982612956
11.1	2177.32336862	-292.23931455	30.1141981952
11.15	2110.9938399	-291.446715485	29.1968054906
11.2	2207.33750053	-292.745477062	30.5293186731
11.25	2079.19532823	-290.836323499	28.7570055524
11.3	2289.61538539	-293.790233759	31.6672904449
11.35	1958.42181472	-289.151128743	27.086607129
11.4	2057.26033754	-290.500802257	28.4536263363
11.45	2014.82507745	-289.969287479	27.866711296
11.5	2294.59757606	-293.86329665	31.7361982974
11.55	2175.01879406	-292.127375914	30.082324007
11.6	2031.16222797	-290.170414764	28.0926677136
11.65	2037.38684535	-290.275158025	28.1787593637
11.7	1953.32763771	-289.046189129	27.0161504121
11.75	2196.02500697	-292.478855352	30.3728574518
11.8	2038.39993312	-290.329264786	28.1927712125
11.85	1727.02986829	-285.888434914	23.8862635162
11.9	2296.53277913	-293.854568689	31.7629637698
11.95	2059.82078096	-290.515838111	28.4890394043
12.0	1987.76238356	-289.483852275	27.4924116676
12.05	2120.21438186	-291.402684183	29.3243332764
12.1	2041.87582949	-290.336783132	28.2408457584
12.15	2053.1632067	-290.46506289	28.3969595995
12.2	2251.48849534	-293.253741551	31.1399637557
12.25	1960.58785872	-289.157202548	27.116565324
12.3	2157.09181241	-291.956618145	29.8343788987
12.35	2233.46869727	-293.017279434	30.8907349188
12.4	1876.63202637	-288.029838233	25.9553861389
12.45	2150.18878334	-291.911866441	29.7389042491
12.5	2117.18474317	-291.433920634	29.2824308464
12.55	2152.05392	-291.832693482	29.7647006448
12.6	2243.83427816	-293.160245707	31.034099548
12.65	1936.30043333	-288.853475629	26.7806499739
12.7	2144.34126791	-291.817714625	29.6580282336
12.75	2165.62065517	-292.053034342	29.9523399076
12.8	2102.84127908	-291.133839538	29.0840487748
12.85	2066.67279501	-290.612005998	28.5838084736
12.9	1975.12611709	-289.40499722	27.317641563
12.95	2073.33096517	-290.796227778	28.6758965201
13.0	2045.10375613	-290.355992038	28.2854906761
13.05	2217.44541188	-292.744374893	30.6691195176
13.1	2180.05184201	-292.212611786	30.151935258
13.15	2017.50824874	-290.025551595	27.9038217928
13.2	2042.56216501	-290.384791248	28.2503383512
13.25	2006.03905873	-289.81558497	27.745193329
13.3	2225.08622867	-292.907208455	30.7747983867
13.35	1999.04754227	-289.750378962	27.648494825
13.4	2223.56513911	-292.838026082	30.7537604493
13.45	1999.43145579	-289.730315392	27.6538046693
13.5	2225.43521847	-292.932223995	30.7796252067
13.55	2156.99129938	-291.935818453	29.8329887197
13.6	2000.15876207	-289.732646661	27.6638639217
13.65	2133.27081898	-291.58106181	29.5049146916
13.7	2194.31730159	-292.430060737	30.3492384621
13.75	1984.26835794	-289.561733492	27.4440863791
13.8	2221.81114978	-292.954246968	30.729501314
13.85	1830.84602209	-287.347196546	25.3221275117
13.9	2159.90791844	-291.937424861	29.8733279939
13.95	2002.5157646	-289.754757295	27.6964632325
14.0	2081.80165947	-290.885790528	28.7930532874
14.05	2031.73584176	-290.199991169	28.1006012708
14.1	2284.33170654	-293.713162104	31.5942127595
14.15	2218.83189591	-292.850023561	30.6882957481
14.2	1978.19470521	-289.444788553	27.360082696
14.25	2116.23905759	-291.409792925	29.2693512261
14.3	2030.13772001	-290.129399658	28.0784979141
14.35	2172.95542557	-292.128027562	30.0537858998
14.4	1991.13294621	-289.667594062	27.5390293603
14.45	2036.68145959	-290.298307485	28.1690032902
14.5	2223.05288203	-292.848763121	30.7466755066
14.55	2127.33890778	-291.462993657	29.422871412
14.6	2040.41902263	-290.273018579	28.2206969045
14.65	2141.66929312	-291.750745458	29.6210725936
14.7	2009.97922212	-289.87823536	27.799689075
14.75	1955.96396156	-289.135525913	27.0526129698
14.8	2080.08114665	-290.901584142	28.76925716
14.85	2284.23895505	-293.733115628	31.5929299291
14.9	2191.59375535	-292.454446494	30.311569546
14.95	2146.82535661	-291.812204384	29.6923852522
15.0	2126.12490863	-291.468160649	29.4060807913
15.05	2062.85940455	-290.59595582	28.5310661029
15.1	2054.11136684	-290.516343853	28.4100734451
15.15	2209.32786992	-292.677503388	30.5568471417
15.2	1865.05532341	-287.892099932	25.7952706813
15.25	2026.7447924	-290.130399902	28.0315708954
15.3	2211.92019267	-292.726232382	30.5927011275
15.35	1937.28049667	-288.872392764	26.7942050672
15.4	1979.04796325	-289.427410005	27.3718839665
15.45	2131.45003246	-291.614682045	29.4797316953
15.5	2183.11765795	-292.305857001	30.1943380495
15.55	1978.54000959	-289.33562553	27.3648585437
15.6	2073.07889344	-290.707884151	28.672410158
15.65	2228.59528729	-292.981484395	30.8233315941
15.7	1932.73430363	-288.782029282	26.7313274257
15.75	2213.33730801	-292.746219148	30.6123010146
15.8	1916.38289577	-288.525400344	26.5051738171
15.85	2322.66075249	-294.285979483	32.1243354336
15.9	2143.18422057	-291.733055109	29.6420253038
15.95	2225.11826784	-292.883283175	30.775241515
16.0	2039.87647679	-290.313302198	28.2131930431
16.05	2232.01738849	-293.018516885	30.8706621079
16.1	2001.50098638	-289.798483697	27.6824280034
16.15	2010.79511638	-289.924385008	27.8109735732
16.2	2195.72469921	-292.469245874	30.368703945
16.25	1974.09539562	-289.361705871	27.3033858254
16.3	2037.58302905	-290.247392495	28.1814727479
16.35	2002.72597912	-289.72818258	27.6993706747
16.4	2463.22455235	-296.218481565	34.0684500236
16.45	2014.26957679	-289.916828278	27.8590282584
16.5	2105.8339394	-291.215185459	29.125439763
16.55	2127.52606201	-291.5683517	29.4254599112
16.6	1836.5059712	-287.441594639	25.4004093286
16.65	1985.70081452	-289.501946492	27.4638984484
16.7	2241.10557655	-293.096868923	30.9963593288
16.75	2127.33506981	-291.514429539	29.4228183298
16.8	2029.04900083	-290.197085289	28.0634400198
16.85	2177.88531472	-292.260283451	30.1219703785
16.9	2196.0530131	-292.488024581	30.3732447999
16.95	1941.25079128	-288.902032277	26.8491175532
17.0	2114.16184313	-291.294582483	29.2406216176
17.05	2068.28101422	-290.686575481	28.6060514867
17.1	2033.56195498	-290.239052526	28.1258579397
17.15	1921.37140371	-288.598582125	26.5741690425
17.2	2121.60417209	-291.469204717	29.3435552344
17.25	2129.67441085	-291.635454596	29.4551733675
17.3	1976.13314106	-289.382197155	27.3315695444
17.35	2225.43911185	-292.977967997	30.7796790554
17.4	2008.09314586	-289.849280388	27.7736030671
17.45	2233.75610861	-293.035752371	30.8947100573
17.5	1903.80152964	-288.384240788	26.33116303
17.55	2101.37315687	-291.22386641	29.0637434201
17.6	2229.55449394	-293.010944058	30.836598222
17.65	2169.89674928	-292.133594392	30.0114818556
17.7	2208.02064136	-292.673522107	30.5387670804
17.75	2015.46195531	-289.970058993	27.8755198479
17.8	2115.51743297	-291.351609999	29.2593705556
17.85	2025.46803357	-290.118717711	28.0139122559
17.9	2097.72279656	-291.132855492	29.0132558925
17.95	2118.16624884	-291.380926566	29.2960058884
18.0	2044.02618083	-290.388157925	28.2705869109
18.05	1986.99138041	-289.597649519	27.481748051
18.1	2086.61036383	-290.957693389	28.8595616794
18.15	2199.72453721	-292.441842191	30.4240250407
18.2	2163.72960989	-291.961904963	29.9261851741
18.25	2245.51970741	-293.203863558	31.0574104402
18.3	2094.38067283	-291.109976145	28.9670315338
18.35	2022.70750423	-290.060356847	27.9757318326
18.4	2082.63752769	-290.957657356	28.804614042
18.45	2009.04052671	-289.920179122	27.7867061345
18.5	2008.77841892	-289.847440927	27.7830809651
18.55	2255.97857621	-293.396679394	31.202065319
18.6	2215.8137965	-292.744781717	30.646552916
18.65	2086.8797667	-290.923699581	28.8632877459
18.7	2246.02978883	-293.200997835	31.0644652917
18.75	2109.77762445	-291.335187896	29.1799842166
18.8	2126.04088401	-291.604505464	29.4049186607
18.85	1892.86322275	-288.315518983	26.1798771225
18.9	2140.9783249	-291.794616506	29.6115159269
18.95	2126.71151144	-291.460583621	29.4141939975
19.0	2243.32821979	-293.11471233	31.0271003387
19.05	2104.79350027	-291.215161268	29.1110496221
19.1	2047.92580603	-290.366718741	28.32452198
19.15	2283.17248481	-293.687465169	31.5781797561
19.2	2021.84671259	-289.994070721	27.9638263664
19.25	2066.9601475	-290.691019264	28.5877827983
19.3	1815.0746938	-287.210075107	25.1039968872
19.35	2009.48743747	-289.871310654	27.7928872831
19.4	2269.26319829	-293.52003504	31.3858027225
19.45	2075.31119526	-290.787140462	28.703284754
19.5	1979.19726638	-289.474878665	27.3739489532
19.55	2073.89528221	-290.83015767	28.6837014955
19.6	2113.70279575	-291.393165739	29.2342726095
19.65	2035.05985942	-290.244174443	28.1465752075
19.7	2252.62250068	-293.262753646	31.1556479952
19.75	2182.08052902	-292.342946842	30.1799936913
19.8	1751.73079824	-286.246011137	24.2278979794
19.85	2146.11228148	-291.773439119	29.6825228283
19.9	2329.18594915	-294.381204907	32.2145843458
19.95	2078.95517707	-290.84703115	28.7536840616
20.0	2035.76556284	-290.26332946	28.1563356744
20.05	2052.59807188	-290.488081851	28.3891433137
20.1	2073.39135291	-290.744211247	28.676731733
20.15	1952.91179421	-289.090527048	27.0103989496
20.2	2386.53167617	-295.198025454	33.00772358
20.25	2099.35376041	-291.124225131	29.0358134828
20.3	2101.53976055	-291.168093717	29.066047688
20.35	1954.13455844	-289.116038245	27.0273107988
20.4	1981.76694218	-289.469767673	27.4094897128
20.45	1920.51195865	-288.633062059	26.5622822005
20.5	2119.9150956	-291.407288553	29.3201938977
20.55	1848.109895	-287.547840362	25.560901273
20.6	2126.48519252	-291.505047794	29.411063818
20.65	2446.72066507	-295.994720583	33.8401874973
20.7	2102.1993097	-291.135186518	29.0751698028
20.75	2072.40940121	-290.775591569	28.663150522
20.8	1942.85757399	-289.004450734	26.8713406982
20.85	2089.02077524	-290.995209824	28.8928996796
20.9	2028.88229498	-290.112376111	28.0611343388
20.95	2221.19628687	-292.855362878	30.7209972472
21.0	2056.88610206	-290.545603459	28.4484503474
21.05	2266.58618815	-293.508062491	31.3487774395
21.1	2089.5784251	-290.981652699	28.9006124423
21.15	2195.41880756	-292.469370268	30.3644732084
21.2	2023.61994473	-290.100027182	27.9883516457
21.25	2014.78073101	-289.938948982	27.8660979477
21.3	1967.08975335	-289.272727756	27.2064919497
21.35	1874.07788812	-287.974837728	25.9200602766
21.4	2085.18946769	-290.921929437	28.8399095007
21.45	2297.82281703	-293.94940587	31.78080607
21.5	2251.30574549	-293.364107592	31.1374361728
21.55	2121.30713273	-291.458860524	29.3394469323
21.6	2220.1396776	-292.819846589	30.7063834596
21.65	2087.86672609	-291.036800159	28.8769382174
21.7	2220.97061511	-292.870053614	30.7178760184
21.75	2183.01764182	-292.315566036	30.192954743
21.8	1931.39490001	-288.766979187	26.7128023566
21.85	2247.63008371	-293.186734783	31.0865987047
21.9	1975.97339328	-289.363768411	27.3293600994
21.95	2223.42107502	-292.872553543	30.7517679229
22.0	2032.3850461	-290.205623367	28.1095803084
22.05	2119.94407903	-291.463448293	29.3205947628
22.1	2054.72233489	-290.520451518	28.4185236428
22.15	2153.66945758	-291.948475256	29.7870448769
22.2	2191.07232676	-292.506072636	30.3043577538
22.25	2126.73597285	-291.559560564	29.414532319
22.3	2124.60968392	-291.534627547	29.3851239697
22.35	2227.10693154	-292.871935161	30.8027463927
22.4	2081.6959745	-290.87143933	28.7915915761
22.45	2154.37137742	-291.906314248	29.7967530138
22.5	2073.52473146	-290.776965146	28.6785764695
22.55	2121.90607726	-291.505261764	29.3477308347
22.6	2154.22514723	-291.895178396	29.7947305282
22.65	2027.98469417	-290.043170866	28.0487197709
22.7	2168.56463386	-292.147760415	29.9930575882
22.75	1908.61312878	-288.531322271	26.3977114591
22.8	1917.58736967	-288.67691618	26.5218326957
22.85	1691.73285592	-285.485721985	23.3980763954
22.9	2269.06535006	-293.524896204	31.3830663164
22.95	2226.51408696	-292.882234253	30.7945468576
23.0	2217.44966303	-292.776111903	30.6691783145
23.05	2174.26049032	-292.165518367	30.0718360338
23.1	2051.91877248	-290.483391339	28.3797480363
23.15	2048.56729988	-290.457934961	28.3333943749
23.2	2041.36325468	-290.352084036	28.2337564213
23.25	2192.95444018	-292.426782085	30.3303889522
23.3	1943.79178624	-288.957020222	26.8842616328
23.35	2208.78003333	-292.638036073	30.5492701048
23.4	2201.71854493	-292.514028264	30.4516038305
23.45	2171.282609	-292.149442358	30.0306494514
23.5	1804.46916411	-287.017783165	24.957313566
23.55	2303.12985591	-294.033538097	31.854206844
23.6	2043.645156	-290.335492922	28.2653170198
23.65	1753.07897089	-286.25042381	24.2465443315
23.7	2384.11295868	-295.123891785	32.9742706997
23.75	2136.60315079	-291.589117744	29.5510036198
23.8	1969.81429625	-289.340729421	27.2441746505
23.85	2195.94023712	-292.509565253	30.3716850141
23.9	2135.5489255	-291.617167262	29.5364228048
23.95	2379.71273899	-295.149865235	32.9134119914
24.0	2104.15020057	-291.292468481	29.1021522507
24.05	2271.5132915	-293.578748139	31.4169233882
24.1	2166.31767576	-292.08933768	29.9619802837
24.15	1900.13485271	-288.339282114	26.2804498297
24.2	1929.8230991	-288.785776043	26.691063039
24.25	2039.84774747	-290.324273052	28.2127956925
24.3	2205.44459739	-292.626301784	30.5031382438
24.35	2231.24080322	-292.953049145	30.8599212859
24.4	2336.66556226	-294.453139281	32.3180336335
24.45	1961.26976715	-289.150339105	27.1259966864
24.5	1973.58469564	-289.37328904	27.2963224188
24.55	2050.26162366	-290.470682448	28.356828286
24.6	2167.39225439	-292.068713692	29.9768426024
24.65	2139.74980225	-291.715181659	29.5945244339
24.7	2238.1800778	-293.056051821	30.955897241
24.75	2046.58886899	-290.374245362	28.3060310257
24.8	2114.64645407	-291.384590644	29.247324191
24.85	1986.44119107	-289.642493614	27.4741384735
24.9	1998.07463962	-289.723232884	27.6350387699
24.95	2413.39845416	-295.48777704	33.3793135279
25.0	2128.19088403	-291.538587911	29.4346549542
25.05	1892.8897093	-288.272233813	26.1802434536
25.1	2250.7168552	-293.284881311	31.1292913289
25.15	2230.92781619	-292.974263583	30.8555924142
25.2	2101.27498034	-291.235237773	29.0623855568
25.25	1976.00824778	-289.385621214	27.3298421662
25.3	2232.03156775	-292.990555437	30.8708582189
25.35	2035.01771235	-290.267035361	28.1459922783
25.4	2278.80219196	-293.648982091	31.5177349609
25.45	2008.93398066	-289.829824023	27.7852325138
25.5	2255.5531932	-293.358382257	31.1961819172
25.55	1998.92192637	-289.76597234	27.6467574524
25.6	2154.51152623	-291.867174258	29.7986913887
25.65	2132.94665603	-291.602009635	29.5004312475
25.7	2181.84239276	-292.317468769	30.1767000682
25.75	2037.17472172	-290.247085664	28.175825517
25.8	2009.39927129	-289.846639349	27.7916678713
25.85	2072.38351157	-290.712266978	28.6627924466
25.9	2069.49328835	-290.723281119	28.6228182489
25.95	2107.75319532	-291.275330688	29.1519846731
26.0	2001.87242078	-289.733948144	27.6875652509
26.05	2305.27327622	-294.042073952	31.8838521347
26.1	2096.88854554	-291.150061304	29.0017175051
26.15	2121.92861043	-291.430322607	29.3480424872
26.2	2114.94817588	-291.327187517	29.2514972553
26.25	2017.61847922	-290.010755363	27.9053463723
26.3	1994.27291892	-289.697089174	27.5824578018
26.35	1995.4597935	-289.743681174	27.5988732672
26.4	1981.9879209	-289.520478964	27.4125460328
26.45	2272.690123	-293.618533416	31.4331999495
26.5	2285.67432712	-293.745891196	31.6127823219
26.55	2230.00474699	-292.925567866	30.8428255973
26.6	1925.12412947	-288.692091171	26.6260723698
26.65	2130.71602401	-291.623693279	29.4695797462
26.7	1990.90285881	-289.598799471	27.5358470597
26.75	2260.17562958	-293.334105273	31.2601140677
26.8	2265.4747562	-293.432791583	31.3334054086
26.85	2077.67748588	-290.825673381	28.7360125268
26.9	1826.72658509	-287.312063944	25.2651522621
26.95	2011.96558583	-290.020685503	27.8271621419
27.0	2096.34654677	-291.168363326	28.99422121
27.05	2068.33647029	-290.716955947	28.6068184903
27.1	1958.55292357	-289.194413341	27.0884204737
27.15	2216.99643067	-292.815101806	30.6629097329
27.2	2260.72654429	-293.41706507	31.2677336776
27.25	1950.09968876	-289.059663934	26.9715051858
27.3	2005.24581186	-289.863264445	27.7342220631
27.35	1993.45868212	-289.691871232	27.5711962277
27.4	2306.07572594	-294.042508171	31.8949506836
27.45	2051.50038226	-290.458100063	28.3739613506
27.5	2053.55292649	-290.526724559	28.4023497493
27.55	2038.57582157	-290.288087612	28.1952038965
27.6	1837.01231684	-287.420359067	25.4074125111
27.65	2225.69849797	-292.902472066	30.7832665816
27.7	2237.85489674	-293.089475763	30.9513997158
27.75	2309.12442867	-294.109325302	31.9371167851
27.8	2317.52410635	-294.222585538	32.0532913332
27.85	1707.31286237	-285.59746243	23.6135608793
27.9	1955.69869111	-289.101590244	27.0489440582
27.95	2055.08107384	-290.440135831	28.4234853017
28.0	1993.48817395	-289.644781459	27.5716041244
28.05	1859.91953094	-287.731767963	25.7242383879
28.1	2138.47831498	-291.666201895	29.5769387045
28.15	2142.25986958	-291.739116821	29.6292407587
28.2	2187.31012532	-292.310688257	30.2523233699
28.25	1999.30436785	-289.771094735	27.652046937
28.3	2232.02729621	-293.024857668	30.87079914
28.35	1944.63986632	-288.962752894	26.8959912877
28.4	2124.09926147	-291.467277708	29.3780644016
28.45	2331.26111527	-294.373729288	32.243285624
28.5	1783.30384183	-286.68981619	24.6645795059
28.55	2319.4640257	-294.250651401	32.0801220357
28.6	2125.60671432	-291.485288915	29.3989137318
28.65	2151.81025875	-291.922920643	29.7613306064
28.7	2086.43101074	-290.990698038	28.8570810765
28.75	2172.84870196	-292.159959769	30.0523098232
28.8	2082.13162896	-290.888446049	28.7976170407
28.85	2390.7060593	-295.257631147	33.0654587803
28.9	1914.45867419	-288.592772969	26.4785602277
28.95	2112.09630729	-291.319179004	29.2120535341
29.0	2030.25119063	-290.10649541	28.0800673074
29.05	2255.56079632	-293.339996532	31.1962870747
29.1	1977.46156959	-289.451004462	27.349942819
29.15	1980.39681611	-289.474393114	27.3905397265
29.2	1998.56653021	-289.741015568	27.6418420271
29.25	2135.39186609	-291.6690555	29.5342505421
29.3	2157.15991708	-291.910734338	29.835320843
29.35	2120.1995536	-291.37525721	29.3241281891
29.4	2171.38332482	-292.117442832	30.0320424351
29.45	2072.44648143	-290.785171159	28.6636633723
29.5	2246.76867627	-293.231508586	31.0746847212
29.55	2113.01925828	-291.404355231	29.2248187162
29.6	2204.67601813	-292.668545202	30.4925081516
29.65	2031.01680104	-290.100593123	28.0906563379
29.7	2228.09696269	-292.910730734	30.8164393493
29.75	2132.48263061	-291.61677315	29.4940133889
29.8	1895.35190926	-288.254452225	26.2142977327
29.85	2183.47645211	-292.297497878	30.1993004719
29.9	2158.51143176	-291.944045212	29.8540134183
29.95	2131.52179822	-291.55934709	29.4807242756
30.0	2132.95683808	-291.583878212	29.5005720738
30.05	2098.20189545	-291.162270719	29.0198822296
30.1	2073.64896	-290.83046245	28.6802946539
30.15	2029.42825488	-290.1155014	28.0686854196
30.2	2094.38163922	-291.072416191	28.9670448997
30.25	2223.40313926	-292.874339045	30.7515198562
30.3	2085.99082229	-290.920364504	28.8509929031
30.35	1995.57588113	-289.674150962	27.6004788559
30.4	1891.90585244	-288.25857324	26.1666358927
30.45	2146.94273696	-291.856918533	29.6940087203
30.5	1925.54559078	-288.718198604	26.6319015313
30.55	2130.95520328	-291.579759853	29.472887795
30.6	2133.80848514	-291.580744333	29.5123510629
30.65	2115.80084764	-291.365125339	29.263290417
30.7	2120.95376621	-291.433932442	29.3345595786
30.75	2203.22158536	-292.553700414	30.4723921333
30.8	2003.70689009	-289.812535953	27.7129374915
30.85	2180.85895843	-292.355253592	30.1630983512
30.9	2023.64347631	-290.079049468	27.9886771072
30.95	2107.2211257	-291.238988979	29.1446257065
31.0	2052.49623048	-290.482950101	28.3877347621
31.05	2064.24249984	-290.597233978	28.5501954644
31.1	1964.06436307	-289.201934499	27.1646482788
31.15	2335.16131542	-294.456149007	32.297228645
31.2	2098.73537602	-291.162143121	29.0272607109
31.25	2063.99851711	-290.642467285	28.5468209798
31.3	2095.12372589	-290.984649749	28.9773085773
31.35	2101.23048174	-291.110961975	29.0617701041
31.4	1976.15115952	-289.406904999	27.3318187548
31.45	2083.50798552	-290.973989121	28.8166531998
31.5	2210.9993673	-292.729165136	30.5799653447
31.55	2036.5458456	-290.232887207	28.1671276357
31.6	2102.76923288	-291.152326214	29.0830523158
31.65	2121.99590953	-291.48135534	29.34897329
31.7	2208.99869614	-292.693075878	30.5522943938
31.75	2045.73975847	-290.356614532	28.2942871189
31.8	2067.4944489	-290.733016492	28.5951726323
31.85	2184.00841765	-292.348162255	30.2066579991
31.9	2050.75767761	-290.473353853	28.3636891258
31.95	1959.15263006	-289.180403988	27.0967149146
32.0	1963.79692658	-289.219966008	27.1609494091
32.05	2139.46288841	-291.752146827	29.5905561762
32.1	2100.01732168	-291.13411887	29.0449910886
32.15	2079.31724657	-290.843665845	28.7586917848
32.2	2161.39537424	-292.075165346	29.8939007482
32.25	2257.78688415	-293.411761536	31.227075726
32.3	1965.07181823	-289.232087164	27.178582224
32.35	1944.39897259	-288.967927473	26.8926595265
32.4	2114.83229808	-291.389606591	29.2498945688
32.45	2008.44206367	-289.82654666	27.7784288916
32.5	2048.51378081	-290.388590132	28.3326541615
32.55	2230.5006214	-292.981498541	30.849683954
32.6	2220.05812946	-292.817090258	30.7052555809
32.65	1865.01941373	-287.852395455	25.7947740205
32.7	1909.99169039	-288.425936119	26.416778116
32.75	2288.93199864	-293.784437472	31.6578386361
32.8	2266.70702218	-293.492878838	31.3504486748
32.85	1999.41942981	-289.733011016	27.6536383399
32.9	2289.29167287	-293.835570837	31.6628132308
32.95	2000.00903215	-289.709381831	27.6617930321
33.0	2256.25008488	-293.426143185	31.2058205104
33.05	1795.51759718	-286.929979201	24.8335059293
33.1	2206.09944735	-292.651990858	30.512195365
33.15	2193.52415496	-292.475956125	30.3382685828
33.2	1986.44881739	-289.533501167	27.4742439519
33.25	2335.74301789	-294.403711819	32.3052740754
33.3	2263.01157203	-293.417440425	31.2993375172
33.35	1779.95301717	-286.692461885	24.6182348061
33.4	2015.80937254	-290.044769157	27.880324918
33.45	2082.61906929	-290.944466183	28.804358747
33.5	1941.73728722	-288.915041262	26.8558461978
33.55	2100.32522945	-291.143487664	29.0492497099
33.6	2146.74493683	-291.807672399	29.6912729796
33.65	2136.74430695	-291.684874273	29.5529559272
33.7	2188.1445923	-292.396790983	30.2638647443
33.75	2032.72931223	-290.218032159	28.1143417959
33.8	2027.69360022	-290.137065184	28.0446936988
33.85	2190.93018689	-292.556768853	30.3023918408
33.9	2111.47622939	-291.412351043	29.2034773396
33.95	2231.96206811	-293.014925312	30.8698969809
34.0	2248.8836796	-293.258078509	31.1039369814
34.05	2213.03516696	-292.747990616	30.6081221519
34.1	1944.30098085	-288.943564242	26.8913042189
34.15	2055.1095327	-290.517005832	28.4238789115
34.2	2230.13528604	-292.989177638	30.8446310612
34.25	2117.13340563	-291.384817642	29.2817208053
34.3	2065.78177852	-290.652455346	28.5714849723
34.35	2182.38062561	-292.277324133	30.1841442775
34.4	2128.23432841	-291.586856079	29.4352558263
34.45	2046.79508822	-290.414618288	28.3088832096
34.5	2162.03902048	-292.00616933	29.9028029125
34.55	2010.27860199	-289.874150162	27.8038297483
34.6	2219.78650463	-292.821166635	30.7014987829
34.65	2058.92866871	-290.590687308	28.4767007479
34.7	2135.82335306	-291.674539755	29.5402183668
34.75	2006.01187078	-289.874581803	27.744817297
34.8	2105.24802469	-291.212697964	29.1173360739
34.85	1992.81706755	-289.622027262	27.562322163
34.9	2112.05170861	-291.326616718	29.2114366972
34.95	2121.88310548	-291.455049584	29.3474131158
35.0	2013.66524196	-289.989050204	27.8506698037
35.05	2313.14929398	-294.099963788	31.9927840293
35.1	2101.19201482	-291.20052559	29.0612380745
35.15	2229.47175964	-292.981663931	30.8354539378
35.2	1835.14493214	-287.415572893	25.3815850231
35.25	2204.80423612	-292.593116651	30.4942815133
35.3	1967.56108539	-289.312728535	27.2130108649
35.35	2205.19737842	-292.656463695	30.4997189993
35.4	2157.65775047	-291.887277517	29.842206294
35.45	2168.69193547	-292.135527803	29.9948182758
35.5	1992.78532659	-289.680006275	27.5618831592
35.55	1999.28392221	-289.81803657	27.6517641568
35.6	2223.3894167	-292.897268235	30.7513300618
35.65	2146.45358123	-291.818595635	29.6872432886
35.7	1950.51796016	-289.029002284	26.9772902281
35.75	2130.12445169	-291.590322617	29.4613978077
35.8	2069.73175056	-290.699952862	28.6261163802
35.85	1955.7805265	-289.126288054	27.0500759098
35.9	2200.14947203	-292.562052636	30.4299022436
35.95	2202.20903504	-292.572867027	30.4583877179
36.0	2213.35615703	-292.802751308	30.6125617123
36.05	2140.4483202	-291.709712109	29.6041855199
36.1	2098.07985783	-291.026905769	29.0181943476
36.15	2105.03708474	-291.207815609	29.1144185985
36.2	1987.56658351	-289.635651999	27.4897035896
36.25	2068.97817044	-290.728268059	28.6156937386
36.3	2119.39862734	-291.416809206	29.3130507109
36.35	2157.97094038	-291.898907395	29.8465379718
36.4	2173.90066649	-292.133742024	30.0668593701
36.45	2016.65820406	-290.048494568	27.8920649658
36.5	2009.23252638	-289.867806872	27.7893616501
36.55	2403.68160493	-295.433927862	33.2449213987
36.6	2110.22308311	-291.286964646	29.1861452813
36.65	2143.51834779	-291.810133988	29.6466465619
36.7	2048.6369384	-290.455287786	28.3343575337
36.75	2108.2947235	-291.270727984	29.1594744596
36.8	2084.02126708	-290.884517294	28.8237523118
36.85	2212.64880934	-292.744926413	30.6027785037
36.9	1990.1164678	-289.707770207	27.5249706161
36.95	2224.75567111	-292.902818891	30.7702264998
37.0	2075.99651043	-290.754278414	28.7127632344
37.05	2061.47955173	-290.577094508	28.5119815876
37.1	2097.39518065	-291.088748249	29.0087246911
37.15	2196.48260504	-292.471617083	30.3791864148
37.2	1816.97805542	-287.182709996	25.130321966
37.25	2263.47963724	-293.476795567	31.3058112494
37.3	2446.79790861	-296.042305186	33.84125584
37.35	2009.05828051	-289.824804256	27.7869516844
37.4	2188.93184638	-292.464500769	30.2747531248
37.45	2120.10673209	-291.506647888	29.3228443902
37.5	2099.91977386	-291.187783696	29.0436419209
37.55	2057.55965151	-290.504044744	28.4577660981
37.6	2000.44161086	-289.719915257	27.6677759564
37.65	2020.76167417	-290.003324914	27.94881938
37.7	2184.67982911	-292.271961235	30.2159441796
37.75	2249.38998455	-293.23828601	31.1109396011
37.8	2181.11526941	-292.352351903	30.1666433459
37.85	2023.0324074	-290.044300039	27.9802255145
37.9	2134.96100042	-291.54570278	29.5282913105
37.95	2014.29062453	-289.926026813	27.8593193663
38.0	1942.65126431	-288.923040496	26.8684872633
38.05	2171.40510065	-292.138958136	30.0323436131
38.1	2250.19648018	-293.254709698	31.1220941084
38.15	1996.71946729	-289.654609746	27.6162956063
38.2	2000.99683183	-289.711523341	27.6754551255
38.25	2103.4236403	-291.144558553	29.0921033162
38.3	2000.08034725	-289.760698062	27.6627793793
38.35	1966.96696014	-289.312191988	27.2047936173
38.4	2243.20114628	-293.115423734	31.0253428061
38.45	2376.38301142	-294.993369099	32.8673590819
38.5	2007.24346098	-289.83269222	27.7618512166
38.55	2096.18630703	-291.132788803	28.9920049607
38.6	1971.59028503	-289.37160892	27.2687380565
38.65	2056.30055427	-290.508909587	28.4403517332
38.7	2158.09492073	-291.984026311	29.8482527233
38.75	2033.12562417	-290.196616527	28.1198231207
38.8	2133.78752806	-291.610960452	29.5120612091
38.85	2154.63241316	-291.995688648	29.8003633557
38.9	2057.14773539	-290.592733871	28.4520689546
38.95	1966.90893382	-289.300282528	27.2039910648
39.0	2186.49016172	-292.415347447	30.2409825894
39.05	1924.2002918	-288.704870796	26.6132949243
39.1	2088.8853105	-291.01259231	28.8910260893
39.15	2146.09337709	-291.7847864	29.6822613648
39.2	2131.63024923	-291.591411668	29.4822242435
39.25	2217.81924781	-292.762978513	30.6742899803
39.3	2046.94398683	-290.44329433	28.3109426016
39.35	2096.48439531	-291.144121108	28.9961277702
39.4	2091.51221978	-291.002057312	28.9273584356
39.45	1950.8000736	-288.97842762	26.9811920923
39.5	2297.02600298	-293.870084909	31.769785467
39.55	2020.12142011	-290.008410596	27.9399641323
39.6	2048.87535946	-290.433121603	28.3376550959
39.65	2290.86244164	-293.843840382	31.684538273
39.7	2106.48229056	-291.235796403	29.1344070004
39.75	2154.8907039	-291.914063934	29.8039357321
39.8	2123.22023317	-291.435274628	29.365906707
39.85	2110.00401714	-291.291871549	29.1831154163
39.9	1885.18856028	-288.120496752	26.0737301395
39.95	2084.3851354	-290.972324203	28.8287849143
40.0	2043.78929325	-290.386650405	28.2673105582
40.05	1913.20492553	-288.448291494	26.4612198381
40.1	2217.63980439	-292.81305022	30.6718081281
40.15	2097.37250373	-291.153023846	29.0084110505
40.2	1989.23608881	-289.562907199	27.5127942403
40.25	2302.72610365	-294.065603696	31.8486226135
40.3	1964.06475839	-289.27695016	27.1646537464
40.35	2205.7344359	-292.60046486	30.5071469521
40.4	2106.77434016	-291.209426337	29.1384462899
40.45	2255.1893193	-293.403163975	31.1911492377
40.5	2058.9952034	-290.66153595	28.4776209781
40.55	2178.36699658	-292.287460891	30.1286324404
40.6	1927.13338449	-288.75294429	26.6538620426
40.65	2357.18163679	-294.784344665	32.6017880557
40.7	2081.67376885	-290.84866391	28.7912844535
40.75	2063.67713757	-290.667203071	28.5423760326
40.8	2193.08192747	-292.480082999	30.3321522077
40.85	1888.79014126	-288.176951987	26.1235430083
40.9	2085.97366563	-290.972922422	28.8507556123
40.95	2237.51788908	-293.064037785	30.9467386188
41.0	2445.13812325	-296.00410598	33.818299624
41.05	1945.51978995	-288.972465298	26.9081613654
41.1	1858.5814263	-287.713415144	25.7057312847
41.15	2320.8158385	-294.252543865	32.0988187344
41.2	1912.69060355	-288.467687878	26.4541063362
41.25	2145.8857899	-291.782715397	29.6793902609
41.3	2227.96325168	-292.993263196	30.8145900144
41.35	2217.43766372	-292.819531761	30.6690123541
41.4	2063.55725997	-290.709642446	28.5407180254
41.45	2031.18343215	-290.186370709	28.0929609852
41.5	2200.57229029	-292.609112756	30.4357501729
41.55	1781.84124322	-286.708733808	24.6443505472
41.6	2175.83388013	-292.260572757	30.0935973271
41.65	2285.14116475	-293.725396976	31.6054082417
41.7	2001.70855873	-289.786519051	27.6852989021
41.75	1933.25949018	-288.8096164	26.7385911938
41.8	2128.35132507	-291.48721313	29.4368739875
41.85	2100.11926844	-291.113883996	29.0464010973
41.9	1948.2988901	-289.04795628	26.9465986384
41.95	2193.00167466	-292.483102846	30.3310422443
42.0	2056.0871763	-290.52306026	28.4374005378
42.05	1982.29263368	-289.464281377	27.4167604647
42.1	2237.49501473	-293.141054362	30.9464222474
42.15	2026.04658442	-290.15544628	28.0219140967
42.2	1990.58065124	-289.647649638	27.5313906603
42.25	2158.21773813	-291.969113736	29.8499513905
42.3	2061.74600459	-290.582987232	28.5156668528
42.35	2014.63742834	-289.891616606	27.8641159522
42.4	2227.53120508	-292.985001849	30.8086144497
42.45	2153.53398945	-291.935644732	29.7851712396
42.5	2226.09952675	-292.924094192	30.7888131442
42.55	2023.413636	-290.064113978	27.985498224
42.6	2224.63238554	-292.92064352	30.7685213575
42.65	2163.36541133	-292.033188614	29.9211480043
42.7	1875.87073104	-287.9459975	25.9448567895
42.75	2071.90183415	-290.746609533	28.6561304462
42.8	2147.60963819	-291.857197887	29.7032325205
42.85	1976.5175533	-289.38323486	27.3368862863
42.9	2104.70619285	-291.196440182	29.1098420877
42.95	2088.85882839	-290.991347362	28.8906598196
43.0	2137.7691542	-291.720200446	29.5671304194
43.05	2015.23766449	-289.942423081	27.8724177188
43.1	2036.56179756	-290.191479483	28.1673482646
43.15	2271.274267	-293.493880251	31.4136174801
43.2	1927.12241417	-288.630334955	26.6537103139
43.25	1938.09004698	-288.906932768	26.8054018233
43.3	2058.12318726	-290.558813592	28.4655602675
43.35	2022.75853002	-290.014723639	27.9764375619
43.4	2087.66933099	-290.95903763	28.8742080785
43.45	2084.56714784	-290.922730366	28.8313022981
43.5	2004.92025107	-289.836061724	27.7297192859
43.55	2208.73729645	-292.725619507	30.5486790181
43.6	2068.39463089	-290.707409472	28.6076228999
43.65	2018.93839111	-289.922325122	27.9236018545
43.7	2328.14776843	-294.343458856	32.2002254405
43.75	2144.26219051	-291.795820965	29.6569345272
43.8	2160.64151422	-292.016346491	29.8834742353
43.85	2033.35652919	-290.155116428	28.1230167297
43.9	1831.77597244	-287.391725245	25.3349895006
43.95	2137.04709005	-291.695471651	29.5571436701
44.0	2111.92089746	-291.25617146	29.2096274698
44.05	2350.83125952	-294.617368446	32.5139570415
44.1	1854.96135621	-287.695929492	25.655662696
44.15	2035.0807126	-290.248145587	28.1468636243
44.2	2183.23723217	-292.309833656	30.1959918607
44.25	1991.56522342	-289.622198441	27.5450081146
44.3	2186.34545046	-292.409454437	30.238981112
44.35	1925.53235744	-288.677017441	26.6317185032
44.4	1903.14994418	-288.366876258	26.3221510596
44.45	2003.39757281	-289.782412307	27.7086593756
44.5	1809.89476583	-287.090057126	25.0323541631
44.55	2153.58315293	-291.93385411	29.7858512116
44.6	2199.19325887	-292.480684003	30.4166770181
44.65	2230.32446965	-292.936865416	30.8472476284
44.7	1945.61234088	-288.986276552	26.9094414219
44.75	2164.45846306	-292.041081262	29.9362658214
44.8	1971.01018814	-289.348720981	27.2607148328
44.85	2155.74472013	-291.964889933	29.8157474888
44.9	2131.23138197	-291.603028236	29.4767075766
44.95	1998.55019137	-289.743044396	27.6416160473
45.0	2144.27248323	-291.75191762	29.657076884
45.05	2048.36989668	-290.375570438	28.3306641241
45.1	2092.03661476	-291.0164538	28.9346112555
45.15	2075.06618029	-290.753586391	28.6998959926
45.2	2151.64611493	-291.90444676	29.7590603606
45.25	2104.7750389	-291.253257737	29.1107942859
45.3	2067.24588887	-290.72455892	28.5917348397
45.35	2290.18782113	-293.857834437	31.6752077086
45.4	2134.15041026	-291.685037725	29.5170801725
45.45	2211.11296388	-292.747516095	30.5815364801
45.5	2178.15684655	-292.272369377	30.1257258902
45.55	1763.56944832	-286.378675812	24.391636384
45.6	2264.33275368	-293.406276347	31.3176105612
45.65	2275.46154862	-293.590984533	31.4715310773
45.7	1893.82588213	-288.272389833	26.1931915047
45.75	2278.43602853	-293.693679018	31.5126706154
45.8	2028.14556048	-290.105951737	28.0509446862
45.85	2217.68180671	-292.760566475	30.6723890552
45.9	2018.0663146	-289.946305093	27.911540309
45.95	2130.67281525	-291.562234213	29.468982133
46.0	2199.19947608	-292.523040831	30.4167630074
46.05	2117.29283239	-291.389980139	29.2839258104
46.1	2042.75439777	-290.355915093	28.2529970906
46.15	1904.8892928	-288.370882931	26.3462077018
46.2	2294.53910713	-293.913321631	31.7353896232
46.25	1961.12665281	-289.201011783	27.1240172957
46.3	2208.68817154	-292.675108395	30.5479995797
46.35	2041.31453871	-290.301615808	28.2330826388
46.4	2126.11861558	-291.538930641	29.4059937531
46.45	2302.25656144	-293.998668054	31.8421284531
46.5	2056.76101336	-290.506686818	28.4467202664
46.55	2005.91125764	-289.869891415	27.7434257333
46.6	2190.2860728	-292.447956739	30.2934832057
46.65	2122.00711384	-291.385612165	29.3491282548
46.7	1975.26708038	-289.381531303	27.3195912028
46.75	2099.94657978	-291.178691611	29.0440126691
46.8	2208.58733876	-292.735401725	30.5466049782
46.85	2128.41497581	-291.540374883	29.4377543304
46.9	2109.17764611	-291.28748329	29.1716860157
46.95	2205.32353905	-292.641440093	30.5014639061
47.0	2123.58619894	-291.493068887	29.3709683189
47.05	2192.77440874	-292.511392524	30.3278989671
47.1	2226.50408059	-292.95225363	30.7944084612
47.15	1965.96888459	-289.341748954	27.1909893999
47.2	2200.66329327	-292.614866248	30.4370088199
47.25	2333.21042611	-294.486808009	32.2702462188
47.3	2214.78498634	-292.783676478	30.6323236133
47.35	2128.43467883	-291.568655967	29.4380268396
47.4	1959.02174847	-289.162735961	27.0949047131
47.45	2070.73721054	-290.759295202	28.6400227303
47.5	2183.45162128	-292.363196668	30.1989570409
47.55	1987.77212441	-289.608453574	27.4925463917
47.6	1971.98835275	-289.34652338	27.2742436651
47.65	2319.8319369	-294.212033104	32.0852105546
47.7	2134.8998609	-291.549472565	29.5274457
47.75	2217.87794731	-292.799362254	30.6751018434
47.8	1803.37365756	-287.008283402	24.9421617968
47.85	2067.67801411	-290.698969464	28.5977114922
47.9	2009.89693781	-289.915379822	27.7985510143
47.95	2130.90869481	-291.619473398	29.4722445441
48.0	2284.50524362	-293.756795877	31.5966129222
48.05	2295.45851977	-293.903510266	31.7481058669
48.1	2176.13552957	-292.286176756	30.0977693905
48.15	2152.43673991	-291.867783445	29.7699953634
48.2	2316.54963853	-294.216213457	32.0398136305
48.25	1920.51319743	-288.639156968	26.562299334
48.3	2157.97548579	-291.948876232	29.8466008385
48.35	2156.64919352	-291.918604256	29.8282571102
48.4	2140.10158141	-291.73976603	29.5993898332
48.45	2001.50269686	-289.703114417	27.6824516608
48.5	1925.74441778	-288.651929762	26.6346514746
48.55	2125.40592627	-291.587380986	29.3961366655
48.6	2168.10028144	-292.140390023	29.986635207
48.65	2011.45825316	-289.877117005	27.8201453079
48.7	2347.48222229	-294.670374853	32.4676370634
48.75	2097.61143691	-291.129204957	29.0117156956
48.8	2154.82192804	-291.931520355	29.8029845047
48.85	1972.61138863	-289.362606052	27.282860771
48.9	2095.82025874	-291.161551701	28.9869422075
48.95	2266.48354157	-293.504283433	31.3473577516
49.0	2154.32777594	-291.923005914	29.7961499689
49.05	1995.28649693	-289.695696533	27.596476431
49.1	2157.27267815	-291.891971526	29.8368804227
49.15	2228.47083015	-292.955653979	30.821610248
49.2	1971.01578809	-289.313666217	27.2607922847
49.25	2087.68458047	-290.979467837	28.8744189914
49.3	2192.61698044	-292.512639818	30.3257216025
49.35	2150.80690974	-291.85083022	29.7474534528
49.4	2177.3011222	-292.255174805	30.1138905087
49.45	2116.98625573	-291.403777665	29.2796855996
49.5	2009.64698765	-289.851502307	27.7950939952
49.55	2350.79171643	-294.695524792	32.5134101277
49.6	2050.15311956	-290.486854116	28.3553275839
49.65	2008.36045098	-289.831243305	27.77730012
49.7	1962.99017112	-289.282174565	27.1497913081
49.75	2200.19572565	-292.583809209	30.4305419697
49.8	2096.94103639	-291.072753986	29.0024434972
49.85	2067.8523614	-290.699970242	28.6001228607
49.9	2154.37043641	-291.93695812	29.7967399988
49.95	2156.43276288	-291.977545831	29.825263694
50.0	1929.413465	-288.792721243	26.6853974577
50.05	2011.06801969	-289.887649325	27.8147480535
50.1	2148.3023464	-291.823548852	29.7128132528
50.15	2068.38127016	-290.697934122	28.6074381099
50.2	1983.82150084	-289.470040703	27.4379059726
50.25	2366.76062635	-294.904951936	32.7342734707
50.3	2098.59918109	-291.129135976	29.0253770215
50.35	2298.21685762	-293.993530471	31.78625598
50.4	1935.43835538	-288.806130594	26.7687267168
50.45	2110.69821616	-291.283227597	29.1927167677
50.5	1961.07523094	-289.197352874	27.1233060884
50.55	2215.79090386	-292.82467587	30.6462362917
50.6	2132.74489508	-291.592650079	29.4976407253
50.65	2095.92228661	-291.109379755	28.9883533381
50.7	2127.91203221	-291.578677607	29.430798201
50.75	1969.18475171	-289.254889587	27.2354675244
50.8	2085.49659391	-290.89093476	28.8441573125
50.85	2196.49901973	-292.552673045	30.3794134437
50.9	2072.07875778	-290.733124893	28.6585774476
50.95	2104.16363696	-291.229411385	29.1023380872
51.0	2243.13275294	-293.267309979	31.0243968691
51.05	2031.21792803	-290.179765995	28.093438092
51.1	2094.76145298	-291.076663339	28.9722980408
51.15	2085.98324698	-290.92003346	28.8508881303
51.2	2070.79592175	-290.666269698	28.6408347554
51.25	2085.38667238	-290.959295883	28.842637006
51.3	2232.7547313	-293.117294778	30.880860174
51.35	2032.03589736	-290.279721609	28.10475129
51.4	2224.48498847	-292.873497473	30.7664827332
51.45	2101.67208925	-291.145583274	29.0678779043
51.5	2098.73768273	-291.149162696	29.0272926146
51.55	1985.18904104	-289.501490057	27.4568201942
51.6	1987.66385527	-289.581286252	27.4910489392
51.65	2315.33807383	-294.232963832	32.0230566801
51.7	1967.20174436	-289.286038021	27.2080408787
51.75	2243.83563332	-293.163742233	31.034118291
51.8	2031.24246086	-290.183229628	28.0937774014
51.85	2107.22111994	-291.247109251	29.1446256269
51.9	2050.05138631	-290.498484847	28.3539205281
51.95	2221.94363057	-292.921135769	30.7313336338
52.0	2296.52372852	-293.942776837	31.7628385923
52.05	2197.77135765	-292.546090385	30.3970109383
52.1	1862.09032961	-287.823294312	25.754262344
52.15	1979.81609163	-289.365711883	27.3825078226
52.2	2046.87382601	-290.320143496	28.309972219
52.25	2349.15834964	-294.709536707	32.4908193025
52.3	1860.82454099	-287.797013167	25.7367554318
52.35	2043.11569017	-290.360596613	28.2579940657
52.4	2205.26820727	-292.634554731	30.5006986213
52.45	2177.44831788	-292.248594469	30.1159263477
52.5	2130.14100088	-291.599517302	29.4616266967
52.55	2025.8725171	-290.114289875	28.0195066004
52.6	2167.51703273	-292.073847303	29.9785683908
52.65	2051.30989964	-290.455422753	28.3713268171
52.7	2135.61873559	-291.684453112	29.5373883365
52.75	2080.26106622	-290.948203083	28.7717455978
52.8	2128.2851606	-291.502376587	29.4359588778
52.85	2229.30421832	-292.948748659	30.8331367015
52.9	1918.98657055	-288.605406596	26.5411848109
52.95	2092.43597126	-291.013923792	28.9401346891
53.0	1958.0254931	-289.146050905	27.0811256703
53.05	2235.27950947	-293.098099387	30.9157799618
53.1	2155.54986328	-291.990769489	29.8130524562
53.15	2134.85087488	-291.635072723	29.5267681824
53.2	2047.40462619	-290.46563589	28.3173136281
53.25	2067.35169703	-290.742790366	28.5931982548
53.3	2264.03633913	-293.416830542	31.3135109008
53.35	1938.931122	-288.858306006	26.8170345923
53.4	2165.99560906	-292.067378168	29.9575258327
53.45	1929.24010559	-288.747632927	26.6829997524
53.5	2075.10637403	-290.770564562	28.7004519054
53.55	2168.14882582	-292.109445274	29.9873066163
53.6	2153.84979614	-291.910326194	29.7895391096
53.65	2303.98813155	-294.008812215	31.866077512
53.7	2042.41735094	-290.37159271	28.2483354517
53.75	2042.02360077	-290.388444612	28.2428895585
53.8	2093.67397215	-291.091507408	28.9572572738
53.85	1969.52671072	-289.255013389	27.2401971027
53.9	2231.68470534	-292.985456937	30.8660608224
53.95	1949.98785419	-289.027740868	26.9699584205
54.0	2006.04284782	-289.829252052	27.7452457353
54.05	2145.21668038	-291.731116331	29.6701359182
54.1	2173.40081707	-292.141582123	30.0599460358
54.15	2146.54928318	-291.855807973	29.6885669263
54.2	2120.07166162	-291.440799419	29.3223593364
54.25	2062.81271985	-290.582579175	28.5304204146
54.3	2067.94285965	-290.704697699	28.6013745268
54.35	2153.42178733	-291.913642302	29.7836193908
54.4	2313.14744057	-294.158443392	31.992758395
54.45	2022.72643669	-290.098546446	27.9759936843
54.5	2287.49081368	-293.851824528	31.6379058462
54.55	1969.23539182	-289.365523153	27.2361679194
54.6	2167.11458693	-292.075512874	29.9730022299
54.65	2183.46262175	-292.351364452	30.1991091866
54.7	2133.92873134	-291.685482632	29.5140141682
54.75	2126.91807204	-291.524824608	29.4170509028
54.8	2137.49290988	-291.648627114	29.5633097301
54.85	2015.25414953	-289.859031715	27.8726457207
54.9	2243.00937929	-293.19621243	31.0226905086
54.95	1968.77719765	-289.349400903	27.2298307118
55.0	2128.38711523	-291.549927459	29.4373689954
55.05	2028.11897414	-290.157843058	28.0505769749
55.1	2087.38885955	-290.993595885	28.8703289245
55.15	2038.09616612	-290.220072146	28.1885698616
55.2	2080.7227829	-290.833503871	28.7781315246
55.25	1991.19511979	-289.6136938	27.5398892728
55.3	2133.7495848	-291.645542782	29.5115364221
55.35	2241.49131246	-293.199477777	31.0016943782
55.4	2110.67937197	-291.330274322	29.1924561369
55.45	2096.38607877	-291.123418872	28.9947679705
55.5	2053.04295013	-290.467649101	28.3952963509
55.55	2088.76488576	-290.942949151	28.8893605146
55.6	2044.59236266	-290.34633089	28.2784176779
55.65	2044.39602376	-290.348500056	28.2757021472
55.7	2318.12050227	-294.214003104	32.0615399862
55.75	2058.5522721	-290.548582739	28.4714948688
55.8	2244.75894122	-293.155124748	31.0468884093
55.85	1807.324531	-287.065074706	24.9968056717
55.9	1981.69072145	-289.466292923	27.4084355166
55.95	2021.49082728	-290.021707435	27.9589041756
56.0	2025.40821708	-290.106032506	28.0130849439
56.05	2225.57703313	-292.900163914	30.7815866216
56.1	2272.60327731	-293.524258968	31.4319988011
56.15	2223.0674611	-292.819015695	30.7468771474
56.2	2015.86558078	-289.957047917	27.8811023248
56.25	1960.52092331	-289.198633549	27.1156395516
56.3	2005.20342982	-289.794021026	27.7336358842
56.35	1929.75225266	-288.791117143	26.6900831736
56.4	1909.89821483	-288.489206319	26.4154852712
56.45	2148.10441726	-291.787088408	29.7100757278
56.5	2266.99709665	-293.492968754	31.3544606468
56.55	1978.92658645	-289.410641639	27.370205224
56.6	2209.36156002	-292.685914413	30.557313104
56.65	2305.78912915	-294.029418523	31.8909868109
56.7	2022.51915261	-290.053232081	27.9731267726
56.75	2196.56946468	-292.537656428	30.380387756
56.8	2120.85685339	-291.488734441	29.3332191935
56.85	1980.27996927	-289.464915934	27.3889236372
56.9	1875.76118565	-288.0058596	25.9433416854
56.95	2302.82605818	-294.042309989	31.850005068
57.0	2347.85702394	-294.617236081	32.4728208827
57.05	2137.31690773	-291.62131707	29.5608754735
57.1	2119.50202485	-291.428604126	29.3144807847
57.15	1740.22964737	-286.067086186	24.0688274702
57.2	1929.51242408	-288.73932568	26.6867661443
57.25	2255.55090253	-293.340038704	31.1961502354
57.3	1971.95927926	-289.330860168	27.2738415545
57.35	1939.59942425	-288.87871965	26.8262777698
57.4	2232.4075229	-293.013097247	30.8760579921
57.45	2080.32152525	-290.861187679	28.7725817966
57.5	2127.01911664	-291.569191068	29.4184484339
57.55	2033.71319664	-290.234593053	28.127949738
57.6	1962.05109186	-289.212548165	27.1368030587
57.65	2245.01737176	-293.241554236	31.0504627192
57.7	2121.63163487	-291.501325171	29.3439350676
57.75	2157.39688318	-292.016746465	29.8385982818
57.8	2173.20161037	-292.175914503	30.0571908409
57.85	1932.13558122	-288.792951151	26.7230465955
57.9	2188.48069446	-292.364646877	30.2685133175
57.95	2148.83164708	-291.818076808	29.7201339227
58.0	2320.22632188	-294.261784974	32.0906652278
58.05	2232.9004494	-293.021241812	30.8828755769
58.1	1957.99012307	-289.167947325	27.0806364733
58.15	1935.30070428	-288.856241302	26.7668228872
58.2	2321.90732116	-294.268157698	32.1139148498
58.25	2138.36599276	-291.711926573	29.5753851945
58.3	1850.7393932	-287.670849951	25.5972694263
58.35	2106.42751081	-291.325539505	29.1336493507
58.4	2218.53668562	-292.906974685	30.6842127436
58.45	1924.97676123	-288.764305743	26.6240341441
58.5	2398.41341803	-295.325240002	33.1720579799
58.55	2198.50063464	-292.544155752	30.4070974473
58.6	2241.50808534	-293.121656958	31.0019263611
58.65	1888.3719852	-288.186631957	26.1177595612
58.7	1911.14084321	-288.57437678	26.432671858
58.75	1938.48519965	-288.884459168	26.8108671143
58.8	2164.5379562	-292.040025667	29.9373652777
58.85	2039.24087146	-290.257720279	28.2044020912
58.9	2018.21732033	-289.93454472	27.9136288442
58.95	2200.35945471	-292.558176727	30.4328064792
59.0	2324.78120765	-294.247196028	32.153663097
59.05	2002.83612386	-289.766757297	27.7008940683
59.1	2120.30708076	-291.505566395	29.3256153795
59.15	1967.81577085	-289.34605337	27.2165333773
59.2	2197.26125692	-292.578561009	30.3899558197
59.25	2063.14764502	-290.599564942	28.5350527091
59.3	2128.95252858	-291.501578003	29.4451891336
59.35	2187.54771463	-292.367254933	30.2556094283
59.4	1998.61256126	-289.727872211	27.6424786749
59.45	2128.79581797	-291.580499726	29.4430216952
59.5	2137.3011242	-291.738962424	29.5606571742
59.55	2127.10766572	-291.552328988	29.4196731415
59.6	2133.68776847	-291.624027729	29.5106814507
59.65	2229.32417089	-292.993141655	30.8334126622
59.7	2243.0465581	-293.203024006	31.0232047226
59.75	2086.77266414	-291.037979369	28.8618064281
59.8	2013.35694649	-289.954997077	27.8464058202
59.85	2130.4075211	-291.609329787	29.4653128937
59.9	2039.53580047	-290.34194487	28.2084812054
59.95	2104.25085141	-291.23959511	29.1035443357
60.0	2301.71872817	-293.974423301	31.8346897704
60.05	1949.62442668	-288.990063309	26.9649319148
60.1	1900.82874765	-288.335672798	26.2900469756
60.15	2201.31378807	-292.608779885	30.4460057056
60.2	1978.65984581	-289.462504414	27.3665159786
60.25	2087.21819828	-290.946848395	28.8679685368
60.3	2306.05014609	-294.028552361	31.8945968929
60.35	1932.9074695	-288.781798515	26.7337224541
60.4	2138.35588257	-291.751879853	29.5752453622
60.45	1959.00768984	-289.194183797	27.0947102705
60.5	2132.46846266	-291.581959674	29.4938174344
60.55	2293.35374271	-293.856051193	31.7189950447
60.6	2262.12696015	-293.461304964	31.287102597
60.65	2046.66358239	-290.419159541	28.3070643742
60.7	2068.89540078	-290.649835087	28.6145489652
60.75	2041.72289208	-290.261116652	28.2387305065
60.8	1891.35511365	-288.182781704	26.1590187158
60.85	2227.47860315	-292.862656276	30.8078869211
60.9	2151.45442931	-291.84084552	29.7564091885
60.95	2190.95245045	-292.42497681	30.3026997643
61.0	2158.28516209	-291.964539371	29.8508839201
61.05	1978.48839724	-289.462104769	27.3641447018
61.1	1841.92826301	-287.499396472	25.4754041467
61.15	1979.22913628	-289.469201686	27.3743897405
61.2	2136.12098102	-291.655511429	29.5443348097
61.25	2116.4187171	-291.410797873	29.271836067
61.3	2042.56597895	-290.336833334	28.2503911011
61.35	2236.79225466	-293.06341668	30.9367024895
61.4	2156.76984332	-291.91337599	29.8299257977
61.45	1943.16530304	-288.870449624	26.8755968476
61.5	2002.25062321	-289.79100823	27.6927961059
61.55	1951.11817379	-289.107690134	26.9855916832
61.6	2145.6443857	-291.724383481	29.6760514395
61.65	2114.0241327	-291.323632626	29.2387169675
61.7	2270.57768104	-293.545742544	31.4039831153
61.75	1878.8596533	-288.029663486	25.9861960772
61.8	2210.17268814	-292.639315008	30.5685316824
61.85	2168.51874618	-292.050132216	29.9924229233
61.9	2045.03954266	-290.415633567	28.2846025503
61.95	2022.13095816	-290.063228488	27.9677577196
62.0	2125.03831246	-291.521297933	29.39105226
