# 	 t 	 T	E	K
2.05	2642.807263	-272.910694127	36.5522286937
2.1	2333.12897686	-268.508949173	32.2691197077
2.15	2332.74731882	-268.687894829	32.2638410586
2.2	2722.02768658	-273.986860774	37.647913226
2.25	2565.1727994	-271.795198739	35.4784793107
2.3	2489.93338588	-270.801747945	34.4378554679
2.35	2619.12038419	-272.538592259	36.2246194035
2.4	2554.81891632	-271.589345705	35.335276472
2.45	2617.67970211	-272.477395223	36.2046935688
2.5	2633.53720423	-272.758472473	36.4240160491
2.55	2502.10267245	-270.903047198	34.606166851
2.6	2581.60198646	-272.009597573	35.7057086706
2.65	2956.49816553	-277.333436142	40.8908355111
2.7	2754.02544094	-274.450650124	38.0904688567
2.75	2678.87434034	-273.523208716	37.0510664552
2.8	2691.47451599	-273.718580888	37.2253373937
2.85	2501.78138982	-271.016548283	34.6017232443
2.9	2697.94520848	-273.711649445	37.3148324677
2.95	2714.85205322	-273.834721519	37.5486682317
3.0	2678.46722111	-273.373876342	37.0454356567
3.05	2303.03055411	-268.046121866	31.8528334173
3.1	2567.71327774	-271.783012909	35.5136162451
3.15	2385.34896839	-269.231891401	32.9913657449
3.2	2263.54515162	-267.567193364	31.3067173678
3.25	2441.43190797	-270.098060269	33.7670395754
3.3	2533.48415572	-271.425781632	35.0401989385
3.35	2370.7528025	-269.06257961	32.7894885966
3.4	2524.81200214	-271.233184419	34.9202558215
3.45	2524.88936897	-271.255878629	34.9213258692
3.5	2641.2995357	-272.945657098	36.5313755676
3.55	2365.86145097	-269.080382666	32.7218371252
3.6	2505.78000533	-270.959245134	34.6570274319
3.65	2580.16314039	-271.98301185	35.6858082293
3.7	2520.08727692	-271.189975016	34.8549089309
3.75	2608.89713835	-272.45489725	36.0832233869
3.8	2677.01619047	-273.498478512	37.0253666927
3.85	2662.60139022	-273.288309847	36.8259979826
3.9	2614.44842084	-272.544930771	36.1600022538
3.95	2486.41935986	-270.670978481	34.3892535571
4.0	2698.39071637	-273.684082723	37.3209942134
4.05	2545.4320985	-271.545409396	35.2054489524
4.1	2547.13829463	-271.56769542	35.2290470679
4.15	2606.85203006	-272.467621142	36.0549378335
4.2	2522.51061161	-271.242730861	34.888425671
4.25	2690.35286173	-273.564556734	37.2098239797
4.3	2520.74445449	-271.020118942	34.8639982449
4.35	2476.05859727	-270.45512281	34.245955569
4.4	2841.30248395	-275.619640946	39.2975831553
4.45	2761.9748452	-274.668511526	38.2004157478
4.5	2543.66712828	-271.403944124	35.1810379422
4.55	2654.65115615	-273.034799023	36.7160396145
4.6	2680.87901554	-273.562794551	37.0787927853
4.65	2514.7915377	-271.060774076	34.7816644407
4.7	2520.77182915	-271.204242991	34.8643768592
4.75	2616.15047099	-272.453444536	36.183543027
4.8	2579.68709523	-272.017584432	35.6792241278
4.85	2351.86680801	-268.828861637	32.5282795408
4.9	2497.26437271	-270.86937643	34.5392491302
4.95	2326.22774547	-268.398602583	32.1736699216
5.0	2494.98986188	-270.806996694	34.5077907484
5.05	2684.26215786	-273.557356591	37.1255844653
5.1	2606.45090677	-272.358581179	36.0493899638
5.15	2683.20273339	-273.413327673	37.1109317413
5.2	2495.77716942	-270.770949651	34.5186798683
5.25	2221.24826371	-266.97235138	30.7217161302
5.3	2634.09123993	-272.787277696	36.431678825
5.35	2614.74111644	-272.509794731	36.164050478
5.4	2617.7807319	-272.532019405	36.206090895
5.45	2619.33393456	-272.665987385	36.2275729833
5.5	2610.74132217	-272.524191186	36.1087299872
5.55	2636.73312182	-272.847224467	36.4682182549
5.6	2691.15109672	-273.523680457	37.2208642354
5.65	2705.97310685	-273.82304853	37.4258649979
5.7	2578.18675945	-272.080657882	35.6584732326
5.75	2710.52613354	-273.78711204	37.4888371545
5.8	2734.90672793	-274.134786991	37.8260411097
5.85	2700.47370498	-273.73301972	37.3498036832
5.9	2815.21228689	-275.315416117	38.9367339693
5.95	2540.75275968	-271.520323158	35.1407297937
6.0	2391.34393501	-269.464288268	33.0742811334
6.05	2739.97623717	-274.346360053	37.8961566508
6.1	2582.74797729	-272.074735696	35.7215586795
6.15	2407.2012116	-269.597444097	33.2936004944
6.2	2698.51648171	-273.620440343	37.322733653
6.25	2476.90387147	-270.610750998	34.2576464163
6.3	2614.35715327	-272.573726385	36.1587399471
6.35	2419.27696083	-269.674337349	33.4606181781
6.4	2482.36989437	-270.64702515	34.3332460719
6.45	2647.87869828	-272.980004965	36.6223708735
6.5	2511.99337328	-271.03455449	34.7429634929
6.55	2631.88925036	-272.755949214	36.4012234726
6.6	2604.68174793	-272.33928215	36.0249210214
6.65	2588.34036699	-272.024904375	35.7989060934
6.7	2731.0372463	-274.086400938	37.7725229514
6.75	2522.31237701	-271.220001591	34.885683921
6.8	2689.5027422	-273.590918962	37.1980661177
6.85	2463.85084299	-270.37306825	34.0771121455
6.9	2639.4958495	-272.936365108	36.506429083
6.95	2558.68725559	-271.808222319	35.3887788305
7.0	2419.85221049	-269.8386643	33.4685743607
7.05	2766.62091281	-274.693255723	38.264674738
7.1	2573.46286614	-271.959015075	35.5931378481
7.15	2581.1896896	-272.051275942	35.7000062611
7.2	2500.19135694	-270.924143767	34.5797317633
7.25	2595.86843697	-272.19204643	35.9030255801
7.3	2654.32286704	-273.027466239	36.7114991023
7.35	2818.84477734	-275.389963513	38.986974342
7.4	2643.61604484	-272.981299196	36.563414821
7.45	2533.7339136	-271.380302765	35.0436532984
7.5	2572.43555891	-272.002738571	35.5789293322
7.55	2471.93761821	-270.499768935	34.1889589916
7.6	2617.7398908	-272.485643404	36.2055260285
7.65	2648.91651061	-272.955039587	36.6367246836
7.7	2461.73011379	-270.368592558	34.0477806918
7.75	2544.52302006	-271.490257924	35.1928756394
7.8	2661.23319765	-273.171485324	36.8070747382
7.85	2797.70705627	-275.143650404	38.6946220296
7.9	2505.59952867	-270.933891314	34.6545312891
7.95	2457.48051732	-270.204018025	33.9890052283
8.0	2722.45710486	-273.984745326	37.653852439
8.05	2514.98559262	-271.051779728	34.784348382
8.1	2531.69330356	-271.224059006	35.0154299595
8.15	2713.65204876	-273.956039669	37.5320711691
8.2	2297.88266473	-268.023067541	31.7816338136
8.25	2609.2995082	-272.442728988	36.0887884975
8.3	2550.06246736	-271.537020352	35.2694908157
8.35	2561.94891453	-271.716661009	35.4338902941
8.4	2199.69631972	-266.608936145	30.4236347693
8.45	2675.7706454	-273.421420307	37.0081397656
8.5	2349.61425323	-268.78023205	32.4971248295
8.55	2259.53165353	-267.357381054	31.2512073418
8.6	2628.68485518	-272.680121665	36.3569040146
8.65	2666.05320113	-273.155578451	36.8737394063
8.7	2548.95459614	-271.588640342	35.2541680327
8.75	2533.05325942	-271.315461622	35.0342392833
8.8	2598.44727279	-272.341606067	35.9386930304
8.85	2724.83954011	-274.137229316	37.6868035055
8.9	2758.39272191	-274.626562863	38.1508719951
8.95	2614.83993524	-272.583061087	36.1654172244
9.0	2494.93028241	-270.764761579	34.5069667146
9.05	2503.53885319	-270.888053791	34.6260304285
9.1	2533.64947725	-271.372830978	35.0424854731
9.15	2394.2032727	-269.424276703	33.1138281584
9.2	2445.75725013	-270.149958743	33.8268626651
9.25	2752.85248149	-274.365058116	38.0742458491
9.3	2726.28683006	-274.085232479	37.7068207327
9.35	2735.35692984	-274.185257397	37.8322677776
9.4	2838.43129227	-275.580801794	39.2578721797
9.45	2474.70081417	-270.558076366	34.2271762964
9.5	2564.05384631	-271.798180497	35.4630032562
9.55	2356.12442487	-268.867051585	32.5871659331
9.6	2628.34758961	-272.63094282	36.3522393506
9.65	2464.94495411	-270.381869947	34.0922446148
9.7	2702.2954026	-273.749866418	37.3749992808
9.75	2382.92391712	-269.270454958	32.9578252631
9.8	2580.62698847	-271.932019004	35.6922236352
9.85	2537.37338612	-271.346745839	35.0939902388
9.9	2654.96751027	-273.005592691	36.7204150558
9.95	2781.59261658	-274.728854225	38.4717458883
10.0	2803.67213973	-275.170518006	38.777124109
10.05	2511.45259071	-271.085851062	34.7354840189
10.1	2406.33925	-269.5019952	33.2816788466
10.15	2808.40298743	-275.314418884	38.8425556785
10.2	2728.66990413	-274.150056642	37.7397806347
10.25	2572.89364467	-271.912337316	35.5852650404
10.3	2554.25858434	-271.782570076	35.3275266133
10.35	2557.6639498	-271.786251469	35.3746256579
10.4	2551.91908128	-271.657656019	35.2951693348
10.45	2649.889624	-273.143530606	36.6501836533
10.5	2704.42786182	-273.781802191	37.4044929704
10.55	2750.05943779	-274.323111952	38.0356157253
10.6	2549.65345726	-271.584453482	35.2638338649
10.65	2712.83635211	-273.950862264	37.5207894041
10.7	2504.62709394	-271.029318267	34.6410817058
10.75	2654.90421917	-273.02120995	36.719539687
10.8	2513.45244516	-270.979861321	34.7631436739
10.85	2874.35028952	-276.139965348	39.75466187
10.9	2684.98369617	-273.451498221	37.1355639418
10.95	2483.26890377	-270.637466786	34.3456801218
11.0	2680.9377689	-273.488201104	37.0796053931
11.05	2569.55539391	-271.901542798	35.5390942482
11.1	2651.03628813	-273.090595157	36.6660429747
11.15	2458.27783895	-270.356645762	34.0000328514
11.2	2554.38967621	-271.630576105	35.3293397232
11.25	2501.46822126	-270.897291937	34.5973918619
11.3	2446.23326173	-270.224425678	33.8334463025
11.35	2453.58864217	-270.363073572	33.9351773489
11.4	2583.70231511	-272.074620839	35.7347579676
11.45	2449.91630994	-270.222011092	33.8843859312
11.5	2835.82476356	-275.465020272	39.2218217136
11.55	2480.16427369	-270.581576953	34.3027404984
11.6	2460.8511382	-270.359883733	34.0356237263
11.65	2620.75788866	-272.51516875	36.2472674562
11.7	2696.30773456	-273.521998689	37.2921848376
11.75	2637.55272647	-272.725948405	36.4795540709
11.8	2673.69761758	-273.339586574	36.9794680618
11.85	2627.45713176	-272.568504379	36.3399235757
11.9	2724.05501517	-274.012512328	37.6759528713
11.95	2720.67436382	-273.959527131	37.6291956435
12.0	2850.99783122	-275.778815025	39.4316778945
12.05	2850.4571964	-275.846407879	39.424200464
12.1	2454.59281906	-270.212699421	33.9490659528
12.15	2874.38563613	-276.287030979	39.7551507431
12.2	2439.68728011	-270.005537733	33.7429099171
12.25	2530.7470001	-271.507927079	35.0023417934
12.3	2642.73325722	-272.846082358	36.551205132
12.35	2591.75243118	-272.173794935	35.8460977871
12.4	2898.77883498	-276.611760528	40.0925290285
12.45	2354.83525576	-268.912211365	32.5693356491
12.5	2705.67833889	-273.775224779	37.4217881111
12.55	2389.74621302	-269.38797785	33.0521833056
12.6	2599.63515791	-272.381207319	35.9551224724
12.65	2470.48098255	-270.597059128	34.1688125055
12.7	2498.2671313	-270.84609292	34.5531181179
12.75	2724.86145347	-273.996276006	37.6871065855
12.8	2566.02346772	-271.846804979	35.490244763
12.85	2529.82834917	-271.384421214	34.9896360848
12.9	2610.28845968	-272.373506815	36.1024665213
12.95	2540.64313168	-271.39765525	35.139213547
13.0	2566.8847612	-271.786001524	35.5021571702
13.05	2641.3785591	-272.781365378	36.5324685271
13.1	2577.50337575	-272.028179396	35.649021466
13.15	2490.36898839	-270.828288686	34.4438802139
13.2	2650.64126862	-273.092561049	36.6605795254
13.25	2687.74958628	-273.534576684	37.173818509
13.3	2159.24340422	-266.043061989	29.8641372079
13.35	2537.7631707	-271.49649729	35.0993812846
13.4	2353.41639959	-268.895611767	32.5497116849
13.45	2535.89896604	-271.432522606	35.0735977793
13.5	2548.68007531	-271.526282514	35.2503711806
13.55	2642.71211284	-273.028844747	36.5509126876
13.6	2587.36300725	-272.182464735	35.7853883931
13.65	2702.26201358	-273.810135203	37.3745374827
13.7	2635.48120808	-272.796585641	36.4509032438
13.75	2662.3163919	-273.002174835	36.822056218
13.8	2623.66396978	-272.504811439	36.2874609819
13.85	2614.89082573	-272.519799882	36.1661210824
13.9	2640.26158905	-272.828175564	36.5170198997
13.95	2428.87755991	-269.926514789	33.5934024708
14.0	2439.06030907	-270.085697105	33.7342383847
14.05	2381.07294242	-269.203036177	32.9322247392
14.1	2556.32334194	-271.759656673	35.3560839331
14.15	2785.1167135	-274.882319554	38.520487088
14.2	2468.87314652	-270.435300873	34.1465747922
14.25	2463.62213153	-270.187889863	34.0739488752
14.3	2586.39701963	-271.941740067	35.7720279786
14.35	2638.82102615	-272.77987202	36.4970957133
14.4	2481.97847987	-270.750703001	34.327832483
14.45	2743.18866202	-274.352121388	37.9405871657
14.5	2446.22872368	-270.080627795	33.8333835376
14.55	2429.41739631	-269.920236099	33.6008688584
14.6	2705.21686795	-273.803845693	37.4154055832
14.65	2218.02435763	-266.947464657	30.6771268201
14.7	2516.48482398	-271.222747447	34.8050840022
14.75	2699.63847549	-273.697338857	37.3382517628
14.8	2295.05526158	-267.985134875	31.7425284697
14.85	2776.41850065	-274.778096324	38.4001835494
14.9	2618.22026084	-272.571124181	36.2121699469
14.95	2483.02303266	-270.688923108	34.3422795193
15.0	2628.66951439	-272.625221481	36.3566918387
15.05	2739.47000294	-274.24823116	37.8891550091
15.1	2658.81033627	-273.155495738	36.7735645444
15.15	2748.03017379	-274.484604726	38.0075493116
15.2	2760.8456349	-274.660377672	38.1847978276
15.25	2504.26470953	-270.903192558	34.6360696271
15.3	2300.02937094	-267.963735651	31.811324551
15.35	2403.98545084	-269.561975953	33.249123841
15.4	2591.92067166	-272.263183261	35.8484246932
15.45	2971.0269355	-277.629269999	41.0917805175
15.5	2531.30367398	-271.351770721	35.0100410574
15.55	2516.72538484	-271.201265929	34.8084111596
15.6	2741.07654393	-274.32832443	37.9113748109
15.65	2747.11265552	-274.423791826	37.9948592687
15.7	2447.852458	-270.129801993	33.8558411375
15.75	2507.84824313	-271.047570574	34.6856328856
15.8	2661.96698864	-273.291199754	36.8172236795
15.85	2454.60200195	-270.296424405	33.9491929599
15.9	2656.79062926	-273.153776446	36.7456303119
15.95	2792.46709828	-275.12464353	38.6221490402
16.0	2454.92379038	-270.308200913	33.9536435622
16.05	2531.64414574	-271.478223174	35.0147500659
16.1	2489.95507314	-270.850863319	34.4381554208
16.15	2730.12638187	-274.126893068	37.7599249366
16.2	2563.51161526	-271.697080424	35.4555037485
16.25	2537.33510993	-271.473478176	35.0934608471
16.3	2563.87286495	-271.881368024	35.460500133
16.35	2832.7727376	-275.556923947	39.1796096491
16.4	2793.2828164	-274.959997492	38.6334311021
16.45	2931.03093866	-276.933812284	40.5386025225
16.5	2672.5944284	-273.340012394	36.9642100353
16.55	2835.05648249	-275.602136441	39.2111957456
16.6	2597.38583711	-272.209449995	35.9240124897
16.65	2656.92780093	-272.988919003	36.7475275106
16.7	2887.88859482	-276.320959492	39.941907924
16.75	2533.65825437	-271.445654435	35.0426068681
16.8	2416.17611446	-269.728275267	33.4177308866
16.85	2555.66780214	-271.634239315	35.3470172709
16.9	2870.96933744	-276.158050505	39.7079004829
16.95	2442.03734044	-270.048362376	33.7754132116
17.0	2544.45193715	-271.488344792	35.1918925035
17.05	2798.85988563	-275.00349735	38.7105666211
17.1	2273.34205321	-267.72250048	31.442216688
17.15	2624.39814187	-272.647415094	36.2976151943
17.2	2495.10611021	-270.844612596	34.5093985597
17.25	2462.81544511	-270.405367734	34.0627917291
17.3	2575.66325005	-271.983846413	35.6235709927
17.35	2514.58218885	-271.136274201	34.7787689714
17.4	2641.25204506	-272.983548745	36.5307187325
17.45	2478.21481051	-270.60259456	34.2757777966
17.5	2666.58536593	-273.250339625	36.8810996894
17.55	2591.44918641	-272.254832511	35.8419036589
17.6	2739.17697292	-274.359422859	37.8851021595
17.65	2543.78629331	-271.403334369	35.1826860939
17.7	2844.49575876	-275.693505892	39.3417488094
17.75	2672.27494395	-273.434193462	36.9597912988
17.8	2631.89526092	-272.646668764	36.4013066037
17.85	2731.85258144	-274.126871357	37.7837997164
17.9	2774.86649845	-274.846695246	38.3787180646
17.95	2486.73576505	-270.694998186	34.3936297049
18.0	2593.40030458	-272.138608811	35.8688892506
18.05	2577.46155941	-272.032657007	35.6484431111
18.1	2743.5649412	-274.411537926	37.9457914207
18.15	2819.09397589	-275.351030464	38.9904209658
18.2	2602.56733352	-272.410958319	35.9956769067
18.25	2646.78251377	-272.996502894	36.6072097274
18.3	2499.92089312	-270.88334754	34.5759910231
18.35	2551.91675544	-271.578446915	35.2951371664
18.4	2793.12819599	-275.053321581	38.6312925728
18.45	2565.32860613	-271.827476157	35.4806342477
18.5	2570.46967891	-271.838940724	35.5517395722
18.55	2962.57987101	-277.374217168	40.9749505704
18.6	2615.58793416	-272.461483858	36.1757626734
18.65	2580.5956545	-272.000334608	35.6917902602
18.7	2511.50523367	-270.982985576	34.7362121149
18.75	2751.17763951	-274.334334599	38.0510813876
18.8	2531.91970716	-271.382351564	35.0185613102
18.85	2547.47864754	-271.67344053	35.2337544326
18.9	2620.09053328	-272.630234305	36.2380373747
18.95	2537.62573897	-271.422194666	35.0974804892
19.0	2554.49151201	-271.696286829	35.3307481973
19.05	2545.46827132	-271.601274355	35.2059492527
19.1	2704.8887959	-273.912415911	37.4108680732
19.15	2658.93570034	-273.127767825	36.7752984341
19.2	2576.08791592	-271.947481716	35.629444476
19.25	2465.56661295	-270.502625257	34.100842675
19.3	2485.40781061	-270.709822789	34.3752629874
19.35	2440.51012111	-269.998343562	33.7542904945
19.4	2638.28109837	-272.84861585	36.4896280618
19.45	2659.92935916	-273.295976795	36.7890415644
19.5	2605.15483596	-272.41683916	36.0314642235
19.55	2461.49755057	-270.30408492	34.0445641486
19.6	2476.16473183	-270.576810819	34.2474234985
19.65	2724.02166008	-274.013756419	37.6754915425
19.7	2516.5434658	-271.052033343	34.8058950674
19.75	2804.69504153	-275.13463791	38.7912716941
19.8	2469.2004661	-270.462543962	34.151101895
19.85	2930.79611384	-277.066777003	40.5353546993
19.9	2508.75993567	-271.008075772	34.6982423539
19.95	2517.00002924	-271.080406322	34.8122097206
20.0	2297.44345573	-268.059218999	31.7755591868
20.05	2753.55583729	-274.509328192	38.0839738465
20.1	2425.73292273	-269.846222252	33.5499095158
20.15	2536.74316764	-271.35789979	35.0852737915
20.2	2800.13057596	-275.197239882	38.7281413282
20.25	2587.93090748	-272.15947969	35.7932429269
20.3	2441.8366838	-270.055344718	33.7726379629
20.35	2634.77920164	-272.790348466	36.4411939093
20.4	2648.01231718	-272.997539237	36.6242189343
20.45	2536.01689742	-271.490572588	35.0752288687
20.5	2774.4943062	-274.789445741	38.3735703354
20.55	2647.2388146	-273.047882508	36.6135207484
20.6	2818.95512799	-275.398834414	38.9885005835
20.65	2385.0610274	-269.244310243	32.9873832808
20.7	2462.59428361	-270.326508186	34.0597328812
20.75	2585.85641376	-272.13300624	35.7645509486
20.8	2423.07013631	-269.889248752	33.5130809587
20.85	2812.36654006	-275.240504059	38.8973749172
20.9	2397.34345751	-269.353760362	33.1572595335
20.95	2615.5377581	-272.482347739	36.1750686967
21.0	2785.23042552	-274.919527063	38.5220598201
21.05	2575.92151515	-271.989617283	35.6271430145
21.1	2619.42361574	-272.574603711	36.2288133488
21.15	2761.97610496	-274.533788499	38.2004331714
21.2	2459.86747026	-270.23875674	34.0220187783
21.25	2594.27324648	-272.233799431	35.8809627651
21.3	2472.99715285	-270.611109493	34.2036132394
21.35	2492.89691006	-270.79155597	34.4788434791
21.4	2506.36453593	-270.997602181	34.6651119776
21.45	2392.85789051	-269.473338414	33.0952204007
21.5	2486.86214549	-270.823979004	34.3953776518
21.55	2568.35216671	-271.890833498	35.5224526124
21.6	2795.45602588	-275.07499936	38.6634884018
21.65	2500.58720928	-270.821262306	34.5852067313
21.7	2742.09381652	-274.274231841	37.9254445393
21.75	2742.96893285	-274.40437719	37.937548128
21.8	2728.23023648	-274.148723296	37.7336996643
21.85	2640.69306251	-272.86987314	36.5229875375
21.9	2580.79022147	-272.091770062	35.6944812838
21.95	2359.0892724	-268.921859665	32.6281722473
22.0	2617.67128163	-272.620746511	36.2045771066
22.05	2687.97451138	-273.524446408	37.1769294108
22.1	2580.74318773	-272.043610808	35.6938307679
22.15	2655.6873942	-273.003335993	36.7303716509
22.2	2466.10988146	-270.343673371	34.1083565317
22.25	2453.44508073	-270.209429063	33.9331917744
22.3	2658.61829998	-273.091899122	36.7709085224
22.35	2652.43056858	-273.018499186	36.6853270362
22.4	2517.01048558	-271.185844514	34.8123543405
22.45	2702.92340455	-273.637991925	37.3836850715
22.5	2657.22817648	-273.073833379	36.751681955
22.55	2504.38584913	-270.936287768	34.6377450888
22.6	2719.55197131	-274.022272445	37.6136720189
22.65	2740.41943924	-274.224303027	37.902286505
22.7	2620.64413907	-272.563507707	36.2456942045
22.75	2432.57505264	-270.035030351	33.6445418792
22.8	2666.78804789	-273.171028297	36.88390295
22.85	2638.68175987	-272.751637984	36.4951695444
22.9	2834.71299416	-275.688651308	39.2064450156
22.95	2301.26706858	-268.104172797	31.8284429416
23.0	2467.96987904	-270.449762289	34.1340818495
23.05	2535.11818775	-271.388367467	35.0627989643
23.1	2436.50291962	-269.975817667	33.6988675556
23.15	2440.44849462	-269.935824909	33.7534381487
23.2	2552.34115184	-271.589527149	35.3010069226
23.25	2302.75180756	-268.086575918	31.84897812
23.3	2688.98350203	-273.601610057	37.1908845929
23.35	2646.51054807	-272.986602642	36.603448215
23.4	2728.12654278	-274.131693439	37.7322654941
23.45	2551.19204372	-271.631240095	35.2851137989
23.5	2694.86216932	-273.725072893	37.2721914647
23.55	2621.67301754	-272.639028356	36.2599244518
23.6	2502.00345095	-270.969840688	34.6047945349
23.65	2415.23758318	-269.65338952	33.4047502162
23.7	2694.91746257	-273.609836545	37.2729562164
23.75	2680.47483896	-273.404381247	37.0732026861
23.8	2797.05374757	-275.17089931	38.6855862254
23.85	2456.71836934	-270.206425763	33.9784640861
23.9	2557.32662029	-271.654669554	35.3699601094
23.95	2698.18939113	-273.73273701	37.3182097175
24.0	2648.3712239	-272.937599941	36.6291829135
24.05	2490.10484411	-270.581535112	34.4402268783
24.1	2762.67300724	-274.569723071	38.2100719112
24.15	2776.11536614	-274.853363948	38.3959909464
24.2	2738.48548069	-274.29886842	37.8755382452
24.25	2413.30419048	-269.623597248	33.3780097826
24.3	2672.60012673	-273.293136854	36.9642888479
24.35	2334.60813016	-268.453931983	32.2895776315
24.4	2654.27965847	-273.142590952	36.7109014916
24.45	2561.9062231	-271.829139095	35.4332998359
24.5	2526.60883814	-271.321166638	34.945107562
24.55	2489.14990053	-270.753956517	34.427019212
24.6	2490.33690951	-270.878482813	34.4434365363
24.65	2535.87756195	-271.569933594	35.0733017429
24.7	2670.99158452	-273.295796979	36.9420413676
24.75	2682.86022415	-273.515723288	37.1061945528
24.8	2648.0085568	-273.01662546	36.6241669252
24.85	2511.92905847	-271.02906509	34.7420739654
24.9	2874.77497394	-276.121912159	39.7605356097
24.95	2465.13167817	-270.383243819	34.0948271643
25.0	2525.28102858	-271.289764142	34.9267428483
25.05	2261.56371623	-267.522909344	31.2793124638
25.1	2416.95639999	-269.619173488	33.4285228863
25.15	2805.00281506	-275.174594186	38.7955284586
25.2	2364.17372465	-268.89311351	32.6984944626
25.25	2387.27694926	-269.302108641	33.0180313284
25.3	2586.65599179	-272.078635736	35.7756097797
25.35	2664.28456306	-273.179273912	36.8492776667
25.4	2731.99670757	-274.127797482	37.7857931009
25.45	2666.14796652	-273.259768288	36.8750500907
25.5	2673.46018075	-273.324651965	36.9761841124
25.55	2568.74569042	-271.782837626	35.5278953735
25.6	2442.62914255	-270.103376582	33.7835983283
25.65	2557.01332828	-271.71720356	35.3656270197
25.7	2722.6333497	-274.075430581	37.6562900521
25.75	2612.64663451	-272.474170785	36.1350820461
25.8	2621.29278362	-272.557174272	36.2546654996
25.85	2307.69125115	-268.264406573	31.9172947447
25.9	2816.78645279	-275.355788386	38.9585059966
25.95	2581.8172267	-272.001507899	35.7086856226
26.0	2441.57658387	-269.927840226	33.7690405639
26.05	2916.5977352	-276.710667602	40.3389792805
26.1	2709.33961536	-273.884536874	37.4724266184
26.15	2447.32901119	-270.1823497	33.8486014316
26.2	2628.47206137	-272.698411055	36.3539608988
26.25	2574.44309336	-271.944775455	35.6066952081
26.3	2689.16332735	-273.506249881	37.1933717272
26.35	2460.32917362	-270.343104817	34.0284045208
26.4	2229.00832064	-267.004779046	30.8290441898
26.45	2409.80066628	-269.621646249	33.3295531208
26.5	2536.1854961	-271.32647676	35.0775607291
26.55	2584.19295855	-272.014202668	35.7415439756
26.6	2536.55465184	-271.407863277	35.0826664609
26.65	2519.84548089	-271.053459643	34.8515646903
26.7	2576.54025241	-271.934276963	35.6357006669
26.75	2580.25138504	-272.098642045	35.6870287264
26.8	2497.24829337	-270.880163765	34.5390267396
26.85	2838.42778629	-275.692993803	39.257823689
26.9	2562.90092231	-271.794860603	35.4470573557
26.95	2399.87214191	-269.469498862	33.1922333477
27.0	2673.54787668	-273.301222974	36.9773970203
27.05	2501.44845635	-270.814110453	34.5971184967
27.1	2558.57819621	-271.633059428	35.3872704483
27.15	2484.18755424	-270.632908793	34.358385824
27.2	2686.5569887	-273.566734249	37.1573238897
27.25	2570.57256488	-271.856131219	35.553162571
27.3	2657.21463751	-273.029475909	36.7514946997
27.35	2559.12784058	-271.792376209	35.3948724883
27.4	2459.58810563	-270.299624176	34.0181549324
27.45	2441.1018116	-269.883699733	33.7624740673
27.5	2226.58836137	-266.993631339	30.7955741348
27.55	2721.16811442	-274.037389534	37.6360246261
27.6	2875.77376234	-276.307073226	39.7743496864
27.65	2537.12590714	-271.443698123	35.0905673981
27.7	2688.69686699	-273.597921817	37.1869201913
27.75	2540.55026279	-271.420437112	35.1379290929
27.8	2728.48237594	-274.074125136	37.7371869633
27.85	2543.0812792	-271.517726369	35.1729351608
27.9	2506.97212315	-270.996105704	34.6735154157
27.95	2660.61014554	-273.211310028	36.7984574077
28.0	2730.89797261	-274.170343064	37.7705966801
28.05	2664.48630439	-273.293009021	36.8520679176
28.1	2662.54360813	-273.211668197	36.8251988081
28.15	2518.36767499	-271.123392348	34.831125402
28.2	2649.43309754	-273.018248445	36.6438695117
28.25	2317.65937137	-268.31418479	32.0551621612
28.3	2540.76913491	-271.476759497	35.1409562768
28.35	2501.30911342	-270.908618716	34.5951912678
28.4	2687.38682914	-273.493358466	37.1688012751
28.45	2641.17991496	-272.832615621	36.529721113
28.5	2592.7684864	-272.177227139	35.8601506782
28.55	2720.0983124	-273.987494613	37.6212283718
28.6	2563.78866447	-271.842824445	35.4593355701
28.65	2935.3710657	-277.102894552	40.5986300994
28.7	2459.86099512	-270.336347446	34.0219292216
28.75	2755.61737641	-274.505360384	38.112486652
28.8	2687.36020757	-273.468472248	37.1684330767
28.85	2567.07112786	-271.840265637	35.5047347765
28.9	2679.795545	-273.540490285	37.0638074839
28.95	2672.74011922	-273.356764949	36.9662250608
29.0	2382.25104	-269.122370709	32.9485188113
29.05	2557.14104256	-271.639761479	35.3673934146
29.1	2865.15096549	-276.038162216	39.627427546
29.15	2462.67937353	-270.331040233	34.0609097458
29.2	2498.78393967	-270.915751754	34.5602660087
29.25	2576.86263471	-272.036264082	35.640159483
29.3	3043.42970627	-278.654196416	42.0931712253
29.35	2217.9073932	-266.959749168	30.6755091046
29.4	2620.67276155	-272.500696651	36.2460900773
29.45	2566.43332798	-271.756692645	35.4959134722
29.5	2567.12382898	-271.762615898	35.5054636771
29.55	2461.65236388	-270.40012539	34.0467053458
29.6	2559.03703234	-271.76850186	35.3936165347
29.65	2847.28320709	-275.709454045	39.3803015446
29.7	2712.30614377	-273.907581445	37.5134561807
29.75	2540.6007004	-271.468461495	35.138626687
29.8	2624.32310323	-272.796095715	36.2965773473
29.85	2558.24268664	-271.839560041	35.3826300712
29.9	2847.50465282	-275.908003913	39.3833643238
29.95	2665.40211816	-273.277405844	36.8647343859
30.0	2722.92118685	-274.043620911	37.6602710799
30.05	2670.66083581	-273.287938811	36.9374668371
30.1	2714.91271891	-273.898737862	37.5495072888
30.15	2396.68737417	-269.395684174	33.1481853536
30.2	2502.82331988	-270.826418223	34.616134006
30.25	2664.81830751	-273.241469011	36.8566597976
30.3	2695.83882271	-273.592774437	37.2856993958
30.35	2348.9868744	-268.74541086	32.488447657
30.4	2652.60191155	-272.976941389	36.6876968524
30.45	2683.3740292	-273.39633842	37.1133009052
30.5	2629.20907393	-272.683232346	36.3641543972
30.55	2538.7796668	-271.430819775	35.1134402736
30.6	2512.31975178	-271.161770171	34.7474775798
30.65	2589.8879529	-272.044796748	35.8203104974
30.7	2490.87054362	-270.699712135	34.4508171411
30.75	2482.14107243	-270.653277482	34.3300812737
30.8	2646.04412978	-272.83231228	36.5969972609
30.85	2560.31488615	-271.690762828	35.4112903187
30.9	2393.34111845	-269.32226835	33.1019038461
30.95	2624.94173511	-272.569611148	36.3051335422
31.0	2750.77725696	-274.35598093	38.0455437631
31.05	2808.60185811	-275.166744288	38.8453062258
31.1	2581.03046559	-272.059579602	35.6978040602
31.15	2821.80271607	-275.484525541	39.0278851017
31.2	2416.82137171	-269.713041038	33.4266553325
31.25	2631.61817386	-272.72258032	36.3974742586
31.3	2622.01961763	-272.62708694	36.2647182202
31.35	2638.35007236	-272.933328143	36.4905820296
31.4	2725.32189903	-274.029104259	37.6934749317
31.45	2632.59933672	-272.67582965	36.4110445592
31.5	2620.77200923	-272.495871691	36.2474627554
31.55	2775.48920502	-274.815368098	38.3873306158
31.6	2862.96062978	-276.035192774	39.5971333762
31.65	2668.12708077	-273.246862342	36.9024228916
31.7	2715.5903956	-274.009522176	37.5588801226
31.75	2796.12562733	-275.192500728	38.6727495483
31.8	2749.78832122	-274.345291755	38.031865957
31.85	2844.93422357	-275.677243832	39.3478131433
31.9	2621.51834257	-272.655832859	36.2577851681
31.95	2675.68354632	-273.412072155	37.0069351127
32.0	2582.629735	-272.010609192	35.7199232901
32.05	2467.87486098	-270.379007013	34.1327676705
32.1	2347.34432211	-268.642122081	32.4657297889
32.15	2841.80065581	-275.749062918	39.3044732877
32.2	2492.74415083	-270.785340034	34.4767306915
32.25	2548.11732637	-271.554940089	35.2425878935
32.3	2644.52915008	-272.879173207	36.5760438281
32.35	2377.22663529	-269.152718673	32.8790271036
32.4	2684.95062404	-273.507289376	37.1351065267
32.45	2942.89367558	-277.108342207	40.7026740681
32.5	2622.44901608	-272.619321059	36.2706571589
32.55	2814.38022981	-275.371235959	38.925225926
32.6	2727.46110048	-274.015826494	37.7230618719
32.65	2578.80372891	-272.009593641	35.6670064347
32.7	2413.36643952	-269.754988809	33.3788707388
32.75	2481.47026721	-270.519269016	34.320803478
32.8	2717.82684397	-273.913082802	37.589812069
32.85	2709.74232179	-273.83674106	37.4779963842
32.9	2933.21974886	-276.935911137	40.568875593
32.95	2814.58382748	-275.22020514	38.9280418516
33.0	2517.37877855	-271.156688995	34.8174481396
33.05	2596.91168087	-272.361678089	35.9174545134
33.1	2381.99740711	-269.255890141	32.945010857
33.15	2527.00844635	-271.234107195	34.9506344769
33.2	2936.92387121	-277.069691863	40.6201066946
33.25	2804.56931558	-275.157375795	38.7895327993
33.3	2517.54260488	-271.163412811	34.8197139943
33.35	2619.84853429	-272.575558039	36.2346903268
33.4	2651.91194485	-273.031325441	36.6781540375
33.45	2558.47415573	-271.719796014	35.3858314817
33.5	2723.81446722	-274.063134518	37.6726258924
33.55	2641.01387963	-272.893532719	36.5274247059
33.6	2578.98566135	-271.846954057	35.6695227122
33.65	2758.57113463	-274.504328743	38.1533395918
33.7	2553.12365441	-271.681356871	35.3118295858
33.75	2553.42556724	-271.701725914	35.3160052921
33.8	2770.15806431	-274.71954868	38.3135964933
33.85	2575.2461925	-271.974257047	35.617802739
33.9	2812.76164314	-275.302084254	38.9028395222
33.95	2544.81542561	-271.524730107	35.1969198521
34.0	2286.65193337	-267.836222948	31.6263034318
34.05	2383.86683042	-269.32287573	32.9708665405
34.1	2459.89064347	-270.41691947	34.0223392831
34.15	2677.6869017	-273.470458536	37.0346431884
34.2	2671.21325176	-273.305723307	36.9451072104
34.25	2587.71746379	-272.184140499	35.7902908227
34.3	2651.31810628	-273.075814444	36.6699407548
34.35	2617.43457187	-272.561165928	36.2013032131
34.4	2690.15911591	-273.645716132	37.2071443134
34.45	2680.69348687	-273.46196851	37.0762267691
34.5	2384.71099268	-269.374262274	32.9825420087
34.55	2464.52301967	-270.327661592	34.0864089096
34.6	2588.2392444	-272.16700853	35.7975074838
34.65	2592.19016582	-272.25676978	35.8521520222
34.7	2571.37724543	-271.838951965	35.5642919741
34.75	2620.42072934	-272.623065959	36.2426042616
34.8	2322.72279444	-268.338841902	32.1251935255
34.85	2579.06508333	-272.050513728	35.6706211844
34.9	2434.73726339	-270.107183405	33.6744470572
34.95	2839.84255898	-275.766721282	39.2773911754
35.0	2503.61832941	-271.023475467	34.6271296509
35.05	2425.68795963	-269.799066185	33.5492876386
35.1	2440.88626431	-269.982039531	33.7594928686
35.15	2811.77121729	-275.253522198	38.8891411067
35.2	2591.74803191	-272.21923054	35.8460369415
35.25	2700.45169166	-273.773346304	37.3494992207
35.3	2734.85875453	-274.144537467	37.8253775975
35.35	2413.29332995	-269.604205098	33.3778595723
35.4	2711.21654409	-273.837315331	37.4983861083
35.45	2473.23015719	-270.555775683	34.2068358838
35.5	2515.65022113	-271.097131399	34.7935407487
35.55	2842.69240439	-275.623015206	39.3168069143
35.6	2779.75053919	-274.765747899	38.4462684216
35.65	2750.81537124	-274.347794462	38.0460709154
35.7	2577.33973969	-271.87312576	35.6467582427
35.75	2409.42913066	-269.688085976	33.3244144733
35.8	2551.62825062	-271.701072071	35.2911469042
35.85	2789.42756748	-275.000086895	38.5801097941
35.9	2597.71414714	-272.229531605	35.9285532912
35.95	2681.53095708	-273.551507464	37.0878096805
36.0	2579.67315265	-271.968200686	35.6790312902
36.05	2745.55886813	-274.425136645	37.9733690931
36.1	2558.63213393	-271.775943171	35.3880164519
36.15	2854.67749102	-275.981272128	39.4825706586
36.2	2707.25603357	-273.795766298	37.4436089444
36.25	2615.128969	-272.469068911	36.1694148025
36.3	2471.20958999	-270.476012115	34.178889754
36.35	2507.05782381	-271.016669681	34.6747007272
36.4	2315.10058932	-268.296359725	32.0197720713
36.45	2737.49828034	-274.240811664	37.861884441
36.5	2291.58820309	-267.994948073	31.6945761592
36.55	2403.27264073	-269.568248205	33.2392650827
36.6	2529.65792901	-271.480856651	34.9872790319
36.65	2551.17539639	-271.713430533	35.2848835524
36.7	2471.78629448	-270.383136498	34.1868660582
36.75	2577.33215354	-272.016417705	35.64665332
36.8	2579.10707175	-272.004108824	35.6712019193
36.85	2656.39918105	-273.075409703	36.7402162567
36.9	2576.00747319	-271.90260778	35.6283318859
36.95	2563.5904686	-271.797925319	35.4565943559
37.0	2528.15400339	-271.257309406	34.9664784861
37.05	2418.14144913	-269.723753463	33.4449131042
37.1	2797.25929777	-275.076024116	38.688429156
37.15	2665.57823881	-273.21981424	36.8671702814
37.2	2824.40227786	-275.463218718	39.0638392094
37.25	2554.72561009	-271.655892305	35.333985969
37.3	2556.13312426	-271.779613905	35.3534530639
37.35	2759.12276523	-274.635175329	38.160969103
37.4	2587.48005511	-272.113051043	35.7870072626
37.45	2541.44363929	-271.43084619	35.1502852349
37.5	2496.42836362	-270.790535916	34.5276864273
37.55	2753.09376998	-274.586243278	38.0775830702
37.6	2445.80393793	-270.119852352	33.8275083964
37.65	2593.30444211	-272.323344723	35.8675633927
37.7	2775.82496762	-274.776232202	38.3919744926
37.75	2667.34758747	-273.140966768	36.8916418491
37.8	2713.36034367	-273.768095067	37.5280366445
37.85	2531.13987739	-271.203288681	35.007775614
37.9	2521.47786372	-271.125662217	34.8741419062
37.95	2573.43142525	-271.869915745	35.5927029944
38.0	2564.43042823	-271.868329628	35.4682116983
38.05	2521.81957818	-271.164423118	34.8788681022
38.1	2715.72271227	-273.88968913	37.5607101726
38.15	2539.70589731	-271.444562205	35.126250814
38.2	2451.43500401	-270.291933983	33.9053907369
38.25	2376.79528222	-269.364767435	32.8730611309
38.3	2664.15833961	-273.357454648	36.8475318912
38.35	2659.86849684	-273.312292252	36.7881997877
38.4	2552.69907618	-271.805954663	35.3059573148
38.45	2505.91723169	-271.050660605	34.6589253869
38.5	2476.72791417	-270.567122216	34.2552127801
38.55	2752.53624979	-274.406194988	38.0698721009
38.6	2241.01982271	-267.28429972	30.9951732817
38.65	2462.65316491	-270.537664674	34.0605472586
38.7	2495.83783979	-271.010846031	34.5195189901
38.75	2594.61225816	-272.271285983	35.8856515794
38.8	2383.18558838	-269.243357117	32.9614443949
38.85	2576.20588579	-271.968885459	35.6310760976
38.9	2620.52806409	-272.591495032	36.2440887907
38.95	2700.01807457	-273.846304559	37.3435019346
39.0	2478.38594008	-270.588203757	34.2781446613
39.05	2606.5772133	-272.360281274	36.0511368885
39.1	2871.788183	-276.140036327	39.7192257999
39.15	2752.80805747	-274.468907316	38.0736314279
39.2	2440.02543051	-270.114363696	33.7475868192
39.25	2599.32502007	-272.288645002	35.9508330074
39.3	2655.21032594	-273.000553856	36.723773399
39.35	2702.06375876	-273.619394244	37.3717954532
39.4	2632.06998006	-272.730579215	36.4037231151
39.45	2657.92755862	-273.080286277	36.7613549932
39.5	2435.77161086	-269.886235575	33.6887529454
39.55	2866.05598047	-276.073917508	39.6399446579
39.6	2565.2800093	-271.849433855	35.479962113
39.65	2616.93486261	-272.462023653	36.1943918173
39.7	2830.86841134	-275.632398164	39.1532712286
39.75	2596.87804698	-272.316591671	35.9169893287
39.8	2478.85369311	-270.57763732	34.2846140759
39.85	2701.66632183	-273.71273454	37.366298569
39.9	2531.06929125	-271.278082466	35.0067993487
39.95	2660.85520103	-273.182690603	36.8018467296
40.0	2571.47508258	-271.905537699	35.5656451436
40.05	3015.701007	-278.18541625	41.709660187
40.1	2534.68414639	-271.273012048	35.0567958103
40.15	2342.82331802	-268.724213422	32.4032005316
40.2	2465.61859667	-270.417269719	34.1015616532
40.25	2392.8736721	-269.332768655	33.0954386732
40.3	2448.72842343	-270.167671331	33.86795647
40.35	2634.43988809	-272.787379071	36.4365009198
40.4	2491.00091178	-270.803076644	34.4526202415
40.45	2769.21165568	-274.679415407	38.3005068726
40.5	2630.45336258	-272.727293583	36.381363947
40.55	2573.11461746	-271.889447601	35.5883212784
40.6	2269.12365517	-267.729775979	31.3838727247
40.65	2731.75610762	-274.052128888	37.782465403
40.7	2866.75088868	-276.002804225	39.6495558181
40.75	2549.23659338	-271.55762785	35.2580682898
40.8	2752.94703888	-274.503881359	38.0755536567
40.85	2825.20862325	-275.527351263	39.0749916387
40.9	2518.24276023	-271.057103577	34.8293977268
40.95	2698.59898642	-273.711782612	37.323874762
41.0	2476.08501869	-270.517962098	34.2463209994
41.05	2303.65326899	-268.06177774	31.8614460834
41.1	2602.11589639	-272.202437774	35.9894331546
41.15	2335.41108734	-268.544742758	32.3006831991
41.2	2677.17215701	-273.372849862	37.0275238401
41.25	2876.32787458	-276.268951522	39.7820135208
41.3	2626.54129719	-272.752000698	36.3272568198
41.35	2757.3489781	-274.55848111	38.1364361475
41.4	2228.40813862	-267.039240506	30.8207431719
41.45	2742.02412137	-274.222291999	37.9244805973
41.5	2837.88339601	-275.620702185	39.2502943174
41.55	2198.77610223	-266.596069692	30.4109073938
41.6	2494.08329609	-270.785465924	34.4952521874
41.65	2630.72672559	-272.679680821	36.3851447855
41.7	2554.29672468	-271.638447915	35.3280541261
41.75	2799.36101973	-275.175366968	38.7174977237
41.8	2581.83807119	-272.057830718	35.7089739194
41.85	2691.34075154	-273.579396314	37.2234873197
41.9	2973.05699504	-277.546309693	41.1198579342
41.95	2632.52256868	-272.748328732	36.4099827933
42.0	2848.73725135	-275.940827374	39.4004121895
42.05	2749.30329307	-274.2768981	38.0251576131
42.1	2708.96157988	-273.707207542	37.4671980725
42.15	2586.44720444	-272.03267545	35.7727220764
42.2	2495.08996866	-270.829005296	34.5091753086
42.25	2378.63600483	-269.149529958	32.8985198598
42.3	2549.84304109	-271.538648942	35.2664559674
42.35	2816.4558393	-275.367472359	38.9539333363
42.4	2620.63881477	-272.566817262	36.245620565
42.45	2523.74701322	-271.127766203	34.9055261364
42.5	2485.26948265	-270.614968829	34.3733497962
42.55	2479.69331999	-270.529794309	34.2962268158
42.6	2648.082891	-272.987908601	36.625195029
42.65	2498.69296623	-270.869892737	34.5590077701
42.7	2557.3494526	-271.645433835	35.3702758993
42.75	2816.77573975	-275.353733072	38.9583578264
42.8	2521.19706726	-271.108361473	34.870258257
42.85	2642.04663156	-272.952737036	36.5417085264
42.9	2587.76066024	-272.200402212	35.7908882657
42.95	2405.46508257	-269.588237053	33.2695883819
43.0	2867.8226218	-276.105448085	39.664378781
43.05	2691.98750965	-273.566415475	37.2324325239
43.1	2705.79103747	-273.821894141	37.4233468266
43.15	2678.69001764	-273.427455336	37.0485171185
43.2	2805.36830034	-275.271618213	38.800583425
43.25	2545.2037447	-271.634277595	35.2022906288
43.3	2810.97106001	-275.358487868	38.8780742641
43.35	2758.33227631	-274.557215928	38.1500359819
43.4	2640.425956	-272.902415994	36.5192932317
43.45	2698.09776431	-273.678067633	37.3169424421
43.5	2704.91043911	-273.853691105	37.4111674167
43.55	2661.87122037	-273.21388659	36.8158991244
43.6	2691.04093239	-273.5247156	37.2193405709
43.65	2852.88870283	-275.872401421	39.457830226
43.7	2629.7768273	-272.756093025	36.3720068998
43.75	2637.03853597	-272.846994944	36.4724423875
43.8	2762.33120927	-274.60184032	38.2053445602
43.85	2570.51769473	-271.779534472	35.5524036711
43.9	2851.51499742	-275.78405253	39.4388307344
43.95	2915.57875989	-276.840527491	40.3248860021
44.0	2486.59427099	-270.612741839	34.3916727239
44.05	2762.85415198	-274.455106263	38.2125772939
44.1	2855.93155777	-275.844681274	39.4999154477
44.15	2606.53169115	-272.419910488	36.0505072792
44.2	2627.95979257	-272.682849239	36.346875794
44.25	2474.34885734	-270.561987504	34.2223084398
44.3	2727.881058	-274.128732635	37.7288702347
44.35	2581.64661206	-272.107807169	35.7063258798
44.4	2916.48205147	-276.820615697	40.3373792781
44.45	2468.9882112	-270.396752283	34.1481662327
44.5	2793.46480995	-275.04273014	38.6359482247
44.55	2616.34859701	-272.712570839	36.1862832751
44.6	2793.71054439	-275.13639863	38.6393469369
44.65	2695.84863443	-273.728535152	37.2858351
44.7	2762.48652128	-274.638913562	38.2074926548
44.75	2809.07934665	-275.213406719	38.8519102906
44.8	2604.18830533	-272.308463717	36.0180962988
44.85	2894.4262732	-276.5074582	40.0323294688
44.9	2950.83971099	-277.250135763	40.8125743654
44.95	2861.07778506	-275.959343944	39.5710920634
45.0	2602.46774598	-272.401272351	35.994299528
45.05	2652.15065845	-273.089811108	36.6814556457
45.1	2450.64765696	-270.175052345	33.8945010705
45.15	2735.24169235	-274.166687549	37.830673947
45.2	2766.54462538	-274.652678974	38.2636196192
45.25	2656.59720732	-273.098177007	36.7429551252
45.3	2633.92051532	-272.878395141	36.4293175613
45.35	2804.90202637	-275.276815513	38.7941344671
45.4	2770.78601502	-274.72303216	38.3222815755
45.45	2584.13029047	-272.106537507	35.7406772238
45.5	2466.52146067	-270.49652763	34.1140490155
45.55	2575.72240984	-272.007701288	35.6243892221
45.6	2467.50085015	-270.412973325	34.1275947888
45.65	2566.72958744	-271.872550452	35.5000109877
45.7	2672.0723512	-273.365367492	36.9569892722
45.75	2667.65841628	-273.278803487	36.8959408708
45.8	2778.96345906	-274.874299941	38.4353824469
45.85	2780.8370342	-274.899694422	38.4612955538
45.9	2868.16283545	-276.08077997	39.6690842197
45.95	2622.81915599	-272.59474208	36.2757765026
46.0	2724.15344497	-273.98976001	37.6773142376
46.05	2712.04135848	-273.748801007	37.5097939792
46.1	2758.84831988	-274.572379128	38.157173295
46.15	2456.49284608	-270.30097651	33.9753449113
46.2	2748.75024643	-274.338192741	38.0175085168
46.25	2569.01142433	-271.844623164	35.5315706951
46.3	2396.81490137	-269.500274333	33.1499491613
46.35	2431.96604378	-270.045935842	33.6361187787
46.4	2707.43893861	-273.893786933	37.4461386738
46.45	2391.6313969	-269.339711292	33.078256971
46.5	2939.39495904	-277.074113135	40.6542839004
46.55	2440.8609605	-270.074705201	33.7591428958
46.6	2694.04408607	-273.626743435	37.260876691
46.65	2734.04505897	-274.168524529	37.8141235093
46.7	2533.55401537	-271.31953961	35.0411651558
46.75	2783.22504566	-274.874357064	38.4943237441
46.8	2367.07753016	-268.945047104	32.7386565148
46.85	2688.49208289	-273.440998942	37.1840878565
46.9	2678.26340122	-273.447516631	37.0426166576
46.95	2526.91570424	-271.291559644	34.949351776
47.0	2626.46137788	-272.729077724	36.326151469
47.05	2459.24796489	-270.362016268	34.0134505023
47.1	2709.71313913	-273.824731366	37.4775927637
47.15	2674.32230169	-273.465061313	36.988107964
47.2	2278.48835864	-267.666585503	31.5133943844
47.25	2645.02682181	-272.875022196	36.5829270432
47.3	2412.03348906	-269.588570001	33.360434922
47.35	2401.23804091	-269.417064475	33.2111248702
47.4	2623.9366652	-272.642463606	36.2912325871
47.45	2857.80583079	-275.859109884	39.5258382069
47.5	2580.95740456	-271.926439287	35.6967935652
47.55	2700.86435825	-273.788015175	37.3552067438
47.6	2649.75861124	-273.087134086	36.6483716377
47.65	2962.79123107	-277.405653936	40.9778738563
47.7	2491.61172102	-270.730254143	34.4610682427
47.75	2635.34437943	-272.767265639	36.4490107894
47.8	2296.2213252	-268.00690922	31.7586561022
47.85	2766.22142418	-274.663850346	38.2591494771
47.9	2401.77832375	-269.556859884	33.2185974325
47.95	2343.18326919	-268.673116343	32.4081789565
48.0	2738.0171828	-274.237968934	37.8690612948
48.05	2557.48151013	-271.795522438	35.3721023651
48.1	2613.69777686	-272.516039637	36.1496202215
48.15	2466.86316752	-270.382296747	34.1187751061
48.2	2719.21870869	-273.995036206	37.6090627189
48.25	2548.85838408	-271.635033656	35.2528373397
48.3	2711.58454239	-273.916141876	37.5034758317
48.35	2303.71858993	-268.09945303	31.8623495266
48.4	2489.07461624	-270.701485003	34.4259779675
48.45	2465.03875119	-270.396252146	34.0935419066
48.5	2597.69788945	-272.199699412	35.9283284337
48.55	2553.4350499	-271.610489038	35.3161364452
48.6	2717.95820473	-273.884191564	37.5916288978
48.65	2572.94476157	-271.821520305	35.5859720298
48.7	2581.25674117	-271.966086261	35.7009336403
48.75	2774.53461683	-274.735566006	38.3741278649
48.8	2540.79443364	-271.506252561	35.1413061794
48.85	2608.15413246	-272.41125168	36.0729469957
48.9	2848.76136051	-275.854765639	39.4007456392
48.95	2371.414709	-269.029746991	32.7986433155
49.0	2537.66162874	-271.385894119	35.0979768746
49.05	2587.85360665	-272.101283758	35.792173792
49.1	2781.94476497	-274.922929968	38.4766163943
49.15	2458.77995725	-270.448081571	34.0069775663
49.2	2738.25587003	-274.41557296	37.8723625383
49.25	2675.49906211	-273.39964182	37.0043835421
49.3	2633.10455243	-272.810690737	36.4180321138
49.35	2439.21742591	-269.972120487	33.7364114417
49.4	2631.19027977	-272.629702855	36.3915561265
49.45	2527.51776772	-271.116836449	34.9576788162
49.5	2719.18232626	-273.92206454	37.6085595195
49.55	2500.78377114	-270.955472074	34.5879253459
49.6	2780.2627048	-274.862103841	38.4533520992
49.65	2574.37540793	-271.869393194	35.6057590622
49.7	2699.28179085	-273.70251873	37.3333185168
49.75	2507.89151037	-270.911428478	34.6862313077
49.8	2396.8752734	-269.343348508	33.1507841568
49.85	2479.95576474	-270.586930364	34.2998566456
49.9	2523.00446206	-271.178674289	34.8952560346
49.95	2735.27688259	-274.12703985	37.8311606574
50.0	2819.23749418	-275.343929696	38.9924059434
50.05	2624.16084923	-272.729875502	36.294333239
50.1	2524.4912692	-271.147861521	34.9158198174
50.15	2374.48527488	-268.931693801	32.8411118026
50.2	2672.61401746	-273.299842775	36.9644809684
50.25	2835.30241679	-275.538123996	39.2145972221
50.3	2459.42024332	-270.211975241	34.0158332567
50.35	2454.93605145	-270.216795811	33.953813143
50.4	2733.52227234	-274.120768091	37.8068929342
50.45	2473.05203646	-270.504138329	34.2043723255
50.5	2447.70111913	-270.136163474	33.8537479947
50.55	2635.08792526	-272.813445097	36.4454638144
50.6	2631.05014937	-272.884965265	36.3896180061
50.65	2796.56417176	-275.146945954	38.6788149835
50.7	2490.24115838	-270.716477383	34.4421122183
50.75	2597.79899881	-272.211860071	35.9297268606
50.8	2630.89046001	-272.718833084	36.3874093691
50.85	2748.55167506	-274.349123763	38.0147621091
50.9	2387.76679749	-269.25663805	33.0248063379
50.95	2674.22469644	-273.3007625	36.986758002
51.0	2767.30949264	-274.634889809	38.2741983713
51.05	2675.87479333	-273.417410745	37.0095802182
51.1	2890.58982004	-276.404988898	39.9792681217
51.15	2588.71490505	-272.127227802	35.8040862672
51.2	2544.76699307	-271.508607678	35.1962499896
51.25	2592.06145131	-272.158920961	35.8503717933
51.3	2537.10480356	-271.330074998	35.090275518
51.35	2489.60664828	-270.709385672	34.4333364144
51.4	2591.15339735	-272.086716426	35.8378126495
51.45	2330.03827652	-268.527914139	32.2263727442
51.5	2681.31652774	-273.555901036	37.0848439438
51.55	2771.20236369	-274.747515978	38.3280400248
51.6	2456.62153702	-270.260648851	33.9771248142
51.65	2741.07580908	-274.356504736	37.9113646473
51.7	2424.40476619	-269.89615026	33.5315400031
51.75	3045.84930615	-278.598838741	42.1266363097
51.8	2646.00965001	-272.875591926	36.596520377
51.85	2542.85698065	-271.499123141	35.1698329248
51.9	2619.09362287	-272.632942195	36.2242492723
51.95	2604.54008568	-272.345543082	36.0229617144
52.0	2568.57149108	-271.87816119	35.5254860513
52.05	2606.34210963	-272.380675749	36.0478852087
52.1	2486.96609588	-270.625061268	34.3968153724
52.15	2680.90020895	-273.389500154	37.0790859078
52.2	2554.64024753	-271.604673261	35.3328053336
52.25	2856.64381382	-275.974411151	39.5097665429
52.3	2663.6177003	-273.343672507	36.8400543986
52.35	2603.57899874	-272.447568715	36.0096690805
52.4	2646.56830017	-272.990810706	36.6042469746
52.45	2517.48995966	-271.118845907	34.818985867
52.5	2763.40140047	-274.579769868	38.2201461971
52.55	2477.57212225	-270.546873062	34.266888882
52.6	2497.42046511	-270.871156372	34.5414080183
52.65	2663.09497678	-273.200668024	36.8328246964
52.7	2492.07567533	-270.768501381	34.4674851178
52.75	2689.92741363	-273.511019593	37.2039396777
52.8	2875.49486442	-276.166143886	39.7704922956
52.85	2284.52500773	-267.762229791	31.5968862762
52.9	2569.37195527	-271.884233648	35.5365571387
52.95	2514.56900058	-271.117620011	34.7785865666
53.0	2650.51853081	-273.044294435	36.6588819591
53.05	2668.92570933	-273.320467513	36.9134685906
53.1	2654.67963706	-273.243010244	36.7164335291
53.15	2493.36254952	-270.835874765	34.4852836612
53.2	2552.36681663	-271.554821083	35.3013618881
53.25	2625.84236313	-272.703634406	36.3175899788
53.3	2711.30710428	-273.871553774	37.4996386313
53.35	2588.96346016	-271.999332822	35.8075239917
53.4	2829.78032852	-275.54845429	39.1382221356
53.45	2648.26620335	-273.047536919	36.6277303918
53.5	2492.03356163	-270.700676411	34.4669026502
53.55	2682.42838444	-273.476629928	37.1002218494
53.6	2831.12156302	-275.602689526	39.1567725275
53.65	2525.88123922	-271.234705809	34.9350442621
53.7	2729.26538533	-274.108526183	37.7480166363
53.75	2773.93568169	-274.848309466	38.3658440925
53.8	2557.9141209	-271.711297119	35.3780857329
53.85	2704.04890985	-273.761181348	37.3992517484
53.9	2724.81117989	-274.175302659	37.6864112601
53.95	2647.86615101	-273.122319518	36.6221973343
54.0	2686.40357099	-273.607831493	37.1552019949
54.05	2308.8608244	-268.185733176	31.9334709182
54.1	2734.78009367	-274.178053518	37.8242896522
54.15	2693.44137996	-273.614611217	37.2525407629
54.2	2739.91117466	-274.263884984	37.8952567819
54.25	2555.04810507	-271.666128259	35.3384463435
54.3	2342.52730382	-268.652880447	32.3991064083
54.35	2501.25332215	-270.807324089	34.594419628
54.4	2687.70882063	-273.542769048	37.1732546861
54.45	2627.70580987	-272.921552735	36.3433630014
54.5	2514.88791809	-271.103713136	34.7829974619
54.55	2650.65608541	-273.049065695	36.660784454
54.6	2783.74926704	-274.956989579	38.5015741629
54.65	2578.96920763	-272.002495753	35.6692951435
54.7	2441.86752696	-270.076666774	33.7730645494
54.75	2446.0549264	-269.902068011	33.8309797763
54.8	2603.69769846	-272.282758387	36.0113107966
54.85	2643.01702322	-272.872526603	36.5551298525
54.9	2581.15780138	-272.033875166	35.6995652204
54.95	2671.38475081	-273.234808548	36.9474791853
55.0	2918.11403288	-276.864708966	40.359950942
55.05	2446.62462557	-270.162119043	33.8388591909
55.1	2584.73988145	-272.162685241	35.7491083755
55.15	2861.17060656	-276.07964784	39.5723758621
55.2	2431.15945689	-269.997727235	33.6249630093
55.25	2677.78278989	-273.439061736	37.0359694021
55.3	2531.63864709	-271.268321123	35.0146740149
55.35	2782.80077906	-274.792228108	38.488455783
55.4	2420.39441814	-269.63927499	33.4760735447
55.45	2591.30861947	-272.137350281	35.8399595009
55.5	2583.58441108	-272.138783057	35.7331272566
55.55	2379.14127254	-269.176214941	32.9055081337
55.6	2512.72372286	-271.038595448	34.7530648367
55.65	2469.21380709	-270.457019623	34.151286412
55.7	2391.12922225	-269.270156543	33.0713114769
55.75	2693.6858139	-273.619312376	37.2559214881
55.8	2381.91073394	-269.143154327	32.9438120948
55.85	2234.0859438	-266.99215199	30.8992719531
55.9	2730.1988425	-274.204552404	37.7609271275
55.95	2436.74803667	-270.097256637	33.7022577288
56.0	2391.35512987	-269.22456776	33.0744359676
56.05	2600.54076481	-272.300934309	35.9676477711
56.1	2646.68339951	-273.001253034	36.6058388946
56.15	2192.71283647	-266.535141633	30.3270473713
56.2	2725.8749331	-274.070768865	37.7011238541
56.25	2464.4471952	-270.458790115	34.0853601939
56.3	2672.73192629	-273.33705606	36.9661117458
56.35	2555.02411309	-271.652282994	35.3381145145
56.4	2497.31663162	-270.815228026	34.5399719145
56.45	2656.20506224	-273.210005546	36.7375314317
56.5	2544.72863169	-271.510454203	35.1957194197
56.55	2290.89845222	-267.909661859	31.6850363293
56.6	2452.52582729	-270.252338112	33.9204777327
56.65	2567.44239188	-271.890224985	35.5098696676
56.7	2492.63682924	-270.874108165	34.4752463444
56.75	2783.7541955	-274.931905391	38.5016423277
56.8	2514.13603812	-271.114349038	34.7725983347
56.85	3037.73733276	-278.385429529	42.0144409518
56.9	2679.88808617	-273.342946234	37.0650874055
56.95	2575.8863359	-271.956676876	35.6266564561
57.0	2700.80088793	-273.782297441	37.3543288964
57.05	2700.0840948	-273.711908479	37.3444150495
57.1	2612.77194131	-272.37873341	36.1368151437
57.15	2566.10550857	-271.86507871	35.4913794565
57.2	2435.92695495	-270.063406614	33.6909014839
57.25	2715.89121026	-273.914978472	37.5630406402
57.3	2464.24109457	-270.290163744	34.0825096503
57.35	2620.21549968	-272.58245401	36.2397657642
57.4	2445.60564338	-270.055532327	33.8247658173
57.45	2600.38391753	-272.282326143	35.9654784424
57.5	2653.73181964	-273.120780003	36.7033244236
57.55	2551.18031306	-271.684428581	35.2849515541
57.6	2715.43696832	-274.007905432	37.5567580954
57.65	2675.2495109	-273.468661246	37.0009320407
57.7	2551.12490425	-271.576615858	35.284185204
57.75	2457.85328762	-270.204421761	33.9941609524
57.8	2583.4517104	-272.089053002	35.7312918954
57.85	2756.69782454	-274.613323813	38.1274301508
57.9	2316.31402417	-268.301765803	32.0365548874
57.95	2580.03916275	-272.045552697	35.6840935152
58.0	2244.89723958	-267.277978426	31.0488011909
58.05	2795.63409997	-275.088419351	38.6659513149
58.1	2544.16341481	-271.514760873	35.1879019988
58.15	2403.03726117	-269.474198573	33.236009587
58.2	2677.93698798	-273.353885194	37.0381020903
58.25	2816.5903638	-275.329663185	38.9557939224
58.3	2625.16772343	-272.662469549	36.308259149
58.35	2391.34891512	-269.267556086	33.0743500124
58.4	2574.1624615	-272.023772713	35.6028138354
58.45	2563.36391005	-271.824833609	35.4534608623
58.5	2569.0082672	-271.943077862	35.5315270294
58.55	2623.98798719	-272.838850953	36.2919424129
58.6	2610.32411393	-272.537286216	36.1029596493
58.65	2620.07244766	-272.671156433	36.2377872354
58.7	2742.88678297	-274.348110435	37.9364119267
58.75	2442.96430195	-270.100908533	33.7882338624
58.8	2672.54569846	-273.293685525	36.9635360596
58.85	2671.62778991	-273.319127552	36.9508406188
58.9	2747.32852549	-274.327594838	37.9978449304
58.95	2731.36668153	-274.079477435	37.7770793154
59.0	2602.16485763	-272.334420048	35.9901103295
59.05	2273.84352228	-267.749066782	31.4491524235
59.1	2755.66072339	-274.470746762	38.1130861768
59.15	2446.33123148	-270.112384342	33.834801306
59.2	2726.93919317	-274.184152949	37.7158434585
59.25	2668.8864444	-273.333206957	36.912925524
59.3	2453.10390153	-270.319221392	33.9284729815
59.35	2526.9258746	-271.334468063	34.9494924407
59.4	2258.97009259	-267.508271631	31.2434404857
59.45	2591.85495185	-272.167232394	35.8475157335
59.5	2370.81485836	-268.948109975	32.790346881
59.55	2590.37608592	-272.096020774	35.8270617842
59.6	2329.51373987	-268.550965431	32.2191179648
59.65	2762.23018767	-274.707691177	38.2039473471
59.7	2586.97721041	-272.116133713	35.780052501
59.75	2695.22787984	-273.721433479	37.2772495463
59.8	2647.23718335	-273.02493964	36.6134981869
59.85	2635.04046798	-272.76116912	36.4448074406
59.9	2594.40877676	-272.279934586	35.882837262
59.95	2634.82224099	-272.841598748	36.4417891794
60.0	2589.96868545	-272.124489377	35.8214270958
60.05	2592.98829085	-272.176494279	35.8631907571
60.1	2580.21422159	-271.93249017	35.6865147249
60.15	2554.11428634	-271.578516775	35.3255308516
60.2	2527.49959323	-271.313572739	34.9574274478
60.25	2528.0478715	-271.325833439	34.9650105936
60.3	2576.48966754	-271.973941861	35.635001036
60.35	2547.94177373	-271.631992581	35.2401598541
60.4	2669.82777026	-273.334665619	36.9259448456
60.45	2646.34971138	-273.038413116	36.6012237094
60.5	2476.45640191	-270.652950429	34.251457539
60.55	2667.38786441	-273.2502186	36.8921989128
60.6	2442.7437157	-270.079602362	33.7851829705
60.65	2413.84264261	-269.667389607	33.3854570246
60.7	2578.87307907	-272.088700169	35.6679656053
60.75	2645.11747412	-272.917453729	36.5841808403
60.8	2509.70892923	-271.01552451	34.7113677263
60.85	2797.10521759	-275.068528015	38.6862980986
60.9	2856.46449966	-275.927110987	39.5072864785
60.95	2467.87520244	-270.489477829	34.1327723932
61.0	2447.13798572	-270.140499899	33.84595939
61.05	2495.50898818	-270.709915318	34.514970698
61.1	2996.42605957	-277.947114508	41.4430715877
61.15	2933.18155192	-277.139555403	40.5683472975
61.2	2739.90652792	-274.241952976	37.8951925136
61.25	2731.41727876	-274.086903328	37.7777791173
61.3	2421.05557776	-269.727910806	33.4852179337
61.35	2540.34800971	-271.488029164	35.1351317641
61.4	2853.79925452	-275.858546772	39.4704239153
61.45	2401.63106735	-269.4747622	33.2165607536
61.5	2739.64020941	-274.196203896	37.8915091066
61.55	2770.86369975	-274.619961217	38.3233560201
61.6	2512.25447206	-270.905061839	34.7465747069
61.65	2738.87182169	-274.210256251	37.8808816635
61.7	2617.82835405	-272.516123992	36.2067495491
61.75	2714.83378147	-273.912690144	37.5484155182
61.8	2613.40054307	-272.504401888	36.1455092303
61.85	2522.09135492	-271.242474873	34.8826270013
61.9	2438.81060204	-270.11874519	33.7307847282
61.95	2420.24671441	-269.784850226	33.4740306789
62.0	2550.96967957	-271.540299762	35.2820383172
