# 	 t 	 T	E	K
2.05	2316.62499268	-283.446579203	32.0408558412
2.1	2511.19630748	-286.140646939	34.731939408
2.15	2352.55497387	-283.952375285	32.5377974486
2.2	2387.46538047	-284.500324234	33.0206374891
2.25	2343.14442711	-283.866707214	32.4076417381
2.3	2441.4880472	-285.225374082	33.767816028
2.35	2370.81258895	-284.195581984	32.7903154931
2.4	2635.5610595	-287.925923266	36.4520076555
2.45	2363.50488702	-284.084541534	32.6892438803
2.5	2421.24830336	-284.878886863	33.4878834895
2.55	2630.67784992	-287.879936898	36.3844687942
2.6	2443.19504316	-285.23918363	33.7914252057
2.65	2579.17203397	-287.185326849	35.672100401
2.7	2362.52229729	-284.140080583	32.6756538449
2.75	2478.98416779	-285.776985485	34.2864186495
2.8	2464.53941351	-285.576626881	34.08663565
2.85	2276.81500928	-282.912231487	31.4902505671
2.9	2435.4210516	-285.085959595	33.6839044185
2.95	2654.78139546	-288.186529563	36.7178409327
3.0	2764.42638114	-289.739072514	38.2343225346
3.05	2312.46554967	-283.422769264	31.9833272752
3.1	2295.88342805	-283.128935752	31.7539827028
3.15	2528.38762434	-286.379656199	34.9697096587
3.2	2397.6872551	-284.636935898	33.1620145409
3.25	2537.57384235	-286.710899901	35.0967627156
3.3	2340.81943565	-283.827103697	32.3754851669
3.35	2568.77616093	-286.990512739	35.528316806
3.4	2752.80658664	-289.59993543	38.0736110851
3.45	2352.06059452	-283.927765168	32.53095977
3.5	2567.40129893	-286.973916797	35.5093013178
3.55	2583.00465934	-287.328257103	35.7251088064
3.6	2372.3769173	-284.244958751	32.811951459
3.65	2694.59453143	-288.81470097	37.2684898095
3.7	2410.51431788	-284.780313922	33.3394235175
3.75	2457.25875429	-285.455222641	33.9859380605
3.8	2309.17346482	-283.379488211	31.937794996
3.85	2668.18445293	-288.467674992	36.9032163963
3.9	2624.77984603	-287.836368554	36.3028944811
3.95	2584.10886922	-287.22804806	35.74038095
4.0	2504.9581758	-286.116668967	34.6456608441
4.05	2551.51855247	-286.824542498	35.2896296873
4.1	2336.23156589	-283.767713158	32.3120311016
4.15	2455.82117026	-285.408367267	33.9660550744
4.2	2488.24129292	-285.830634049	34.4144524109
4.25	2343.30097494	-283.743042074	32.4098069251
4.3	2644.85231605	-288.013619366	36.580513483
4.35	2255.45893655	-282.585711484	31.1948782691
4.4	2465.83985381	-285.583179477	34.1046218241
4.45	2420.41296391	-284.895594278	33.4763300481
4.5	2480.20914393	-285.855171444	34.3033610912
4.55	2415.29319728	-284.827736765	33.4055194056
4.6	2443.76001994	-285.222357583	33.7992393058
4.65	2409.52520978	-284.7242082	33.3257433275
4.7	2392.12445298	-284.438594938	33.0850763479
4.75	2374.7472003	-284.250318217	32.8447344498
4.8	2375.3905467	-284.251347293	32.853632467
4.85	2434.7564055	-285.076545944	33.6747118086
4.9	2247.79463769	-282.523065857	31.0888746234
4.95	2430.10362935	-285.020214984	33.6103600338
5.0	2509.37623997	-286.193074282	34.7067663563
5.05	2271.63013887	-282.829346234	31.4185394849
5.1	2485.13843806	-285.77815857	34.3715373403
5.15	2803.28174217	-290.218754425	38.7717245852
5.2	2402.3985619	-284.621988591	33.2271758434
5.25	2300.15213761	-283.192576642	31.8130225163
5.3	2503.4764294	-286.179993879	34.6251670554
5.35	2380.18767555	-284.328907548	32.9199807601
5.4	2515.97877495	-286.187473773	34.798084922
5.45	2562.30571823	-286.921269443	35.4388251868
5.5	2466.19229127	-285.593110413	34.109496328
5.55	2444.2426538	-285.191800306	33.8059145347
5.6	2590.9139868	-287.281700121	35.8345014021
5.65	2417.04484595	-284.85966247	33.4297461677
5.7	2329.31377808	-283.624763193	32.2163523264
5.75	2632.89905329	-287.864497671	36.4151898894
5.8	2136.52510855	-280.786098175	29.5499242305
5.85	2584.3540263	-287.202430594	35.7437716769
5.9	2584.16260683	-287.116721566	35.7411241859
5.95	2518.02017042	-286.184406228	34.826319124
6.0	2458.22661103	-285.471818048	33.9993243265
6.05	2079.34819869	-280.134666712	28.7591198785
6.1	2466.88613524	-285.611056509	34.1190927688
6.15	2440.21109254	-285.23216806	33.7501546799
6.2	2444.30297936	-285.179104189	33.8067488875
6.25	2572.77867248	-286.991624662	35.5836748792
6.3	2494.67282899	-285.969742586	34.5034059191
6.35	2555.52736437	-286.860196592	35.3450748994
6.4	2119.05192897	-280.69537997	29.3082555833
6.45	2490.24280973	-285.844537043	34.4421350579
6.5	2480.7415153	-285.666324743	34.3107242312
6.55	2696.2550104	-288.6976356	37.2914556186
6.6	2615.96160577	-287.645761558	36.1809308634
6.65	2087.19501199	-280.186215037	28.867647851
6.7	2582.09281827	-287.144766781	35.7124972839
6.75	2431.99021616	-285.011887843	33.6364531029
6.8	2459.59267078	-285.451039699	34.0182180723
6.85	2620.03409292	-287.696328099	36.2372567574
6.9	2287.59916338	-282.937704794	31.6394044129
6.95	2555.52035021	-286.878406222	35.3449778877
7.0	2494.2887859	-286.043148585	34.4980942829
7.05	2494.2001945	-285.910503437	34.4968689899
7.1	2286.65602079	-283.035540766	31.6263599642
7.15	2572.87821465	-287.040427498	35.5850516303
7.2	2368.17683367	-284.108385619	32.7538607992
7.25	2832.18601499	-290.665278135	39.171494786
7.3	2484.57523667	-285.734960924	34.3637477953
7.35	2530.07608521	-286.444146331	34.9930624809
7.4	2415.48445779	-284.798621464	33.408164698
7.45	2201.13301309	-281.777086462	30.4435054369
7.5	2405.35615475	-284.721290769	33.2680818194
7.55	2530.00969887	-286.443045267	34.9921443024
7.6	2561.73733577	-286.875044486	35.4309639833
7.65	2462.31618561	-285.54557245	34.0558865539
7.7	2368.97674455	-284.208104598	32.7649242338
7.75	2521.92636335	-286.389043645	34.8803450303
7.8	2370.42725118	-284.347747749	32.7849859504
7.85	2276.12215934	-282.920352559	31.4806678745
7.9	2487.95157184	-285.822926069	34.4104453268
7.95	2503.05569644	-286.04638283	34.6193479677
8.0	2443.08918722	-285.204938189	33.7899611298
8.05	2174.57947865	-281.459994587	30.0762479084
8.1	2592.52331904	-287.360484467	35.8567598091
8.15	2377.72825108	-284.210449985	32.8859648683
8.2	2437.75557262	-285.056859803	33.7161927913
8.25	2691.56107655	-288.639684541	37.2265345985
8.3	2362.14478313	-284.086868087	32.6704325092
8.35	2455.6149197	-285.4295863	33.9632024572
8.4	2418.26600574	-284.868388462	33.446635826
8.45	2557.83559997	-286.814219455	35.376999723
8.5	2648.37043245	-288.101988041	36.6291719672
8.55	2491.94560876	-285.871064826	34.4656861886
8.6	2342.83024766	-283.880753822	32.4032963742
8.65	2489.35891642	-285.960341677	34.4299100761
8.7	2497.62337017	-285.9954756	34.5442143644
8.75	2293.30370261	-283.124954451	31.7183029483
8.8	2333.89220123	-283.694707753	32.2796757373
8.85	2417.8809599	-284.846116039	33.4413103209
8.9	2825.68257046	-290.591088529	39.081546724
8.95	2647.52648422	-288.113832231	36.6174994593
9.0	2569.53551621	-287.136195367	35.538819323
9.05	2737.52717786	-289.395677398	37.8622841178
9.1	2468.6768919	-285.636090842	34.1438604271
9.15	2552.83030846	-286.916270994	35.3077723666
9.2	2317.83224414	-283.47784496	32.0575531358
9.25	2600.59609117	-287.394975349	35.9684129808
9.3	2450.07330589	-285.387412861	33.8865573162
9.35	2671.73262587	-288.438348866	36.9522905876
9.4	2601.14920118	-287.439424071	35.9760629536
9.45	2566.53747916	-286.997497201	35.49735397
9.5	2445.65002473	-285.283777649	33.8253796484
9.55	2528.28693649	-286.499914809	34.9683170618
9.6	2379.00943842	-284.39065756	32.9036847578
9.65	2438.10034546	-285.162477403	33.7209612873
9.7	2550.48030562	-286.731691807	35.2752698673
9.75	2462.14258087	-285.372984276	34.0534854555
9.8	2371.7406468	-284.134852648	32.8031513072
9.85	2621.00565636	-287.69188766	36.2506942901
9.9	2606.58624626	-287.506393637	36.0512618218
9.95	2417.73868616	-284.958251384	33.4393425565
10.0	2403.66221681	-284.733313819	33.2446532447
10.05	2590.35449472	-287.416271734	35.8267631599
10.1	2281.51678975	-282.980487997	31.5552801126
10.15	2557.8176142	-286.757831287	35.3767509648
10.2	2662.73750014	-288.274343327	36.8278804962
10.25	2626.34027028	-287.762326124	36.32447645
10.3	2463.20622788	-285.524129875	34.0681965809
10.35	2375.63289147	-284.333714621	32.8569842974
10.4	2464.80317234	-285.628601069	34.0902836547
10.45	2450.29365487	-285.46345955	33.8896049264
10.5	2623.866802	-287.762978294	36.2902663206
10.55	2627.46023014	-287.78139865	36.339966429
10.6	2501.62671629	-286.003119143	34.5995839803
10.65	2453.68397315	-285.388223645	33.9364958559
10.7	2335.89428675	-283.796826263	32.3073662499
10.75	2375.47383762	-284.260070771	32.8547844499
10.8	2425.03810078	-284.906890008	33.5402995488
10.85	2510.4957273	-286.154422969	34.7222497998
10.9	2678.28908467	-288.381945128	37.0429718812
10.95	2748.83483164	-289.538442305	38.0186784008
11.0	2355.36949712	-284.016929949	32.5767246527
11.05	2384.57372797	-284.42574754	32.9806435233
11.1	2325.36133748	-283.59062585	32.1616867764
11.15	2467.88977056	-285.639163703	34.1329738825
11.2	2541.72511202	-286.632019724	35.1541782375
11.25	2516.5517576	-286.222435312	34.8060097499
11.3	2364.70699542	-284.100526163	32.7058700422
11.35	2842.82940466	-290.849268921	39.3187017423
11.4	2373.46700793	-284.246783442	32.8270283215
11.45	2387.79460441	-284.448868818	33.0251909308
11.5	2532.67847054	-286.450865925	35.0290556404
11.55	2347.70057439	-283.821615164	32.470657055
11.6	2627.6907966	-287.797079296	36.3431553554
11.65	2479.72156649	-285.687743082	34.2966174885
11.7	2396.81106273	-284.517623779	33.1498960696
11.75	2520.49333819	-286.271591328	34.860525097
11.8	2567.38416534	-286.981196587	35.509064346
11.85	2776.38648488	-289.93958207	38.3997407447
11.9	2220.0135787	-282.03062507	30.7046394066
11.95	2654.46731158	-288.19931629	36.7134968907
12.0	2489.87734766	-285.919965832	34.4370804126
12.05	2705.94801696	-288.953567624	37.4255179838
12.1	2448.69299334	-285.248448588	33.8674664423
12.15	2405.21484278	-284.687127482	33.2661273569
12.2	2527.70175648	-286.503017147	34.9602235342
12.25	2356.79387264	-284.040410684	32.5964249541
12.3	2346.25251889	-283.893408229	32.4506292396
12.35	2573.21720808	-287.047958739	35.5897401923
12.4	2205.85359102	-281.822480807	30.5087949668
12.45	2393.85746486	-284.545968704	33.1090453476
12.5	2866.42968288	-291.171182402	39.6451132741
12.55	2391.335727	-284.457881985	33.0741676098
12.6	2510.23627414	-286.175101215	34.7186613463
12.65	2416.79396759	-284.8655799	33.4262763107
12.7	2488.86057054	-285.985398375	34.4230175369
12.75	2440.40382133	-285.218720808	33.7528202798
12.8	2333.17329032	-283.766846244	32.2697325998
12.85	2998.54705895	-293.02071673	41.4724067782
12.9	2626.32032284	-287.793459881	36.3242005602
12.95	2400.50818834	-284.673548688	33.2010304004
13.0	2340.62771244	-283.784399388	32.3728334751
13.05	2693.14905971	-288.764634174	37.2484977299
13.1	2315.85207041	-283.439161248	32.0301656816
13.15	2431.3497182	-285.084123641	33.6275944818
13.2	2729.89718026	-289.17432483	37.7567548871
13.25	2427.44689913	-284.941790275	33.573615239
13.3	2417.78774547	-284.956028595	33.4400210875
13.35	2639.84425177	-288.004622708	36.511247777
13.4	2517.26342962	-286.262177336	34.8158527675
13.45	2590.24352996	-287.269023495	35.8252284247
13.5	2535.57891455	-286.509085343	35.0691712003
13.55	2271.29576509	-282.833363817	31.4139148165
13.6	2635.34514682	-287.934809429	36.4490214031
13.65	2431.75372202	-285.03606182	33.6331821917
13.7	2224.33796539	-282.178982504	30.7644492813
13.75	2491.97944641	-285.974543268	34.4661541915
13.8	2604.23928631	-287.465579456	36.0188014083
13.85	2507.22080953	-286.037473879	34.6769549556
13.9	2706.01498888	-288.838268111	37.4264442613
13.95	2384.71574009	-284.328956483	32.9826076694
14.0	2265.47088721	-282.74894274	31.3333518972
14.05	2602.46197943	-287.549966085	35.9942197718
14.1	2301.37376121	-283.270608009	31.8299185896
14.15	2414.24606193	-284.821064131	33.3910366503
14.2	2605.53197634	-287.563645233	36.0366803896
14.25	2293.40241346	-283.195911738	31.7196682016
14.3	2317.80943333	-283.526408149	32.0572376433
14.35	2539.61920307	-286.6048761	35.1250517603
14.4	2579.21447857	-287.11045852	35.6726874452
14.45	2534.90442457	-286.464851134	35.0598424413
14.5	2527.14638168	-286.434463775	34.9525422374
14.55	2370.74457634	-284.271379469	32.789374822
14.6	2592.04299705	-287.369115887	35.8501165554
14.65	2335.93606434	-283.692643144	32.3079440687
14.7	2453.35145445	-285.378666149	33.9318968449
14.75	2562.62207602	-286.940438289	35.4432006788
14.8	2568.31563308	-287.05841655	35.5219473217
14.85	2506.33597862	-286.193479716	34.6647170061
14.9	2497.09306039	-285.983111725	34.536879738
14.95	2504.23155327	-286.088202719	34.6356110483
15.0	2451.73260307	-285.399514297	33.9095067801
15.05	2615.44707214	-287.71056043	36.1738144342
15.1	2184.91107162	-281.615515522	30.2191424564
15.15	2412.57079147	-284.762686378	33.3678662626
15.2	2801.26606673	-290.220747373	38.7438461127
15.25	2526.84785051	-286.397738483	34.9484133024
15.3	2447.75265192	-285.319538232	33.8544607363
15.35	2416.7736929	-284.85731841	33.4259958948
15.4	2448.28181282	-285.209005996	33.8617794728
15.45	2448.08638538	-285.252495444	33.8590765483
15.5	2301.34866616	-283.306432068	31.8295715041
15.55	2626.76125341	-287.934548775	36.3302989978
15.6	2544.12748082	-286.620248144	35.1874050018
15.65	2526.36955174	-286.364273672	34.9417980315
15.7	2510.36909544	-286.120118944	34.7204983756
15.75	2591.10111699	-287.292580076	35.8370895686
15.8	2538.78275366	-286.579360927	35.1134829674
15.85	2309.19951782	-283.253946622	31.9381553307
15.9	2550.5271728	-286.781260101	35.2759180795
15.95	2557.57811591	-286.820745366	35.3734385036
16.0	2501.31564056	-286.112758563	34.5952815436
16.05	2596.35096507	-287.445060236	35.9096993462
16.1	2348.76524977	-283.834184582	32.4853824035
16.15	2760.10533006	-289.704093289	38.1745587942
16.2	2337.0796593	-283.766705744	32.3237609409
16.25	2525.68186784	-286.325384728	34.9322867896
16.3	2509.56499157	-286.13022006	34.7093769484
16.35	2499.62749945	-286.108451801	34.5719331439
16.4	2747.05681941	-289.578571297	37.9940870086
16.45	2318.4465047	-283.442935155	32.0660488716
16.5	2595.43172217	-287.395189338	35.8969854502
16.55	2543.52729593	-286.666056852	35.1791039441
16.6	2466.57177189	-285.623703358	34.1147448615
16.65	2321.57890962	-283.470583389	32.1093726443
16.7	2502.93274867	-286.0147659	34.6176474975
16.75	2480.75357129	-285.777557224	34.3108909757
16.8	2656.49786012	-288.235928217	36.7415810706
16.85	2670.49451982	-288.431092126	36.9351665481
16.9	2436.32020116	-285.072543191	33.6963404069
16.95	2463.51646213	-285.528488563	34.0724873793
17.0	2428.34508705	-285.002722165	33.5860379271
17.05	2592.48986884	-287.364743635	35.856297165
17.1	2349.00296049	-283.864225229	32.488670141
17.15	2201.07583448	-281.838090236	30.442714609
17.2	2580.54314777	-287.216868876	35.6910640484
17.25	2631.63255245	-287.881693757	36.3976731264
17.3	2520.26701939	-286.308479017	34.8573949193
17.35	2418.79851798	-284.872777494	33.4540009145
17.4	2623.83481057	-287.681900686	36.2898238525
17.45	2202.03810305	-281.861996335	30.4560235859
17.5	2513.90253784	-286.222316323	34.769368831
17.55	2414.74529757	-284.801426897	33.3979414956
17.6	2555.96152494	-286.804852668	35.3510797022
17.65	2474.03912773	-285.745197539	34.218024621
17.7	2340.74821486	-283.844040137	32.3745001241
17.75	2455.47801624	-285.339700376	33.9613089681
17.8	2546.89783276	-286.636463029	35.2257212797
17.85	2568.51951332	-286.977405558	35.5247671555
17.9	2744.62082145	-289.514305811	37.9603951251
17.95	2386.48812436	-284.447958126	33.0071212221
18.0	2245.56011176	-282.505102127	31.0579692662
18.05	2492.05342418	-285.997804111	34.4671773658
18.1	2969.87018957	-292.654661355	41.0757817566
18.15	2402.88442942	-284.635576679	33.2338957965
18.2	2316.89654279	-283.444660787	32.0446116058
18.25	2502.22347175	-286.043819636	34.6078376062
18.3	2535.67816499	-286.491609635	35.0705439167
18.35	2499.64408714	-286.085090733	34.5721625655
18.4	2274.31343517	-282.947265874	31.4556517107
18.45	2462.8016433	-285.445480213	34.0626008387
18.5	2716.34198683	-289.068476036	37.5692752562
18.55	2554.52675502	-286.831501391	35.3312356375
18.6	2416.78896726	-284.897153066	33.426207152
18.65	2672.72492913	-288.427432639	36.9660149693
18.7	2614.25161315	-287.690522252	36.1572802393
18.75	2409.21900753	-284.817867116	33.3215082951
18.8	2397.79712449	-284.58143056	33.1635341261
18.85	2404.63990143	-284.676421524	33.2581754385
18.9	2574.70537159	-287.026393094	35.6103227348
18.95	2197.36585844	-281.8001147	30.3914025461
19.0	2545.46758592	-286.711854715	35.205939773
19.05	2120.23174612	-280.621721833	29.3245734386
19.1	2334.87260409	-283.74964815	32.2932355265
19.15	2428.54840674	-284.978527454	33.5888500079
19.2	2541.54125357	-286.582425548	35.1516353218
19.25	2792.39005283	-290.16968148	38.6210834372
19.3	2386.48483719	-284.463856757	33.0070757578
19.35	2911.05852297	-291.873055368	40.2623673554
19.4	2560.18050013	-286.953464515	35.4094316479
19.45	2209.66486899	-281.988837311	30.56150812
19.5	2704.32659844	-288.883179593	37.4030924133
19.55	2414.55900757	-284.881858436	33.3953649495
19.6	2349.80496948	-283.96446249	32.4997625943
19.65	2568.61710553	-287.035797562	35.5261169372
19.7	2353.1964768	-283.982966031	32.5466699692
19.75	2623.97426486	-287.758280291	36.2917526217
19.8	2305.30856148	-283.237887794	31.8843401592
19.85	2542.94000463	-286.705735347	35.1709812157
19.9	2621.33146222	-287.767942379	36.2552004568
19.95	2197.10064926	-281.669363694	30.3877344818
20.0	2561.65591205	-286.878011287	35.4298378253
20.05	2637.85605283	-287.941553488	36.4837493275
20.1	2628.73179057	-287.840678999	36.3575531702
20.15	2228.24674861	-282.207393042	30.8185110134
20.2	2649.36919239	-288.248262157	36.6429856501
20.25	2429.54466899	-285.077426149	33.6026291458
20.3	2515.67871149	-286.198210686	34.7939347941
20.35	2345.42157056	-283.835411653	32.4391365313
20.4	2325.5409653	-283.571216725	32.164171179
20.45	2494.57772596	-285.985658384	34.5020905649
20.5	2531.0028626	-286.432960848	35.0058805852
20.55	2466.20487072	-285.463783895	34.1096703123
20.6	2591.68072348	-287.257053142	35.8451060097
20.65	2430.64947394	-285.031726602	33.6179095197
20.7	2433.16963313	-285.091452621	33.6527654232
20.75	2511.00720822	-286.222470215	34.7293240076
20.8	2332.69518419	-283.681739856	32.2631199933
20.85	2223.30657	-282.109749481	30.7501842229
20.9	2383.36867196	-284.460163638	32.9639765936
20.95	2358.83881085	-284.103848296	32.6247081552
21.0	2454.92470191	-285.447425655	33.9536561694
21.05	2503.59642533	-286.090549483	34.6268266992
21.1	2300.6948938	-283.220439219	31.8205292871
21.15	2534.461825	-286.539929579	35.0537209201
21.2	2524.49058938	-286.517435196	34.9158104149
21.25	2291.58596702	-283.067026242	31.6945452324
21.3	2284.77456461	-282.943562771	31.600337856
21.35	2784.57488288	-289.926550647	38.5129931186
21.4	2866.4311722	-291.10509805	39.6451338725
21.45	2284.0777698	-282.987177027	31.5907006026
21.5	2265.7711419	-282.689008372	31.3375046701
21.55	2532.95930461	-286.471577421	35.0329398099
21.6	2338.69701948	-283.791036892	32.3461303811
21.65	2451.08738685	-285.384857037	33.9005829016
21.7	2562.70872546	-286.891421449	35.444399113
21.75	2479.54747913	-285.768949236	34.2942097152
21.8	2420.80294238	-284.937930338	33.4817237757
21.85	2340.74124225	-283.782205218	32.3744036871
21.9	2425.69349954	-284.953347929	33.5493642603
21.95	2369.03391165	-284.179760651	32.7657149025
22.0	2560.30637337	-286.936878542	35.4111725798
22.05	2225.51420968	-282.230058432	30.780717721
22.1	2396.25493291	-284.545006957	33.1422043303
22.15	2574.78654047	-287.003886647	35.6114453681
22.2	2709.72431006	-288.966600935	37.477747267
22.25	2435.55994098	-285.172403103	33.6858253745
22.3	2565.97225888	-287.052216373	35.4895365021
22.35	2528.06694817	-286.395517539	34.9652744399
22.4	2546.37920935	-286.609208987	35.2185482855
22.45	2350.51586415	-283.963946362	32.5095948605
22.5	2559.41138541	-286.92778302	35.3987941499
22.55	2591.23552014	-287.382843825	35.8389484762
22.6	2207.94344779	-282.067205903	30.5376994291
22.65	2631.99379938	-287.817350156	36.4026694728
22.7	2771.98190333	-289.829327791	38.3388217082
22.75	2463.74914397	-285.566268877	34.0757055632
22.8	2162.72641782	-281.38453467	29.912310191
22.85	2491.52826108	-285.944274196	34.4599139221
22.9	2640.64765975	-287.986986255	36.5223595795
22.95	2620.52007853	-287.716264305	36.2439783437
23.0	2182.78540837	-281.555575342	30.1897427606
23.05	2485.8323838	-285.822205427	34.3811351886
23.1	2489.01824066	-285.818198141	34.4251982462
23.15	2652.15779159	-288.159492559	36.681554303
23.2	2467.45447647	-285.547935563	34.1269534021
23.25	2442.5812651	-285.254386988	33.7829361433
23.3	2712.03567054	-289.05925658	37.5097153103
23.35	2177.05381155	-281.502009286	30.1104699962
23.4	2327.38994127	-283.592816337	32.1897440588
23.45	2486.57374369	-285.855468097	34.3913888143
23.5	2428.22281335	-285.080811086	33.5843467798
23.55	2563.36886175	-286.937445084	35.4535293484
23.6	2682.62808581	-288.665392004	37.1029838859
23.65	2593.22603605	-287.373452089	35.8664789716
23.7	2564.91746738	-286.999459227	35.4749478559
23.75	2727.0714738	-289.353783697	37.71767301
23.8	2323.7944759	-283.681964012	32.1400157739
23.85	2350.92234647	-283.902454604	32.51521685
23.9	2362.51320735	-283.971502109	32.6755281234
23.95	2774.03281881	-289.844945412	38.3671875799
24.0	2486.92235083	-285.838957234	34.3962103419
24.05	2414.89341555	-284.860200546	33.3999900908
24.1	2330.52686448	-283.705514513	32.2331303232
24.15	2609.69631866	-287.650327614	36.0942767171
24.2	2439.93520154	-285.18498172	33.7463388772
24.25	2479.17116156	-285.758851598	34.2890049292
24.3	2475.40452464	-285.693820168	34.2369091991
24.35	2677.44985513	-288.553626626	37.0313646367
24.4	2407.08504844	-284.727045004	33.291993861
24.45	2626.95978521	-287.903762204	36.3330448582
24.5	2221.53723601	-282.152318278	30.725712858
24.55	2557.02871293	-286.778799739	35.3658398022
24.6	2484.98028429	-285.751670289	34.3693499418
24.65	2560.97376632	-286.933795906	35.420403181
24.7	2671.41957815	-288.44907802	36.9479608764
24.75	2372.48889842	-284.243960542	32.8135002511
24.8	2550.90154197	-286.768185061	35.2810959174
24.85	2320.10278772	-283.500266316	32.0889566472
24.9	2370.71764181	-284.284371351	32.789002295
24.95	2489.84846419	-285.951640665	34.4366809301
25.0	2357.61633094	-283.954628175	32.6078002384
25.05	2288.64003477	-283.075104331	31.6538005324
25.1	2262.55634477	-282.693193421	31.2930413444
25.15	2709.49220708	-288.969542798	37.4745370892
25.2	2495.328641	-285.894193557	34.5124763461
25.25	2501.21722805	-286.030694409	34.5939204165
25.3	2202.08120587	-281.837534997	30.4566197339
25.35	2725.39843553	-289.218061483	37.6945334954
25.4	2443.22289747	-285.217546492	33.7918104541
25.45	2432.54179099	-285.051772642	33.6440818429
25.5	2688.53536012	-288.704718696	37.1846864165
25.55	2238.77749284	-282.203621006	30.9641599893
25.6	2460.18889045	-285.453620015	34.0264642876
25.65	2400.48182903	-284.675287977	33.2006658291
25.7	2503.56740305	-286.110669918	34.6264252969
25.75	2467.71418187	-285.596230208	34.1305453444
25.8	2370.12561168	-284.1389298	32.7808140245
25.85	2697.48085339	-288.808117114	37.3084100495
25.9	2421.81915614	-284.987420067	33.4957788596
25.95	2346.16342283	-283.942585146	32.4493969669
26.0	2436.70816549	-285.113200082	33.7017062771
26.05	2389.41126036	-284.457121536	33.047550631
26.1	2542.58380494	-286.574397163	35.1660546768
26.15	2551.79032442	-286.710348591	35.2933885199
26.2	2389.2471575	-284.460746566	33.0452809515
26.25	2358.75014074	-284.051265943	32.6234817735
26.3	2566.27558471	-287.021021878	35.4937317513
26.35	2819.63608276	-290.619112154	38.9979187559
26.4	2456.75984144	-285.422689459	33.9790376797
26.45	2329.17659033	-283.547564284	32.2144549055
26.5	2470.86800983	-285.593279809	34.1741654155
26.55	2510.69076396	-286.238817608	34.7249473195
26.6	2264.50263233	-282.776205018	31.3199601247
26.65	2596.32127232	-287.398059858	35.9092886706
26.7	2415.71359282	-284.815553719	33.4113338265
26.75	2634.1288648	-287.88904013	36.4321992082
26.8	2487.29510666	-285.801271263	34.4013658659
26.85	2502.12564813	-285.970781284	34.6064846239
26.9	2532.37671923	-286.407913873	35.0248821681
26.95	2569.37446577	-286.985999938	35.5365918609
27.0	2398.04033968	-284.555455878	33.1668979952
27.05	2516.5028953	-286.267242196	34.8053339436
27.1	2243.88678761	-282.344996949	31.0348257974
27.15	2490.66201933	-285.939374968	34.4479330763
27.2	2397.74467421	-284.556122783	33.1628086951
27.25	2569.29769472	-287.003139779	35.5355300534
27.3	2516.67375045	-286.252469522	34.8076970128
27.35	2628.28634393	-287.852670001	36.3513922717
27.4	2428.95774779	-284.983338642	33.5945115361
27.45	2284.80412069	-283.016998651	31.6007466413
27.5	2398.31740466	-284.630098841	33.1707300349
27.55	2622.02216439	-287.657902749	36.264753444
27.6	2462.18871298	-285.423804773	34.0541235011
27.65	2399.95630083	-284.680382267	33.1933973359
27.7	2699.29369076	-288.8655443	37.3334831024
27.75	2323.00171096	-283.476984101	32.1290511736
27.8	2464.90110252	-285.581356945	34.0916381107
27.85	2509.80697047	-286.146195282	34.7127237184
27.9	2529.18531881	-286.477917622	34.9807424386
27.95	2657.95592998	-288.287018954	36.7617473928
28.0	2503.65039713	-286.109115123	34.6275731743
28.05	2548.51266125	-286.629950013	35.2480557047
28.1	2597.20945019	-287.437080172	35.9215729115
28.15	2237.26822307	-282.347383048	30.9432855296
28.2	2664.4827629	-288.352827801	36.8520189359
28.25	2367.65512666	-284.10470684	32.7466451561
28.3	2640.86326114	-288.033717683	36.5253415265
28.35	2389.17603462	-284.521308202	33.0442972628
28.4	2699.85291783	-288.82756994	37.3412176792
28.45	2503.42498386	-285.974864067	34.6244555206
28.5	2591.07815253	-287.277650792	35.836771951
28.55	2580.1526564	-287.167503396	35.685663227
28.6	2386.03687985	-284.457787833	33.0008801341
28.65	2286.51148664	-283.132837932	31.6243609363
28.7	2539.67626962	-286.668615052	35.1258410383
28.75	2473.8670115	-285.719379659	34.21564411
28.8	2683.69069813	-288.673246427	37.1176807005
28.85	2373.06360398	-284.319811703	32.8214489085
28.9	2522.70705014	-286.281832726	34.8911425797
28.95	2827.11006709	-290.576708139	39.1012901929
29.0	2313.43477865	-283.396594653	31.9967325203
29.05	2444.50645939	-285.332895968	33.809563186
29.1	2304.67522376	-283.244429066	31.8755805704
29.15	2540.58276412	-286.590152811	35.1383786134
29.2	2489.26476592	-285.831955501	34.4286078962
29.25	2364.39783136	-284.03954768	32.7015940454
29.3	2478.41816115	-285.71552279	34.2785903056
29.35	2719.81943456	-289.042433804	37.6173712587
29.4	2620.78442129	-287.649557177	36.2476344245
29.45	2261.45780508	-282.591900901	31.2778476243
29.5	2491.22201645	-285.875675912	34.4556783034
29.55	2400.60414425	-284.695771117	33.2023575506
29.6	2345.81473385	-283.901050744	32.4445743074
29.65	2178.01225973	-281.575199834	30.1237261339
29.7	2460.00075068	-285.475323909	34.0238621577
29.75	2424.29276388	-284.98378998	33.5299909177
29.8	2517.54711031	-286.235293094	34.8197763082
29.85	2638.37109688	-287.97520461	36.4908728162
29.9	2344.60152916	-283.804148949	32.4277946748
29.95	2657.89682042	-288.187632072	36.7609298583
30.0	2386.34590343	-284.435509089	33.0051541879
30.05	2253.11682572	-282.552018521	31.1624849228
30.1	2415.41476168	-284.743641359	33.4072007426
30.15	2433.02863431	-285.00325688	33.650815292
30.2	2507.2093823	-286.086639338	34.6767969075
30.25	2600.09476029	-287.373010531	35.9614791567
30.3	2506.6546707	-286.097126735	34.6691247835
30.35	2593.68906781	-287.493696662	35.872883087
30.4	2518.11914881	-286.293261308	34.8276880777
30.45	2601.29339864	-287.376664557	35.9780573248
30.5	2569.23201279	-287.012107147	35.5346216174
30.55	2248.4289677	-282.505632168	31.0976479366
30.6	2370.58673689	-284.193339672	32.7871917707
30.65	2315.64578101	-283.446638297	32.0273125271
30.7	2254.64410613	-282.501298504	31.1836084848
30.75	2617.57244726	-287.617652791	36.2032101448
30.8	2471.13388781	-285.613243932	34.1778427298
30.85	2700.07646379	-288.944019952	37.3443095062
30.9	2411.18005961	-284.884493947	33.348631281
30.95	2384.88487764	-284.45619375	32.9849469827
31.0	2579.60274825	-287.19362764	35.6780575386
31.05	2413.91611749	-284.805561851	33.3864732436
31.1	2496.29965865	-285.972365868	34.5259063302
31.15	2481.81232427	-285.741436856	34.3255344124
31.2	2542.99920461	-286.551135901	35.1718000007
31.25	2418.54961196	-284.844289457	33.4505583366
31.3	2379.01502658	-284.256124743	32.9037620468
31.35	2393.6872362	-284.572486883	33.1066909433
31.4	2541.32875156	-286.579407396	35.1486962419
31.45	2345.57722593	-283.789297358	32.4412893748
31.5	2392.00432786	-284.496705329	33.0834149173
31.55	2566.20534984	-286.94667141	35.4927603445
31.6	2526.68533448	-286.440998609	34.9461655701
31.65	2351.31772031	-284.007594274	32.5206852
31.7	2470.3899171	-285.625674917	34.1675529943
31.75	2511.96015725	-286.269745185	34.7425040875
31.8	2654.67879044	-288.157820283	36.7164218197
31.85	2819.58554093	-290.487648166	38.9972197203
31.9	2267.89092436	-282.774919139	31.3668230294
31.95	2178.60322544	-281.592713225	30.1318996826
32.0	2345.85773968	-283.889987887	32.445169114
32.05	2534.3609256	-286.557484568	35.0523253972
32.1	2504.67131798	-286.030640662	34.641693361
32.15	2581.47785638	-287.153306334	35.703991848
32.2	2173.16867726	-281.390606336	30.0567353485
32.25	2520.22581165	-286.316956482	34.8568249818
32.3	2470.55869605	-285.576131025	34.169887348
32.35	2532.44072535	-286.541202431	35.0257674262
32.4	2592.35641337	-287.401705854	35.8544513645
32.45	2492.31698439	-285.890770438	34.4708226234
32.5	2449.11210872	-285.293848415	33.8732631576
32.55	2371.7333484	-284.223756255	32.8030503643
32.6	2442.95594583	-285.214002264	33.7881182903
32.65	2547.18375442	-286.65316837	35.2296758148
32.7	2388.15502709	-284.43698566	33.0301758772
32.75	2590.5265632	-287.344635964	35.8291430105
32.8	2602.67289904	-287.445900448	35.9971369659
32.85	2552.28044074	-286.627610111	35.3001672375
32.9	2256.04293936	-282.566631532	31.202955515
32.95	2427.99727658	-285.084329365	33.5812274182
33.0	2604.22205266	-287.506338109	36.0185630525
33.05	2472.82864602	-285.675208796	34.2012826493
33.1	2408.68350907	-284.754841263	33.3141019047
33.15	2400.21137944	-284.600439292	33.1969252858
33.2	2583.24150452	-287.19117469	35.7283845727
33.25	2548.51032481	-286.621265862	35.2480233897
33.3	2743.61763929	-289.404401246	37.9465202791
33.35	2448.56211731	-285.281586026	33.8656563177
33.4	2079.24731702	-280.102644926	28.7577246008
33.45	2554.94496766	-286.879384103	35.3370198671
33.5	2690.24525613	-288.741043834	37.2083357046
33.55	2706.91068526	-288.954487673	37.4388324893
33.6	2481.70831987	-285.821705563	34.3240959448
33.65	2402.24758356	-284.665259704	33.2250876871
33.7	2406.20005494	-284.652276996	33.2797536629
33.75	2559.03047423	-286.895126934	35.3935258305
33.8	2134.95844933	-280.895456396	29.5282560268
33.85	2480.19518313	-285.693244513	34.3031680017
33.9	2247.91152642	-282.449702335	31.090491292
33.95	2397.29251579	-284.57765158	33.156554967
34.0	2352.69594168	-283.947356281	32.539747151
34.05	2352.30754672	-283.934914013	32.5343753248
34.1	2469.56872855	-285.533713957	34.1561952717
34.15	2672.72092906	-288.478840952	36.9659596449
34.2	2480.44626278	-285.769279358	34.3066406426
34.25	2618.34417851	-287.69221052	36.2138838316
34.3	2604.84394277	-287.562401574	36.0271643115
34.35	2357.1561125	-283.999546132	32.6014350336
34.4	2496.67421261	-285.993900338	34.5310867238
34.45	2622.00282754	-287.714678723	36.2644859992
34.5	2560.19607143	-286.948888145	35.409647012
34.55	2398.47064217	-284.526256104	33.1728494374
34.6	2405.82721419	-284.666995176	33.2745969643
34.65	2728.27393087	-289.245658849	37.7343039942
34.7	2472.94767151	-285.65779952	34.2029288712
34.75	2769.2196574	-289.913268823	38.3006175431
34.8	2453.68897013	-285.452558328	33.9365649683
34.85	2236.107238	-282.286426386	30.9272281377
34.9	2592.53652994	-287.298132118	35.8569425269
34.95	2604.49515104	-287.444645366	36.0223402308
35.0	2453.84293562	-285.331392617	33.9386944394
35.05	2699.12939244	-288.866493299	37.3312107196
35.1	2528.92480041	-286.477082085	34.9771392518
35.15	2518.32100611	-286.285385749	34.8304799325
35.2	2400.98724238	-284.525934866	33.2076561173
35.25	2526.82248119	-286.346373784	34.9480624236
35.3	2397.59526107	-284.53867305	33.1607421867
35.35	2472.1841348	-285.62520546	34.1923685216
35.4	2549.69680002	-286.681156502	35.2644333314
35.45	2446.51698677	-285.313563466	33.8373704565
35.5	2541.27453059	-286.67093562	35.1479463205
35.55	2458.575893	-285.391777683	34.0041551875
35.6	2543.53014525	-286.598979073	35.1791433527
35.65	2348.90331431	-283.883850086	32.4872919513
35.7	2515.17211584	-286.279628452	34.7869281537
35.75	2386.93150082	-284.466908922	33.0132534884
35.8	2575.99877721	-287.139892492	35.6282116133
35.85	2546.94971101	-286.674678284	35.2264387993
35.9	2682.93091993	-288.536925836	37.1071723343
35.95	2359.60897064	-284.097729963	32.6353601074
36.0	2354.42561008	-284.012684164	32.5636699077
36.05	2533.79159819	-286.458802354	35.0444511244
36.1	2774.38425007	-289.936176116	38.3720481673
36.15	2182.61040883	-281.547708218	30.1873223711
36.2	2697.3379099	-288.853192997	37.3064330219
36.25	2273.79006128	-282.943405571	31.4484130133
36.3	2694.78189172	-288.720351968	37.2710811586
36.35	2738.78081649	-289.295600627	37.8796229857
36.4	2309.01781189	-283.336025754	31.9356421861
36.45	2290.60478524	-283.041258024	31.68097467
36.5	2655.64505803	-288.199435353	36.7297861064
36.55	2562.72490604	-286.885170739	35.4446229038
36.6	2459.0546577	-285.515454759	34.0107769027
36.65	2401.01882515	-284.698161614	33.2080929334
36.7	2323.93231115	-283.530451868	32.1419221504
36.75	2382.95545343	-284.329986053	32.9582614366
36.8	2695.63268803	-288.714295743	37.2828483811
36.85	2178.11597195	-281.496244277	30.1251605604
36.9	2368.11660472	-284.190382276	32.7530277826
36.95	2388.59377548	-284.489319407	33.0362441333
37.0	2383.12972815	-284.396725611	32.9606718013
37.05	2280.94596561	-282.970589177	31.5473851385
37.1	2383.77100039	-284.379539885	32.9695411313
37.15	2309.24509279	-283.314529534	31.9387856705
37.2	2309.11320354	-283.285938293	31.9369615322
37.25	2393.17457741	-284.550895644	33.0996004445
37.3	2356.60253395	-283.964175043	32.5937785805
37.35	2354.23773014	-283.942674006	32.5610713713
37.4	2341.44172984	-283.8098216	32.3840920146
37.45	2260.96728664	-282.69599705	31.2710633451
37.5	2440.32213521	-285.274741535	33.7516904927
37.55	2409.96801766	-284.78958172	33.33186773
37.6	2696.81802299	-288.783745246	37.2992425523
37.65	2564.67887615	-286.885534184	35.4716479402
37.7	2405.47109447	-284.700262838	33.2696715315
37.75	2537.74680225	-286.595663658	35.0991548953
37.8	2281.53522068	-282.971398941	31.5555350276
37.85	2279.38115014	-282.982290989	31.5257424354
37.9	2420.39649119	-284.886795276	33.4761022168
37.95	2450.17172508	-285.356197408	33.8879185357
38.0	2461.260636	-285.394196685	34.0412874224
38.05	2576.56486442	-287.003882254	35.6360410715
38.1	2633.24073017	-287.875390498	36.4199155656
38.15	2573.52224363	-287.04714844	35.5939590883
38.2	2387.3561034	-284.49152004	33.0191260961
38.25	2421.08811805	-284.900809164	33.4856679931
38.3	2279.55100915	-282.892596849	31.5280917273
38.35	2433.50220388	-285.116914534	33.6573651541
38.4	2463.26779667	-285.513924964	34.0690481286
38.45	2398.19614761	-284.622306713	33.1690529487
38.5	2709.11363403	-289.009708202	37.4693011082
38.55	2515.89346448	-286.293455329	34.7969050071
38.6	2486.64477192	-285.82456115	34.392371194
38.65	2535.62547324	-286.48149596	35.0698151458
38.7	2483.39320592	-285.788350277	34.3473993241
38.75	2463.32657816	-285.461564241	34.0698611256
38.8	2748.47915355	-289.473659254	38.0137590762
38.85	2375.62593712	-284.187485889	32.8568881128
38.9	2572.50743731	-287.032729794	35.5799234705
38.95	2334.88834673	-283.735819385	32.2934532604
39.0	2318.7945505	-283.449768788	32.0708626355
39.05	2475.27143705	-285.642937364	34.2350684867
39.1	2485.97452107	-285.815245662	34.3831010656
39.15	2529.07058641	-286.558401984	34.9791555939
39.2	2188.71165255	-281.67043977	30.2717076605
39.25	2511.06488739	-286.122229922	34.7301217587
39.3	2476.00664147	-285.67877892	34.2452369771
39.35	2587.78535103	-287.309054218	35.7912297599
39.4	2577.92992897	-287.170456426	35.6549210528
39.45	2762.11699104	-289.688846896	38.2023817433
39.5	2501.67394569	-286.047832116	34.6002372024
39.55	2084.2710044	-280.21787544	28.8272063873
39.6	2228.96977373	-282.28763608	30.8285110539
39.65	2336.25806744	-283.691836981	32.3123976402
39.7	2494.74974827	-285.897404162	34.5044697768
39.75	2464.89802263	-285.50884162	34.0915955132
39.8	2520.14412528	-286.3661479	34.8556951912
39.85	2341.23361205	-283.838792185	32.3812135721
39.9	2620.53234887	-287.666948716	36.2441480528
39.95	2546.96863141	-286.587619805	35.2267004841
40.0	2536.21930204	-286.496037803	35.0780282933
40.05	2159.7905923	-281.295275536	29.8717052754
40.1	2408.6321496	-284.784549466	33.3133915604
40.15	2556.83450696	-286.887054793	35.3631537717
40.2	2401.38730275	-284.611177017	33.2131892859
40.25	2169.35215917	-281.3032912	30.0039497202
40.3	2293.17728561	-283.163810353	31.7165544957
40.35	2513.17896763	-286.164004211	34.7593612516
40.4	2265.02304201	-282.714805644	31.3271578247
40.45	2398.03787911	-284.623504257	33.1668639634
40.5	2240.18483713	-282.325855518	30.9836247346
40.55	2310.42221106	-283.455429423	31.955066198
40.6	2422.24639343	-284.976146878	33.5016879077
40.65	2437.73344142	-285.031481762	33.7158866984
40.7	2555.86552189	-286.619173983	35.3497518999
40.75	2443.31152996	-285.187976198	33.7930363153
40.8	2362.56914855	-284.14894378	32.6763018369
40.85	2465.94377554	-285.696693544	34.1060591482
40.9	2406.79599757	-284.745506456	33.2879960464
40.95	2184.23824836	-281.617320035	30.2098367494
41.0	2413.29980049	-284.825637353	33.3779490653
41.05	2391.55137828	-284.534857688	33.0771502468
41.1	2213.63681465	-281.967482247	30.6164434412
41.15	2641.67010912	-288.121522368	36.5365009071
41.2	2388.70773532	-284.518170066	33.0378202929
41.25	2493.60139739	-285.950745976	34.4885871264
41.3	2627.34401164	-287.884341309	36.3383590302
41.35	2563.77742729	-286.945833772	35.4591801506
41.4	2470.16149838	-285.5396029	34.1643937729
41.45	2470.49919034	-285.645989152	34.1690643344
41.5	2226.35058626	-282.134738353	30.7922855067
41.55	2462.79385291	-285.501909937	34.062493091
41.6	2598.70713043	-287.378124271	35.9422870783
41.65	2588.77385202	-287.292569322	35.804901553
41.7	2489.0149652	-285.876872864	34.4251529438
41.75	2402.45185948	-284.6903578	33.2279129933
41.8	2509.763747	-286.115501239	34.7121259018
41.85	2300.23729257	-283.199007095	31.8142002805
41.9	2489.55104829	-285.933979738	34.4325674201
41.95	2632.38347288	-287.885270689	36.4080589823
42.0	2760.99726806	-289.683929445	38.1868950406
42.05	2329.51653492	-283.582719508	32.2191566227
42.1	2346.32455504	-283.896878532	32.4516255597
42.15	2487.57237038	-285.917452055	34.4052006544
42.2	2618.14282518	-287.754837768	36.2110989471
42.25	2606.12008671	-287.621299103	36.0448144465
42.3	2485.85843529	-285.853569529	34.3814955026
42.35	2420.3596385	-284.821231557	33.4755925134
42.4	2694.61131636	-288.757751136	37.268721959
42.45	2571.0829196	-287.080425509	35.5602212024
42.5	2444.70075717	-285.284790118	33.8122504863
42.55	2567.12848936	-287.047395552	35.505528134
42.6	2456.71892748	-285.408081661	33.9784718056
42.65	2649.20961094	-288.052031629	36.6407785055
42.7	2335.02932516	-283.637337274	32.2954031097
42.75	2488.18095038	-285.919539119	34.4136178233
42.8	2639.73744539	-288.077752681	36.5097705557
42.85	2296.52483755	-283.179913082	31.7628539311
42.9	2410.15960565	-284.730699115	33.3345175515
42.95	2531.65284852	-286.384038211	35.0148704325
43.0	2462.86717506	-285.368760602	34.0635071976
43.05	2594.50608117	-287.333333099	35.8841830632
43.1	2503.06819459	-286.047979493	34.6195208275
43.15	2557.19494323	-286.810478298	35.3681389058
43.2	2180.2896435	-281.546270343	30.1552242509
43.25	2332.1190483	-283.665824761	32.2551515533
43.3	2450.86140799	-285.354526214	33.8974574254
43.35	2473.33150574	-285.667638467	34.2082376186
43.4	2602.22136169	-287.495658534	35.9908918277
43.45	2473.39840475	-285.621958708	34.2091628878
43.5	2491.43243406	-285.851601807	34.4585885545
43.55	2322.95275881	-283.606467095	32.1283741246
43.6	2706.66211997	-288.8942941	37.4353946241
43.65	2465.44423772	-285.479310741	34.0991501236
43.7	2478.5273968	-285.679987219	34.2801011257
43.75	2587.69189875	-287.233123978	35.7899372369
43.8	2525.4177808	-286.40447715	34.9286342455
43.85	2470.29564223	-285.686398385	34.1662490942
43.9	2402.8626463	-284.64869925	33.2335945178
43.95	2323.33888094	-283.537307816	32.1337145155
44.0	2532.3011591	-286.506057921	35.0238371085
44.05	2393.54409671	-284.532112122	33.1047112047
44.1	2277.9909646	-282.928958551	31.50651501
44.15	2567.48087575	-287.051030263	35.5104019317
44.2	2680.27420063	-288.632947503	37.0704276906
44.25	2342.67526265	-283.796039548	32.4011528022
44.3	2463.45339158	-285.442274706	34.071615061
44.35	2517.03146594	-286.210414148	34.8126445164
44.4	2654.87279951	-288.181174399	36.7191051269
44.45	2492.90792223	-285.84735827	34.4789957866
44.5	2482.45904021	-285.751313715	34.3344790333
44.55	2399.24756807	-284.573471824	33.1835949706
44.6	2585.20328356	-287.259355012	35.7555176131
44.65	2530.96871625	-286.477248444	35.0054083127
44.7	2669.79790776	-288.499464997	36.9255318224
44.75	2712.50597719	-288.982488337	37.5162200435
44.8	2587.34446686	-287.189702661	35.7851319641
44.85	2384.91821739	-284.41514041	32.9854080993
44.9	2316.47991944	-283.456321018	32.0388493573
44.95	2445.10628327	-285.255287081	33.8178592505
45.0	2478.47178088	-285.760561571	34.2793319111
45.05	2483.63883942	-285.834330105	34.3507966403
45.1	2347.41184585	-283.849726497	32.4666636986
45.15	2402.6204552	-284.708097241	33.2302448128
45.2	2436.68926466	-285.129409164	33.7014448629
45.25	2545.20313357	-286.646534479	35.2022821764
45.3	2495.63018682	-285.919231817	34.5166469764
45.35	2448.94495671	-285.364837722	33.8709513058
45.4	2558.78006479	-286.919896578	35.3900624591
45.45	2312.69342985	-283.449693855	31.9864790482
45.5	2443.79988353	-285.198596699	33.7997906525
45.55	2535.8951012	-286.534106352	35.0735443254
45.6	2407.89932492	-284.775470007	33.303255984
45.65	2616.8619306	-287.639932726	36.1933831067
45.7	2626.49993572	-287.795585698	36.3266847562
45.75	2519.6584451	-286.262684154	34.8489778293
45.8	2386.06794855	-284.47512868	33.0013098401
45.85	2417.67965573	-284.892761107	33.4385261163
45.9	2363.91740499	-284.151534068	32.694949348
45.95	2516.11671014	-286.289289093	34.7999926807
46.0	2357.34818931	-284.075257327	32.604091616
46.05	2703.77798999	-288.857897932	37.3955047009
46.1	2605.90402284	-287.419382787	36.041826103
46.15	2383.85679883	-284.436560806	32.9707277953
46.2	2383.26327527	-284.392375025	32.9625188694
46.25	2704.03692683	-288.840077094	37.3990860133
46.3	2526.9854982	-286.389606227	34.9503170848
46.35	2236.85687487	-282.280084271	30.937596241
46.4	2330.05350363	-283.561189526	32.2265833478
46.45	2406.46845888	-284.769229383	33.2834659132
46.5	2329.20235562	-283.713247439	32.2148112609
46.55	2872.78236393	-291.313761138	39.7329761515
46.6	2516.63074607	-286.189322146	34.8071022264
46.65	2507.6958838	-286.231265987	34.683525629
46.7	2554.56500855	-286.841886241	35.3317647158
46.75	2502.79247523	-285.957277894	34.6157073988
46.8	2688.71174252	-288.775349005	37.1871259323
46.85	2240.05542956	-282.390325702	30.9818349201
46.9	2591.17653083	-287.343923104	35.8381326049
46.95	2264.01733108	-282.690140784	31.3132480037
47.0	2576.57406387	-287.007304578	35.6361683075
47.05	2547.90643042	-286.61927511	35.2396710265
47.1	2458.97801305	-285.457247853	34.0097168431
47.15	2376.71035073	-284.330494466	32.8718864576
47.2	2453.86863073	-285.262361213	33.9390498242
47.25	2290.14862581	-283.068575122	31.6746656047
47.3	2526.87243987	-286.386210593	34.9487533938
47.35	2661.33496943	-288.206615121	36.8084823268
47.4	2405.15170909	-284.716088181	33.2652541653
47.45	2427.97904556	-284.989956523	33.5809752679
47.5	2327.95668814	-283.571685735	32.1975826408
47.55	2450.45439268	-285.326348238	33.8918280643
47.6	2262.97698296	-282.69130361	31.2988591215
47.65	2669.70448446	-288.393351099	36.9242397002
47.7	2641.9342538	-287.982207633	36.5401542483
47.75	2379.32006786	-284.421574274	32.9079810221
47.8	2527.60180214	-286.534273528	34.9588410823
47.85	2567.73599671	-287.028533406	35.5139304674
47.9	2421.12207511	-284.878117586	33.4861376476
47.95	2375.65883245	-284.215642543	32.8573430826
48.0	2578.05123567	-287.010896669	35.6565988256
48.05	2442.06682898	-285.132490891	33.7758210626
48.1	2417.94829404	-284.92607255	33.4422416082
48.15	2422.44703986	-284.995401912	33.5044630152
48.2	2532.92616417	-286.456941398	35.0324814499
48.25	2406.43775445	-284.667867395	33.2830412453
48.3	2569.00959913	-286.986751239	35.531545451
48.35	2370.3880434	-284.27441007	32.784443674
48.4	2658.90461692	-288.278521708	36.7748685245
48.45	2412.80075326	-284.752926534	33.3710468259
48.5	2382.04487067	-284.330190004	32.9456673175
48.55	2423.61250316	-284.954174417	33.5205823447
48.6	2377.48210908	-284.284694562	32.8825605192
48.65	2387.25803286	-284.457331854	33.0177696987
48.7	2457.60168314	-285.443549179	33.9906810526
48.75	2542.72665037	-286.656222262	35.1680303482
48.8	2445.31555818	-285.252796767	33.8207536971
48.85	2512.81974228	-286.163093866	34.7543928654
48.9	2565.87625899	-286.917079613	35.4882087436
48.95	2454.72798714	-285.396025623	33.95093544
49.0	2427.60765529	-284.998078677	33.5758386307
49.05	2297.1393413	-283.19581245	31.7713530305
49.1	2405.31621554	-284.651427373	33.2675294267
49.15	2348.34806796	-283.866591288	32.4796124312
49.2	2586.94519977	-287.243404774	35.7796097671
49.25	2512.37719182	-286.169772067	34.7482720234
49.3	2417.52892452	-284.880991949	33.4364413779
49.35	2154.71786944	-281.220178257	29.8015452874
49.4	2638.91845884	-288.009925671	36.4984432887
49.45	2264.0807477	-282.664715292	31.3141251083
49.5	2254.44868323	-282.529368835	31.1809056231
49.55	2475.50735108	-285.684384747	34.2383313745
49.6	2740.44076875	-289.45265247	37.90258151
49.65	2314.50519183	-283.388367265	32.0115372274
49.7	2534.17734695	-286.602472873	35.0497863514
49.75	2632.09238322	-287.854639969	36.4040329695
49.8	2383.00870738	-284.307778167	32.9589979832
49.85	2619.90225542	-287.678698019	36.2354333348
49.9	2419.32689058	-284.948648674	33.4613087483
49.95	2316.86959802	-283.479221618	32.0442389371
50.0	2664.32168869	-288.372399135	36.8497911453
50.05	2611.52018757	-287.559551798	36.1195023454
50.1	2382.65428152	-284.283815626	32.954095978
50.15	2656.70454679	-288.196485916	36.7444397196
50.2	2251.81000007	-282.60362094	31.1444104342
50.25	2244.54399347	-282.483198432	31.0439155026
50.3	2480.1105459	-285.790889107	34.3019973982
50.35	2456.44146676	-285.465864688	33.9746342924
50.4	2499.73428245	-286.047462481	34.5734100419
50.45	2404.04445429	-284.673803246	33.2499399079
50.5	2494.00892903	-285.933388662	34.494223629
50.55	2659.09967995	-288.32314078	36.7775664088
50.6	2336.61223918	-283.766824019	32.3172961308
50.65	2568.45748222	-287.020243495	35.5239092137
50.7	2602.76035741	-287.417423477	35.998346588
50.75	2722.89552893	-289.165506425	37.6599162095
50.8	2667.50148813	-288.382039588	36.8937704236
50.85	2311.19763476	-283.456932101	31.9657909545
50.9	2100.47895642	-280.426181252	29.0513758821
50.95	2554.35050272	-286.793802366	35.3287979212
51.0	2337.24286076	-283.686290173	32.3260181532
51.05	2546.1257529	-286.570781073	35.2150427714
51.1	2567.52155953	-287.002393756	35.5109646223
51.15	2470.0803871	-285.638048458	34.1632719363
51.2	2307.93842718	-283.358778633	31.9207133953
51.25	2610.60862136	-287.639672704	36.1068946243
51.3	2440.83476242	-285.200882083	33.7587805545
51.35	2293.58785169	-283.123063444	31.7222329671
51.4	2487.19210761	-285.881596894	34.3999413031
51.45	2202.13717812	-281.813342268	30.4573938767
51.5	2247.6526377	-282.433221586	31.0869106451
51.55	2326.05119585	-283.539645202	32.171228093
51.6	2451.64942418	-285.288858361	33.9083563466
51.65	2354.77830711	-283.983109227	32.5685480017
51.7	2683.66829651	-288.624234729	37.1173708675
51.75	2306.17082048	-283.241518811	31.8962659204
51.8	2389.27926248	-284.399965528	33.0457249902
51.85	2719.0534211	-289.061684806	37.6067766537
51.9	2616.59551331	-287.646301581	36.1896983335
51.95	2418.0462197	-284.88106292	33.4435960017
52.0	2365.54438806	-284.139493308	32.7174518808
52.05	2329.8252718	-283.661288009	32.2234267112
52.1	2456.79022207	-285.482964044	33.9794578692
52.15	2552.40486576	-286.830635546	35.3018881393
52.2	2375.71106341	-284.237066887	32.8580654805
52.25	2532.92226389	-286.437074194	35.0324275058
52.3	2636.32361218	-287.880628898	36.4625543951
52.35	2676.85106089	-288.515248583	37.0230828129
52.4	2253.38265313	-282.550334206	31.1661615377
52.45	2617.21023726	-287.655696909	36.1982004784
52.5	2550.43027293	-286.695440734	35.2745778735
52.55	2550.86896163	-286.840335486	35.2806453041
52.6	2414.00002749	-284.905138225	33.3876337888
52.65	2426.99035483	-284.872316012	33.5673008506
52.7	2656.40046006	-288.134817824	36.7402339465
52.75	2544.71158045	-286.666645175	35.1954835868
52.8	2309.2026172	-283.384755151	31.9381981977
52.85	2349.54956124	-283.898687767	32.4962300853
52.9	2531.29712139	-286.402600807	35.0099504296
52.95	2641.7733209	-288.001785469	36.5379284121
53.0	2588.82823026	-287.265352102	35.8056536494
53.05	2503.29758251	-286.063370668	34.6226934538
53.1	2392.14844421	-284.49965291	33.0854081666
53.15	2411.60878354	-284.819391272	33.3545608905
53.2	2384.29074839	-284.496665883	32.9767296796
53.25	2236.51695711	-282.365874933	30.9328948948
53.3	2643.10033122	-288.066335124	36.5562820716
53.35	2325.79531624	-283.579384459	32.1676890646
53.4	2383.85574711	-284.462683891	32.9707132492
53.45	2315.07339378	-283.569461275	32.0193959344
53.5	2451.50751049	-285.452985982	33.9063935619
53.55	2400.92204038	-284.73162841	33.2067543193
53.6	2416.62038861	-284.973506873	33.4238755685
53.65	2411.88748177	-284.779846462	33.3584155195
53.7	2360.70378338	-284.039498203	32.6505022808
53.75	2073.41678018	-280.009671097	28.6770834133
53.8	2333.00829827	-283.653482121	32.2674506222
53.85	2264.45149462	-282.711629883	31.3192528474
53.9	2030.76231505	-279.45599488	28.0871365844
53.95	2476.4070363	-285.776024699	34.2507747716
54.0	2493.91459162	-286.020933469	34.4929188638
54.05	2295.08014066	-283.210098383	31.7428725682
54.1	2295.73057336	-283.174882888	31.751868595
54.15	2278.71392601	-282.922390951	31.5165141693
54.2	2363.20525831	-284.14195357	32.6850997653
54.25	2298.60396681	-283.258936835	31.791610023
54.3	2370.72740384	-284.184883869	32.7891373119
54.35	2388.14508902	-284.470143647	33.0300384253
54.4	2380.52565084	-284.430692907	32.9246552402
54.45	2394.28633851	-284.802286227	33.1149770278
54.5	2405.7155739	-284.769226452	33.2730528859
54.55	2265.58046324	-282.732590075	31.3348674251
54.6	2218.05074578	-281.963538389	30.6774917902
54.65	2422.59573558	-284.907787151	33.506519601
54.7	2280.60083298	-282.986068714	31.5426116664
54.75	2018.54892536	-279.26954905	27.9182152184
54.8	2313.96717129	-283.457308222	32.0040959546
54.85	2495.21290585	-285.988403527	34.5108756325
54.9	2388.15360502	-284.466420565	33.0301562087
54.95	2317.12320901	-283.418506539	32.0477465887
55.0	2226.72248445	-282.225494682	30.7974291687
55.05	2358.19083161	-284.098869811	32.6157460618
55.1	2059.31308838	-279.899950137	28.4820175925
55.15	2434.40408657	-285.076255336	33.6698389439
55.2	2146.02124247	-281.016490414	29.6812636829
55.25	2125.91293965	-280.763349204	29.4031490835
55.3	2107.94551236	-280.516101257	29.1546445782
55.35	2236.2760565	-282.320237688	30.9295630384
55.4	2029.37830613	-279.438245428	28.0679945867
55.45	2074.23822563	-280.047244658	28.688444689
55.5	2237.42390383	-282.366241011	30.9454387244
55.55	2125.39019087	-280.717873135	29.3959190318
55.6	2777.66027317	-289.945490835	38.4173582992
55.65	2331.78791628	-283.651985412	32.2505717213
55.7	2488.20711429	-285.849661338	34.4139796921
55.75	2325.00540736	-283.580286558	32.1567639659
55.8	2067.88481985	-279.957725883	28.6005717881
55.85	2681.00970247	-288.590149455	37.0806002945
55.9	2119.01991827	-280.590060524	29.3078128487
55.95	2385.00916807	-284.370304961	32.9866660231
56.0	2555.75403958	-286.7471128	35.3482100067
56.05	2674.28408477	-288.453024809	36.9875793922
56.1	2557.06520365	-286.834433701	35.3663444993
56.15	2423.8210391	-284.996439628	33.5234665706
56.2	2159.76023623	-281.310209207	29.8712854257
56.25	2399.96807163	-284.65820188	33.1935601359
56.3	2324.31346155	-283.547031076	32.1471937783
56.35	2336.10696732	-283.677645884	32.3103077995
56.4	2462.60975372	-285.461705838	34.0599468458
56.45	2533.04362062	-286.399942109	35.0341059706
56.5	2620.17602966	-287.698454102	36.2392198609
56.55	2574.79181596	-287.105185751	35.6115183325
56.6	2471.48077448	-285.613314113	34.1826404617
56.65	2414.92888617	-284.803431819	33.400480679
56.7	2473.05149832	-285.621811564	34.2043648826
56.75	2527.32571224	-286.383385399	34.9550225287
56.8	2118.13299698	-280.675955467	29.2955459875
56.85	2183.88100003	-281.573312412	30.2048957071
56.9	2712.26838091	-288.995603114	37.5129338888
56.95	2475.21758852	-285.696651108	34.2343237167
57.0	2672.21387315	-288.51615926	36.9589466388
57.05	2408.06528056	-284.81736759	33.3055512889
57.1	2399.71530315	-284.634637412	33.1900641369
57.15	2450.8189561	-285.389744922	33.8968702805
57.2	2515.95250923	-286.303605263	34.7977216452
57.25	2501.14577066	-286.118043373	34.5929321012
57.3	2455.47818883	-285.468077895	33.9613113551
57.35	2590.45515284	-287.331715457	35.8281553457
57.4	2644.62738896	-288.039782633	36.5774025538
57.45	2333.30223255	-283.666277743	32.2715159783
57.5	2731.39418611	-289.290370961	37.7774597266
57.55	2414.52244361	-284.823610056	33.3948592395
57.6	2378.72943077	-284.415226178	32.8998120185
57.65	2262.60771764	-282.655570067	31.293751874
57.7	2409.75493607	-284.750125779	33.3289206339
57.75	2410.8436241	-284.783298448	33.3439780973
57.8	2451.40136029	-285.337264563	33.9049254162
57.85	2300.40553102	-283.268820819	31.8165271586
57.9	2652.3885475	-288.259159615	36.6847458496
57.95	2054.963784	-279.718860252	28.4218630854
58.0	2537.14745954	-286.489861751	35.0908654857
58.05	2531.95229172	-286.437859156	35.0190119818
58.1	2304.90662619	-283.234888605	31.8787810588
58.15	2475.35157263	-285.61895491	34.2361768286
58.2	2589.09335332	-287.248692877	35.8093205224
58.25	2543.67264626	-286.598866837	35.1811142605
58.3	2339.45078211	-283.701946363	32.356555547
58.35	2629.1229437	-287.87630819	36.3629631442
58.4	2494.66122232	-285.976760882	34.5032453891
58.45	2517.80663739	-286.289036474	34.8233657841
58.5	2143.73063022	-280.952218341	29.649582605
58.55	2524.54827465	-286.324235159	34.9166082503
58.6	2596.7625677	-287.330091769	35.9153921539
58.65	2590.49633307	-287.318311122	35.8287249025
58.7	2476.39917069	-285.731805643	34.2506659835
58.75	2525.46522843	-286.381385076	34.9292904859
58.8	2309.6941284	-283.283476654	31.9449962076
58.85	2491.386018	-285.816645667	34.4579465817
58.9	2540.06313626	-286.57341893	35.1311917267
58.95	2537.70341914	-286.545709826	35.0985548707
59.0	2327.2304386	-283.49271062	32.1875380038
59.05	2427.53711507	-284.934206637	33.5748630007
59.1	2560.44895381	-286.836193276	35.4131445862
59.15	2345.65425701	-283.717295753	32.4423547789
59.2	2551.13889617	-286.687397863	35.284378724
59.25	2604.49897164	-287.509536703	36.0223930729
59.3	2209.05497188	-281.973547748	30.5530727342
59.35	2687.09435263	-288.697752011	37.1647560811
59.4	2577.6401625	-287.099888308	35.6509133408
59.45	2696.052746	-288.861336379	37.2886581333
59.5	2520.30869999	-286.30111655	34.8579713967
59.55	2530.39121517	-286.438157815	34.997420991
59.6	2313.05767912	-283.496122579	31.9915169193
59.65	2383.6691055	-284.37965547	32.96813184
59.7	2473.73350007	-285.667247856	34.2137975355
59.75	2662.5288982	-288.292865585	36.8249953574
59.8	2730.45334744	-289.25761583	37.7644471432
59.85	2514.91730487	-286.239500114	34.7834039054
59.9	2527.36238096	-286.452257349	34.9555296877
59.95	2472.0965137	-285.685285998	34.1911566488
60.0	2598.42744129	-287.416496503	35.9384187442
60.05	2148.13751979	-280.996663583	29.7105335634
60.1	2673.35778531	-288.390986502	36.974767898
60.15	2314.58706791	-283.385958332	32.0126696418
60.2	2537.54560786	-286.619584811	35.0963722091
60.25	2460.1458329	-285.526094615	34.0258687657
60.3	2497.56561786	-285.975649751	34.5434156019
60.35	2632.16110889	-287.756301741	36.4049835029
60.4	2510.93143875	-286.103970018	34.7282760527
60.45	2317.43254519	-283.441581373	32.052024966
60.5	2207.81508693	-281.890400622	30.5359240913
60.55	2213.72935185	-282.005029313	30.6177233079
60.6	2515.00642984	-286.253533401	34.7846365782
60.65	2181.3550466	-281.508320347	30.1699596643
60.7	2415.93756757	-284.806232712	33.4144315841
60.75	2618.26665877	-287.655826927	36.2128116689
60.8	2447.33556413	-285.210116887	33.8486920641
60.85	2364.79585449	-284.231929515	32.7070990372
60.9	2435.90134664	-285.120243459	33.6905472995
60.95	2461.8020626	-285.502627713	34.0487758039
61.0	2294.73019262	-283.190278849	31.7380324949
61.05	2669.69035814	-288.429065011	36.9240443215
61.1	2101.41745589	-280.422222941	29.0643561126
61.15	2542.38639755	-286.629146261	35.163324368
61.2	2409.16239581	-284.669685427	33.3207253078
61.25	2682.42885866	-288.591957519	37.1002284083
61.3	2498.6695072	-285.984392137	34.5586833121
61.35	2466.59462028	-285.451409503	34.1150608738
61.4	2533.96341625	-286.47604467	35.0468275113
61.45	2604.64881779	-287.631426087	36.0244655702
61.5	2546.84383315	-286.695489397	35.2249744201
61.55	2710.33800035	-288.973730069	37.4862351156
61.6	2404.88889654	-284.671413907	33.2616192485
61.65	2316.44909203	-283.495540177	32.0384229886
61.7	2574.64116214	-287.082533312	35.6094346645
61.75	2620.00566329	-287.724196229	36.2368635519
61.8	2396.69880536	-284.582479978	33.1483434566
61.85	2588.89793699	-287.309879559	35.8066177516
61.9	2493.90755628	-286.032647584	34.4928215592
61.95	2527.27819223	-286.442113411	34.9543652873
62.0	2466.07962676	-285.456589684	34.107938084
