# 	 t 	 T	E	K
2.05	2227.88305093	-282.638572025	30.8134807711
2.1	2142.08834071	-281.460166169	29.6268683714
2.15	2456.35016046	-285.850006938	33.9733714501
2.2	2267.42686506	-283.156362463	31.3604047023
2.25	2279.97295295	-283.268833403	31.533927562
2.3	2464.6276322	-285.918842179	34.0878557881
2.35	2257.202568	-282.932576481	31.2189941463
2.4	2234.84554222	-282.671954144	30.9097778328
2.45	2154.67380968	-281.595286281	29.8009359042
2.5	2341.12629082	-284.158113395	32.37972923
2.55	2220.41469181	-282.536808942	30.7101871356
2.6	2300.76651328	-283.655021117	31.8215198443
2.65	2403.12617068	-285.01401728	33.2372392797
2.7	2409.338265	-285.129578004	33.3231577253
2.75	2421.8430647	-285.227410709	33.4961095349
2.8	2715.06542055	-289.343921883	37.5516192799
2.85	2228.38668306	-282.544149528	30.8204464236
2.9	2567.19058445	-287.286056248	35.5063869609
2.95	2540.13987037	-286.84871281	35.1322530234
3.0	2199.46764565	-282.129286268	30.4204720161
3.05	2412.42956927	-285.246319206	33.3659130417
3.1	2281.03609404	-283.303764433	31.5486316899
3.15	2431.25838278	-285.405934277	33.6263312368
3.2	2735.36366333	-289.690944611	37.8323609074
3.25	2203.06169783	-282.22525865	30.4701807554
3.3	2511.52829406	-286.566901402	34.7365310593
3.35	2491.76470588	-286.295475008	34.4631841509
3.4	2485.32321833	-286.20435107	34.3740930055
3.45	2479.59753904	-286.052239126	34.2949020855
3.5	2451.14064532	-285.715263329	33.9013195107
3.55	2438.06556946	-285.581644395	33.7204803062
3.6	2711.14330155	-289.444558282	37.4973731029
3.65	2441.81616345	-285.561411421	33.7723541493
3.7	2309.80674466	-283.700150711	31.9465537843
3.75	2580.55283534	-287.473951178	35.6911980355
3.8	2621.43434935	-288.146168325	36.2566234717
3.85	2277.6299719	-283.214353309	31.5015221799
3.9	2641.74433483	-288.461783648	36.5375275105
3.95	2452.73740486	-285.659795705	33.9234040269
4.0	2399.37408969	-284.985974745	33.1853448701
4.05	2694.09997996	-289.08396698	37.2616497501
4.1	2302.97921823	-283.611339295	31.8521233992
4.15	2264.1154596	-283.119010615	31.3146052029
4.2	2663.96014343	-288.768183128	36.8447906728
4.25	2324.41970301	-283.94806509	32.1486631864
4.3	2652.60305071	-288.570908923	36.687712608
4.35	2548.09041731	-287.047079577	35.2422157187
4.4	2485.89248322	-286.212551153	34.3819664137
4.45	2468.51418993	-285.94460865	34.1416101231
4.5	2697.94926572	-289.163405935	37.3148885827
4.55	2434.80002347	-285.5035781	33.6753150816
4.6	2434.30300059	-285.484135431	33.6684408405
4.65	2492.19653283	-286.337223414	34.4691566778
4.7	2635.29353924	-288.282276849	36.4483076272
4.75	2403.4784661	-285.068028269	33.2421118192
4.8	2163.63927486	-281.730432656	29.9249357652
4.85	2527.12320868	-286.820180912	34.9522217356
4.9	2748.74842514	-289.968032574	38.0174833269
4.95	2501.98075279	-286.43846604	34.6044806005
5.0	2381.7861896	-284.728484581	32.9420895426
5.05	2496.32598184	-286.329869555	34.5262704018
5.1	2469.9797972	-285.927355138	34.161880694
5.15	2455.48272939	-285.788684937	33.9613741549
5.2	2482.19713183	-286.226530374	34.330856622
5.25	2373.86803897	-284.68641402	32.8325749152
5.3	2351.31402866	-284.338432889	32.5206341413
5.35	2337.54812252	-284.110109711	32.3302401779
5.4	2336.22203207	-284.052276905	32.3118992411
5.45	2706.72822425	-289.355367326	37.4363089013
5.5	2668.28384484	-288.772990751	36.9045910694
5.55	2441.399593	-285.519126038	33.7665926325
5.6	2569.24560045	-287.399146028	35.5348095461
5.65	2596.57506906	-287.785292082	35.9127988914
5.7	2386.62451076	-284.732597839	33.0090075597
5.75	2353.00573163	-284.386058391	32.5440318044
5.8	2202.63072837	-282.256251515	30.4642200883
5.85	2325.21082462	-283.979223757	32.1596050581
5.9	2476.48451793	-286.044328976	34.2518464071
5.95	2424.19972132	-285.338261143	33.5287040616
6.0	2274.52046909	-283.252926773	31.4585151625
6.05	2805.42690807	-290.620525548	38.8013940187
6.1	2388.41152542	-284.851039526	33.033723463
6.15	2596.83646528	-287.800050758	35.9164142191
6.2	2515.72590025	-286.587471243	34.794587454
6.25	2401.06453173	-284.946013304	33.2087250935
6.3	2300.93472222	-283.557580359	31.8238463143
6.35	2504.70634271	-286.431090032	34.6421777823
6.4	2485.24087732	-286.14456834	34.3729541607
6.45	2486.05390172	-286.18989151	34.3841989663
6.5	2269.21761888	-283.111715362	31.3851723212
6.55	2580.4756987	-287.628663761	35.6901311715
6.6	2288.87296623	-283.510609537	31.6570221687
6.65	2487.51394668	-286.303736604	34.4043926059
6.7	2481.20420023	-286.158487029	34.3171235497
6.75	2707.72440015	-289.310176204	37.4500868449
6.8	2739.64364544	-289.768951729	37.8915566297
6.85	2271.8631564	-283.201554648	31.4217623117
6.9	2425.52062253	-285.407682476	33.5469732269
6.95	2504.42543158	-286.51115446	34.6382925471
7.0	2509.69199953	-286.53629357	34.7111335744
7.05	2489.51794852	-286.226506736	34.4321096227
7.1	2424.64870284	-285.250980684	33.5349138504
7.15	2493.05275658	-286.257115767	34.4809989664
7.2	2327.27701561	-283.988373365	32.1881822027
7.25	2136.8149457	-281.31677119	29.55393292
7.3	2503.40808505	-286.445553006	34.6242217961
7.35	2635.58024517	-288.277639984	36.4522730093
7.4	2522.60661942	-286.737990171	34.889753539
7.45	2502.45610388	-286.411190643	34.6110551025
7.5	2447.88718191	-285.60491486	33.8563213981
7.55	2540.33735426	-286.959994411	35.1349843903
7.6	2314.92067248	-283.882834888	32.0172836713
7.65	2417.47631602	-285.302508844	33.4357137585
7.7	2581.43290321	-287.523692861	35.7033701082
7.75	2443.2565434	-285.661707179	33.7922758054
7.8	2254.8055666	-282.925624751	31.1858416177
7.85	2508.20378994	-286.45736952	34.6905503946
7.9	2356.21961192	-284.361997386	32.5884824494
7.95	2351.88842452	-284.281131736	32.5285785152
8.0	2335.95744529	-284.050336719	32.3082397851
8.05	2423.74110458	-285.419844911	33.5223610096
8.1	2381.61620452	-284.79240734	32.9397385072
8.15	2645.25363752	-288.423377703	36.5860640936
8.2	2608.39843568	-287.880730577	36.0763259129
8.25	2307.32332013	-283.655599435	31.9122059517
8.3	2464.28684973	-285.969588197	34.0831424823
8.35	2511.8744908	-286.524881632	34.741319249
8.4	2614.70243327	-288.025748779	36.1635154576
8.45	2389.7120819	-284.835868078	33.0517112438
8.5	2326.41020305	-283.969162925	32.1761934621
8.55	2662.29415236	-288.66868766	36.8217486266
8.6	2601.81443366	-287.771587215	35.9852636736
8.65	2541.61740215	-286.981258697	35.1526885203
8.7	2284.98938066	-283.372911025	31.6033089411
8.75	2481.70510668	-286.120378991	34.3240515037
8.8	2315.81239308	-283.729720833	32.0296169111
8.85	2489.65157377	-286.171634214	34.4339577714
8.9	2549.86083645	-287.137996887	35.2667020921
8.95	2414.90230765	-285.228087013	33.4001130759
9.0	2331.15806104	-284.088430135	32.241860298
9.05	2318.62098358	-283.92239322	32.0684620602
9.1	2544.96907132	-287.060347302	35.1990449003
9.15	2608.79764622	-287.970952805	36.0818473277
9.2	2426.62980868	-285.280340463	33.5623141965
9.25	2483.7326017	-286.203172171	34.3520934508
9.3	2437.79410827	-285.600781592	33.7167257716
9.35	2165.76572607	-281.683245176	29.9543463591
9.4	2472.3854096	-286.045720528	34.19515232
9.45	2749.37519883	-289.942403932	38.0261521298
9.5	2549.2710159	-287.133049141	35.2585443819
9.55	2451.73062028	-285.804007233	33.9094793564
9.6	2520.47904319	-286.703774825	34.8603273853
9.65	2441.44656203	-285.649490201	33.7672422534
9.7	2520.15364063	-286.743786949	34.8558267965
9.75	2385.91666803	-284.792466534	32.9992175043
9.8	2382.21610389	-284.738214345	32.9480356159
9.85	2347.12546365	-284.226879535	32.4627027939
9.9	2440.08360084	-285.567836783	33.7483913633
9.95	2552.69517187	-287.150504204	35.3059033149
10.0	2480.4917346	-286.12765859	34.3072695559
10.05	2400.15205036	-285.063383323	33.1961047151
10.1	2569.74820135	-287.406157178	35.5417609358
10.15	2328.33326016	-283.950618528	32.2027909458
10.2	2281.57972709	-283.320493273	31.5561505885
10.25	2388.10496206	-284.906440868	33.029483436
10.3	2338.11079226	-284.145149074	32.3380223698
10.35	2325.16703185	-283.912964992	32.1589993675
10.4	2648.55449671	-288.501661715	36.6317177294
10.45	2512.872988	-286.608542668	34.7551292981
10.5	2408.89824653	-285.108177579	33.317071903
10.55	2543.57398731	-286.93987629	35.1797497249
10.6	2565.6331714	-287.21789354	35.4848466394
10.65	2189.65065896	-281.995886708	30.2846949023
10.7	2429.90447653	-285.3474383	33.6076055842
10.75	2514.38650463	-286.503704334	34.7760624954
10.8	2557.8010276	-287.286390737	35.3765215582
10.85	2462.50983457	-285.858790918	34.0585648805
10.9	2140.89400134	-281.384975301	29.6103496617
10.95	2444.49245309	-285.634866088	33.8093694672
11.0	2601.683328	-287.865489402	35.9834503731
11.05	2227.77254579	-282.53043577	30.8119523929
11.1	2414.59265875	-285.168546261	33.3958303733
11.15	2645.98069206	-288.440911253	36.5961198644
11.2	2343.57156849	-284.209085355	32.4135494595
11.25	2567.68280189	-287.305950733	35.5131947386
11.3	2322.38908011	-283.905063258	32.1205779779
11.35	2413.01203437	-285.204651766	33.3739690199
11.4	2424.51687679	-285.354314736	33.5330905863
11.45	2400.91449103	-284.987448299	33.2066499055
11.5	2637.2300354	-288.344664171	36.4750909843
11.55	2449.07878171	-285.72751473	33.8728022172
11.6	2607.19019093	-287.973427721	36.0596148803
11.65	2356.17189201	-284.385166968	32.5878224432
11.7	2535.94110048	-286.866789193	35.0741805338
11.75	2853.20161963	-291.364106754	39.4621581264
11.8	2292.37385966	-283.443430892	31.7054424447
11.85	2573.99772787	-287.500818595	35.6005354319
11.9	2563.34432689	-287.3224324	35.4531900109
11.95	2182.76287907	-281.896036222	30.1894311616
12.0	2523.30365218	-286.711254177	34.8993940835
12.05	2677.55666608	-288.94904723	37.0328419212
12.1	2293.02075624	-283.567048567	31.714389564
12.15	2261.69486545	-283.035226663	31.281126367
12.2	2716.82920563	-289.465359108	37.5760138986
12.25	2611.46544103	-287.954323362	36.118745155
12.3	2592.03675629	-287.679217736	35.8500302405
12.35	2366.17762033	-284.509523888	32.7262100112
12.4	2413.75625573	-285.276995913	33.384262222
12.45	2588.60317358	-287.661474221	35.8025409278
12.5	2346.66536861	-284.178871677	32.4563392956
12.55	2471.38335056	-285.948497782	34.1812930076
12.6	2459.46059193	-285.821065959	34.0163913116
12.65	2737.09786345	-289.719626571	37.8563463415
12.7	2405.60082398	-285.104005006	33.2714657989
12.75	2589.84973962	-287.713494222	35.8197819759
12.8	2392.86167279	-284.941999475	33.0952727127
12.85	2313.47282214	-283.781753737	31.9972586936
12.9	2599.30297945	-287.814299356	35.9505281672
12.95	2476.64340436	-286.153215688	34.2540439388
13.0	2482.95520576	-286.19911237	34.3413414167
13.05	2707.82586161	-289.306619981	37.4514901415
13.1	2483.29141785	-286.259413903	34.3459915103
13.15	2479.45955175	-286.043730516	34.2929936062
13.2	2290.92540696	-283.397594075	31.6854091359
13.25	2504.72396739	-286.41686564	34.6424215464
13.3	2511.60830293	-286.502443011	34.7376376488
13.35	2295.23393043	-283.406837234	31.7449996089
13.4	2515.99305274	-286.569733036	34.7982823957
13.45	2598.24375568	-287.767491216	35.935878219
13.5	2292.63684178	-283.411223123	31.7090797068
13.55	2434.68048739	-285.461255149	33.6736617979
13.6	2421.44251022	-285.395856925	33.4905695324
13.65	2426.86522058	-285.372525746	33.5655701395
13.7	2277.60361949	-283.29582852	31.501157704
13.75	2422.37221686	-285.336509669	33.5034281506
13.8	2808.33121149	-290.757122652	38.8415629574
13.85	2475.88805968	-286.023281727	34.243596892
13.9	2405.56760087	-285.021716204	33.2710062955
13.95	2504.51378224	-286.439061711	34.6395145104
14.0	2333.96649882	-283.998922398	32.2807033349
14.05	2495.6295925	-286.361367188	34.5166387564
14.1	2464.02316563	-285.936444926	34.0794955112
14.15	2298.6730403	-283.546720547	31.7925653669
14.2	2509.0786213	-286.464172169	34.7026500419
14.25	2460.67179499	-285.761086503	34.0331432601
14.3	2556.65024972	-287.185428824	35.3606053404
14.35	2494.53576544	-286.323320396	34.5015102159
14.4	2528.53957725	-286.771436225	34.9718112942
14.45	2629.74289723	-288.238139295	36.3715376187
14.5	2368.6955882	-284.558739198	32.761035607
14.55	2413.75199774	-285.247892533	33.3842033305
14.6	2528.12184581	-286.855299971	34.9660337199
14.65	2561.13964043	-287.250890604	35.4226973582
14.7	2393.66889943	-284.881136582	33.1064373305
14.75	2354.08028388	-284.303455896	32.5588937583
14.8	2427.87357952	-285.311348385	33.5795165846
14.85	2216.23820273	-282.425723579	30.6524228082
14.9	2546.77051959	-287.12001854	35.2239604324
14.95	2280.99702062	-283.357644456	31.5480912719
15.0	2580.28727105	-287.649605675	35.6875250599
15.05	2249.18067901	-282.883704376	31.108044731
15.1	2956.90979484	-292.867484224	40.8965286878
15.15	2468.89454045	-286.015447139	34.146870688
15.2	2332.55921115	-284.086074168	32.2612393727
15.25	2372.07103674	-284.638068935	32.8077208756
15.3	2804.46357063	-290.743505174	38.7880702584
15.35	2719.36049197	-289.601487238	37.6110236999
15.4	2601.08194307	-287.818523485	35.9751327178
15.45	2241.48274873	-282.686648095	31.0015759346
15.5	2155.68750151	-281.513050948	29.8149561076
15.55	2740.31833212	-289.762890583	37.9008881092
15.6	2529.85858704	-286.844683144	34.9900542998
15.65	2200.35347263	-282.204051127	30.432723742
15.7	2618.61524312	-288.030055693	36.2176328812
15.75	2580.31179454	-287.435442914	35.6878642402
15.8	2414.54837367	-285.232246149	33.3952178737
15.85	2510.45648361	-286.694810933	34.721707027
15.9	2601.11580212	-287.848674359	35.9756010167
15.95	2580.5191751	-287.539647042	35.6907324863
16.0	2338.84240582	-284.153931671	32.3481411954
16.05	2585.61998894	-287.644284863	35.7612809961
16.1	2362.1012194	-284.480745531	32.6698299864
16.15	2349.98516489	-284.249140242	32.5022548471
16.2	2654.6412449	-288.530721968	36.7159025336
16.25	2322.88097763	-283.791477562	32.1273813309
16.3	2550.59999586	-287.095095811	35.2769252832
16.35	2546.87344534	-287.08538096	35.2253839814
16.4	2280.60391419	-283.224846905	31.5426542821
16.45	2471.66331328	-285.982000642	34.1851651256
16.5	2598.25474062	-287.750875285	35.9360301499
16.55	2513.00429018	-286.553015683	34.7569453168
16.6	2411.59960616	-285.202032402	33.3544339597
16.65	2321.56126428	-283.860290988	32.1091285946
16.7	2269.47197048	-283.060028923	31.3886902159
16.75	2560.66330522	-287.221342977	35.416109245
16.8	2449.81242253	-285.679299765	33.8829490817
16.85	2590.59126191	-287.70486912	35.8300378477
16.9	2407.63500519	-285.086762246	33.2996002215
16.95	2503.53587506	-286.510712525	34.6259892384
17.0	2152.9447661	-281.623815107	29.7770217894
17.05	2574.55052286	-287.525355612	35.6081810477
17.1	2518.23403494	-286.607079897	34.8292770487
17.15	2668.83313727	-288.691215889	36.9121882419
17.2	2564.00004627	-287.358266345	35.4622591567
17.25	2418.85690031	-285.361879685	33.4548083908
17.3	2156.43948324	-281.59005237	29.8253566422
17.35	2685.20175266	-289.013357615	37.1385798451
17.4	2443.97815151	-285.652277941	33.8022562474
17.45	2337.77306313	-284.195960135	32.3333512942
17.5	2689.41657341	-289.079374779	37.1968743314
17.55	2653.22989699	-288.615118495	36.6963824149
17.6	2524.88420749	-286.814336469	34.9212544817
17.65	2278.57792922	-283.24430818	31.5146332202
17.7	2556.80193203	-287.263885873	35.3627032332
17.75	2633.2860866	-288.326533926	36.4205428829
17.8	2397.20575555	-284.929462231	33.1553550005
17.85	2607.36015558	-287.888559099	36.0619656332
17.9	2274.29817334	-283.177656004	31.4554406269
17.95	2288.74470356	-283.451051534	31.655248189
18.0	2566.69665158	-287.360171823	35.4995554573
18.05	2494.70231189	-286.427521058	34.5038136922
18.1	2555.92020509	-287.1421086	35.3505082143
18.15	2254.66840163	-282.906746174	31.1839445118
18.2	2522.12659526	-286.752676432	34.8831144045
18.25	2275.59225932	-283.246358895	31.4733389154
18.3	2479.69637462	-286.039327621	34.296269064
18.35	2460.17005998	-285.864448207	34.0262038465
18.4	2299.06195258	-283.660824892	31.7979443481
18.45	2498.41607235	-286.463352093	34.5551780968
18.5	2547.31243055	-287.008721513	35.231455513
18.55	2697.15895103	-289.136813651	37.3039578714
18.6	2496.73985904	-286.372570451	34.5319946686
18.65	2366.54361567	-284.575490671	32.7312720321
18.7	2455.01654728	-285.763617874	33.9549264675
18.75	2384.37904614	-284.839930325	32.9779509112
18.8	2373.13114593	-284.599384003	32.8223830699
18.85	2840.07203529	-291.147558528	39.2805650241
18.9	2351.9296432	-284.336178642	32.529148604
18.95	2428.46659027	-285.340064214	33.5877184179
19.0	2271.89054466	-283.141739379	31.4221411141
19.05	2405.35094323	-284.955410738	33.2680097397
19.1	2240.99626687	-282.62392021	30.9948474848
19.15	2804.7666675	-290.753892384	38.7922623409
19.2	2443.04167662	-285.625618296	33.7893040186
19.25	2388.8910743	-284.834805948	33.040356024
19.3	2324.30753529	-283.864081234	32.1471118131
19.35	2514.35838324	-286.627024261	34.7756735531
19.4	2738.94063409	-289.818571999	37.8818333964
19.45	2404.11221847	-285.061529269	33.250877143
19.5	2391.81686588	-284.832628774	33.0808221618
19.55	2412.6136335	-285.172577074	33.3684588036
19.6	2341.69607917	-284.118278433	32.3876098781
19.65	2456.91568537	-285.762065789	33.9811931312
19.7	2594.06766792	-287.654644381	35.8781194422
19.75	2478.01113164	-286.098631993	34.272960748
19.8	2376.99296578	-284.705415409	32.8757952594
19.85	2482.2467269	-286.133850374	34.3315425632
19.9	2361.4434453	-284.383888264	32.660732422
19.95	2485.17459418	-286.202060619	34.3720374096
20.0	2145.46933558	-281.442401387	29.6736303503
20.05	2432.13751003	-285.370271276	33.6384903
20.1	2410.59539203	-285.097544737	33.3405448407
20.15	2439.79791069	-285.545797217	33.7444400303
20.2	2543.89144479	-286.990532103	35.1841404267
20.25	2736.06402826	-289.755435068	37.8420475385
20.3	2296.70907651	-283.528697746	31.7654021096
20.35	2501.64864088	-286.511210089	34.5998872157
20.4	2580.93490917	-287.543590613	35.6964824353
20.45	2592.18464452	-287.645898282	35.8520756581
20.5	2511.43543538	-286.610750954	34.7352467463
20.55	2392.69937135	-284.90287385	33.0930279484
20.6	2523.11800159	-286.736135804	34.8968263809
20.65	2269.84744911	-283.154804356	31.3938833986
20.7	2562.62983736	-287.265357893	35.4433080247
20.75	2694.6725017	-289.15238336	37.2695682034
20.8	2616.65087634	-288.130165753	36.1904640504
20.85	2419.27291799	-285.267147506	33.4605622622
20.9	2239.64917364	-282.699069262	30.9762160618
20.95	2515.98085756	-286.64577445	34.7981137262
21.0	2281.28065679	-283.376955063	31.5520141968
21.05	2349.74130548	-284.33046813	32.4988820681
21.1	2535.78468469	-286.855217613	35.0720171729
21.15	2667.5566624	-288.775027136	36.8945335297
21.2	2797.27301735	-290.659737508	38.6886189093
21.25	2308.05132436	-283.755897888	31.9222748575
21.3	2509.87554829	-286.479743501	34.713672207
21.35	2522.28916464	-286.679132588	34.8853628746
21.4	2336.34841743	-284.08255984	32.3136472559
21.45	2481.46449435	-286.205263487	34.3207236346
21.5	2389.37012974	-284.942375062	33.0469817602
21.55	2430.67768301	-285.402965593	33.6182996747
21.6	2330.0504885	-283.938667507	32.2265416461
21.65	2667.47702996	-288.718508908	36.8934321467
21.7	2531.13204336	-286.732856304	35.0076672628
21.75	2393.34569663	-284.801967444	33.1019671661
21.8	2289.49370464	-283.471659129	31.6656074987
21.85	2691.00359072	-289.133959685	37.2188241044
21.9	2234.09368603	-282.581940093	30.8993790346
21.95	2488.72681745	-286.226867668	34.4211676202
22.0	2670.95227162	-288.835022234	36.9414976373
22.05	2509.70615837	-286.473766486	34.711329403
22.1	2321.36008232	-283.860880378	32.1063460803
22.15	2558.49195779	-287.201265919	35.386077699
22.2	2611.41571113	-287.851701874	36.118057349
22.25	2544.97307602	-287.161844143	35.1991002887
22.3	2662.20932182	-288.721715473	36.8205753496
22.35	2515.98990404	-286.709598053	34.7982388467
22.4	2392.88012173	-285.011143652	33.095527877
22.45	2451.72009235	-285.778534652	33.9093337464
22.5	2658.44741884	-288.696936958	36.7685450937
22.55	2379.84248447	-284.688449476	32.9152064796
22.6	2521.05015965	-286.696358163	34.8682264022
22.65	2465.74715467	-286.015824367	34.1033397177
22.7	2495.00744854	-286.358727374	34.5080339866
22.75	2402.79571992	-285.062834349	33.2326688701
22.8	2420.59405138	-285.260212185	33.4788346389
22.85	2520.67181922	-286.70003188	34.8629936385
22.9	2305.19230974	-283.644158403	31.8827323007
22.95	2725.41977183	-289.665153293	37.6948285942
23.0	2575.13023425	-287.529559797	35.6161989397
23.05	2773.15131117	-290.263664422	38.354995594
23.1	2253.11465398	-282.972073874	31.1624548859
23.15	2321.11846678	-283.830902881	32.1030043358
23.2	2639.78004771	-288.355268804	36.5103597814
23.25	2300.61519331	-283.508983158	31.8194269628
23.3	2680.05543093	-288.88386102	37.0674019231
23.35	2249.24249374	-282.839404837	31.1088996802
23.4	2513.10565776	-286.562022164	34.758347315
23.45	2245.1973345	-282.808261009	31.052951754
23.5	2410.42980004	-285.147188363	33.3382545653
23.55	2345.61356309	-284.211760779	32.4417919481
23.6	2591.51142777	-287.599285617	35.8427645089
23.65	2643.38873237	-288.399751334	36.5602709
23.7	2471.43755583	-285.983294233	34.1820427118
23.75	2503.95977999	-286.447227712	34.6318521972
23.8	2357.52331658	-284.41756579	32.6065137723
23.85	2348.37462502	-284.236657824	32.4799797374
23.9	2406.22153131	-285.066462021	33.280050699
23.95	2319.37418454	-283.873794069	32.0788794576
24.0	2662.05267796	-288.707728085	36.8184088343
24.05	2442.96145347	-285.678126729	33.7881944656
24.1	2489.02001263	-286.25376062	34.4252227541
24.15	2360.77481794	-284.413271223	32.651484748
24.2	2487.84221885	-286.23126404	34.4089328837
24.25	2491.52034944	-286.267903037	34.4598044976
24.3	2525.2378052	-286.775773195	34.9261450329
24.35	2416.64046547	-285.269187571	33.4241532484
24.4	2451.04996706	-285.638297954	33.9000653547
24.45	2781.06395075	-290.333291842	38.464433999
24.5	2482.74663837	-286.321064575	34.3384567557
24.55	2614.42625684	-288.078017417	36.1596957072
24.6	2442.36310461	-285.655416268	33.7799188017
24.65	2298.82199673	-283.523772798	31.7946255585
24.7	2594.87699271	-287.639858998	35.8893130791
24.75	2364.62213599	-284.452603687	32.7046963655
24.8	2300.34690162	-283.657043078	31.8157162651
24.85	2350.95278441	-284.282832372	32.5156378322
24.9	2750.89840051	-289.965252439	38.0472192794
24.95	2244.39657883	-282.84765304	31.0418766352
25.0	2582.54421856	-287.640339541	35.7187405264
25.05	2266.52719049	-283.089826148	31.3479614526
25.1	2452.64092586	-285.653582682	33.9220696419
25.15	2615.70381887	-287.961140071	36.1773654557
25.2	2538.83402505	-287.025211571	35.1141920935
25.25	2639.20220927	-288.398150268	36.5023677938
25.3	2326.53777936	-283.978780865	32.1779579488
25.35	2603.84237667	-287.910701285	36.0133118168
25.4	2380.4481124	-284.69989752	32.9235828189
25.45	2560.91272959	-287.283122345	35.419558992
25.5	2503.12249566	-286.495205832	34.6202718567
25.55	2252.57926095	-282.965785101	31.1550499538
25.6	2558.42805975	-287.228689712	35.3851939358
25.65	2456.66915847	-285.783750137	33.9777834586
25.7	2474.08890503	-286.034024408	34.2187130826
25.75	2410.19826345	-285.123528019	33.3350522213
25.8	2432.92983802	-285.554952978	33.6494488569
25.85	2394.89338487	-284.927639733	33.1233729854
25.9	2768.15152476	-290.217399134	38.2858443778
25.95	2547.06036382	-287.046016069	35.2279692199
26.0	2491.82017747	-286.205294913	34.4639513693
26.05	2563.80313799	-287.287650621	35.459535751
26.1	2501.35716022	-286.42587169	34.5958557951
26.15	2478.81592796	-286.217977343	34.2840917523
26.2	2427.26841005	-285.43574227	33.5711465861
26.25	2490.33513864	-286.303053816	34.4434120436
26.3	2119.06223841	-281.141061905	29.3083981715
26.35	2558.18632299	-287.273685328	35.3818505149
26.4	2481.55859431	-286.131848908	34.3220251154
26.45	2574.96827203	-287.460470414	35.6139588671
26.5	2462.41380658	-285.812514805	34.0572367333
26.55	2471.03819868	-286.016227363	34.1765192693
26.6	2523.61290949	-286.751796715	34.9036713699
26.65	2143.17169827	-281.35531724	29.64185211
26.7	2385.60429666	-284.804545232	32.9948971478
26.75	2346.41963714	-284.212295183	32.4529406245
26.8	2662.97117411	-288.750538157	36.8311124022
26.85	2480.52830822	-286.185051848	34.3077753995
26.9	2573.57014561	-287.378790693	35.5946216126
26.95	2192.74376993	-282.082353669	30.3274752068
27.0	2636.96442832	-288.388474329	36.4714174169
27.05	2521.73910273	-286.719354155	34.8777550596
27.1	2295.98053344	-283.493206651	31.7553257514
27.15	2815.47488729	-290.884342761	38.9403659519
27.2	2284.08412266	-283.35258149	31.590788468
27.25	2232.54988226	-282.557133438	30.8780269409
27.3	2452.84913842	-285.686103716	33.9249493952
27.35	2601.07932912	-287.76251442	35.9750965647
27.4	2328.70105986	-283.950920458	32.2078779224
27.45	2429.47463862	-285.335052589	33.6016605674
27.5	2411.3082751	-285.24458806	33.3504046082
27.55	2535.98460573	-286.958557111	35.0747822477
27.6	2536.61595691	-286.919073466	35.083514361
27.65	2358.31589066	-284.294570916	32.6174757328
27.7	2689.17193612	-289.097854011	37.1934907935
27.75	2131.8963479	-281.217861564	29.4859046101
27.8	2545.26407306	-287.052507056	35.2031250205
27.85	2702.92565623	-289.239240753	37.3837162141
27.9	2277.08483106	-283.151669756	31.4939824274
27.95	2316.68027553	-283.860157835	32.0416204491
28.0	2438.71064337	-285.596552727	33.7294022164
28.05	2394.72740554	-284.923274935	33.1210773527
28.1	2440.48204345	-285.530927855	33.753902157
28.15	2479.57132264	-286.104478447	34.2945394908
28.2	2262.02621299	-283.047990553	31.2857091798
28.25	2479.56560683	-286.129176554	34.2944604363
28.3	2371.27066135	-284.592306652	32.7966510164
28.35	2476.94946213	-286.156888031	34.2582769731
28.4	2636.58952846	-288.361627273	36.4662322391
28.45	2470.54848789	-285.984387201	34.1697461607
28.5	2394.94900673	-284.925461996	33.124142282
28.55	2395.56870281	-285.028471586	33.1327131957
28.6	2601.07060889	-287.80762206	35.9749759566
28.65	2616.65521326	-287.992403258	36.1905240335
28.7	2358.28171212	-284.474793043	32.6170030151
28.75	2433.90843894	-285.491773734	33.6629837239
28.8	2496.92369335	-286.327166065	34.5345372505
28.85	2834.75549523	-291.137410485	39.2070328408
28.9	2280.13008001	-283.243446859	31.5361007602
28.95	2638.87411254	-288.319134897	36.4978299423
29.0	2470.64196136	-285.953810615	34.1710389766
29.05	2482.42941727	-286.200420377	34.3340693233
29.1	2342.65421148	-284.1924475	32.400861647
29.15	2409.84187862	-285.051139135	33.3301231217
29.2	2285.17468926	-283.416735864	31.6058719136
29.25	2557.66967784	-287.25424457	35.3747048815
29.3	2350.84363337	-284.296328248	32.5141281822
29.35	2620.87368847	-288.093720922	36.2488690641
29.4	2609.61900237	-288.018196734	36.0932073684
29.45	2354.18466275	-284.426637754	32.5603374052
29.5	2617.45800101	-288.043196447	36.2016272577
29.55	2304.39226527	-283.759628538	31.8716670184
29.6	2650.03587139	-288.542252844	36.6522063767
29.65	2479.9020718	-286.108856079	34.2991140275
29.7	2495.78384276	-286.324828009	34.5187721662
29.75	2475.50796189	-286.086456349	34.2383398226
29.8	2619.20151391	-288.095473568	36.2257414953
29.85	2501.43423817	-286.462583043	34.5969218474
29.9	2667.48329826	-288.746639445	36.8935188425
29.95	2505.47100081	-286.446114435	34.6527536417
30.0	2463.0037727	-285.8987089	34.0653964569
30.05	2138.10297359	-281.303896811	29.57174742
30.1	2413.26702304	-285.22960057	33.3774957259
30.15	2522.16070186	-286.705978103	34.8835861272
30.2	2566.08023938	-287.284472361	35.4910299625
30.25	2591.65363664	-287.649735504	35.8447313762
30.3	2479.44112453	-286.089536825	34.2927387423
30.35	2548.25310326	-287.069837965	35.2444658011
30.4	2491.13304853	-286.25279746	34.454447803
30.45	2602.66417102	-287.962386213	35.9970162501
30.5	2548.68739682	-287.182052898	35.2504724432
30.55	2513.9663643	-286.612643069	34.7702516042
30.6	2338.41186593	-284.098658474	32.3421864697
30.65	2561.31462625	-287.207206594	35.4251175582
30.7	2367.09068235	-284.500388675	32.7388384205
30.75	2598.01874237	-287.788818691	35.9327660973
30.8	2564.05889147	-287.308650676	35.463073035
30.85	2243.11486796	-282.736584779	31.0241495049
30.9	2253.92934917	-282.90750156	31.1737227999
30.95	2617.49938829	-288.006719148	36.2021996783
31.0	2439.69514406	-285.544030092	33.7430186821
31.05	2531.60624043	-286.873073743	35.0142258038
31.1	2437.4386507	-285.501398058	33.7118094969
31.15	2459.23136539	-285.872542007	34.0132209173
31.2	2444.98163808	-285.666443199	33.8161353037
31.25	2511.26927058	-286.51823175	34.7329485486
31.3	2451.33002076	-285.772912333	33.9039387309
31.35	2498.32357509	-286.411766444	34.5538987825
31.4	2474.49078911	-286.015772578	34.2242714746
31.45	2526.17660763	-286.702746677	34.9391294536
31.5	2331.34446822	-284.023723836	32.2444384649
31.55	2503.64481198	-286.407593757	34.6274959269
31.6	2335.64242552	-284.088443129	32.3038827989
31.65	2403.02266401	-285.153193859	33.2358076961
31.7	2347.48636885	-284.312708551	32.4676944138
31.75	2280.62212429	-283.356432938	31.542906143
31.8	2605.62297573	-287.900850034	36.037938987
31.85	2438.87403963	-285.476743047	33.731662123
31.9	2406.70366854	-285.036638491	33.2867190589
31.95	2545.76721732	-286.998742638	35.2100839252
32.0	2233.62010587	-282.681199683	30.892829026
32.05	2528.52011212	-286.871255344	34.9715420752
32.1	2315.41220643	-283.871247271	32.0240819959
32.15	2238.91113215	-282.813468347	30.9660083325
32.2	1971.47559753	-278.985473937	27.2671518328
32.25	2204.09943345	-282.256083917	30.4845335046
32.3	2278.35864893	-283.361652834	31.5116003909
32.35	2278.26163044	-283.359240349	31.5102585443
32.4	2357.63554513	-284.347579882	32.6080659867
32.45	2301.98534454	-283.598865944	31.8383772971
32.5	2224.17099432	-282.560909728	30.7621399322
32.55	2380.95791375	-284.792866121	32.9306337968
32.6	2280.20481821	-283.33825989	31.5371344519
32.65	2510.30917368	-286.611563572	34.7196696077
32.7	2601.01638383	-287.919651664	35.9742259789
32.75	2530.85859084	-286.767092534	35.0038851864
32.8	2429.95733644	-285.339456678	33.6083366808
32.85	2482.35771801	-286.075522008	34.3330776628
32.9	2464.58598797	-285.865735615	34.0872798137
32.95	2361.52461586	-284.415408402	32.6618550786
33.0	2490.65743888	-286.231208308	34.4478697248
33.05	2328.64657827	-284.046312624	32.2071243967
33.1	2241.87798429	-282.737094591	31.0070423721
33.15	2502.74424035	-286.419857336	34.6150402702
33.2	2530.09998014	-286.884858255	34.9933929677
33.25	2556.42572142	-287.195779954	35.3574999267
33.3	2444.7375999	-285.560549567	33.812760052
33.35	2417.07766844	-285.167862654	33.43020013
33.4	2520.09909755	-286.696813276	34.8550724202
33.45	2433.89446741	-285.46877683	33.6627904859
33.5	2045.96921606	-279.987150427	28.2974607087
33.55	2514.09446887	-286.625344525	34.7720233973
33.6	2398.98895961	-285.016068571	33.1800182
33.65	2562.2700381	-287.341996074	35.4383317008
33.7	2374.01504747	-284.655435987	32.8346081654
33.75	2443.95483314	-285.525143717	33.8019337349
33.8	2195.80698925	-282.038133072	30.3698420849
33.85	2606.59044279	-287.877652497	36.0513198634
33.9	2557.01860542	-287.139962697	35.3657000069
33.95	2403.32963569	-285.041549654	33.2400533704
34.0	2527.79152478	-286.764119977	34.9614651046
34.05	2393.20943857	-284.946259784	33.1000826035
34.1	2429.06334113	-285.388129253	33.5959719801
34.15	2339.85647987	-284.156612427	32.3621666854
34.2	2537.96292391	-286.956194363	35.1021440381
34.25	2263.3717872	-283.004689882	31.3043195933
34.3	2391.9774485	-284.847412588	33.0830431533
34.35	2521.22560698	-286.692480903	34.8706529851
34.4	2282.46184564	-283.304554365	31.5683510238
34.45	2255.19333003	-282.983318396	31.1912047093
34.5	2770.01763019	-290.216267119	38.3116541724
34.55	2237.37069354	-282.669632271	30.9447027817
34.6	2676.29199314	-288.880716112	37.0153504396
34.65	2329.23201674	-283.989843381	32.2152214989
34.7	2470.91511782	-285.971964617	34.1748169584
34.75	2472.83232372	-285.999346993	34.201333515
34.8	2173.94745821	-281.790487175	30.0675065385
34.85	2340.22468698	-284.217719203	32.3672592969
34.9	2579.58137309	-287.537694252	35.6777619024
34.95	2418.76315378	-285.23464344	33.453511798
35.0	2281.27755197	-283.298547538	31.5519712545
35.05	2381.78255714	-284.720283647	32.9420393027
35.1	2368.35453217	-284.504720007	32.7563185177
35.15	2216.88860253	-282.354305264	30.6614183799
35.2	2424.5459394	-285.343357938	33.5334925463
35.25	2746.73181628	-289.844614005	37.9895919443
35.3	2530.13522053	-286.763008024	34.9938803716
35.35	2660.13993703	-288.707229936	36.791954032
35.4	2388.04752324	-284.791908997	33.0286890092
35.45	2360.41903976	-284.438326479	32.646564039
35.5	2402.23145058	-284.980695775	33.2248645545
35.55	2446.21420049	-285.613172949	33.8331826697
35.6	2653.36988636	-288.551993773	36.6983185846
35.65	2300.60702242	-283.637343056	31.8193139527
35.7	2289.89753635	-283.508331452	31.671192828
35.75	2234.92309387	-282.66162395	30.9108504368
35.8	2649.86283023	-288.487956131	36.6498130731
35.85	2728.21449345	-289.552909503	37.7334819251
35.9	2370.40271934	-284.566159341	32.7846466545
35.95	2662.41860652	-288.708349884	36.8234699315
36.0	2775.5394872	-290.263974255	38.3880260604
36.05	2427.09270614	-285.446385775	33.5687164545
36.1	2425.37277991	-285.335498463	33.5449284402
36.15	2471.62404336	-286.018102924	34.1846219898
36.2	2658.08238927	-288.578832518	36.7634964303
36.25	2429.88816114	-285.450919788	33.6073799287
36.3	2472.5967065	-286.068233409	34.1980747323
36.35	2454.32780775	-285.721005837	33.9454006253
36.4	2355.90892795	-284.299753691	32.584185431
36.45	2524.63549432	-286.712691262	34.917814571
36.5	2299.73925125	-283.542867829	31.8073119537
36.55	2442.72617801	-285.485816429	33.7849404097
36.6	2625.5408352	-288.106456262	36.313419596
36.65	2334.00337649	-284.112944032	32.2812133839
36.7	2506.95056342	-286.583281259	34.6732172266
36.75	2472.94139721	-286.027638531	34.2028420923
36.8	2421.38092385	-285.270282087	33.4897177415
36.85	2598.39823426	-287.802043537	35.9380147867
36.9	2539.4420517	-286.92486379	35.1226016091
36.95	2414.89105512	-285.171092734	33.399957444
37.0	2106.4146074	-280.915323347	29.1334708858
37.05	2251.04788449	-282.897976529	31.1338697401
37.1	2447.07534536	-285.68902973	33.8450930216
37.15	2399.44229797	-285.070812221	33.1862882476
37.2	2467.54225586	-285.976725557	34.1281674643
37.25	2566.82872257	-287.327377445	35.5013821092
37.3	2117.74685988	-280.987071813	29.2902053893
37.35	2582.15006977	-287.534599421	35.7132891198
37.4	2228.07712042	-282.57058782	30.816164914
37.45	2651.14852436	-288.634524656	36.6675952953
37.5	2636.69704641	-288.400878502	36.467719302
37.55	2490.3966451	-286.308723816	34.4442627293
37.6	2679.20890059	-288.964875726	37.0556937026
37.65	2547.93727544	-287.116789465	35.2400976389
37.7	2613.68578756	-287.943514887	36.1494543995
37.75	2395.64417464	-284.921467624	33.133757034
37.8	2341.06356422	-284.134029695	32.3788616687
37.85	2280.92701713	-283.383058108	31.5471230652
37.9	2414.70181094	-285.163399388	33.3973400392
37.95	2453.88915411	-285.73619637	33.9393336796
38.0	2393.95061821	-284.911718384	33.1103337362
38.05	2322.54055088	-283.9107529	32.122672945
38.1	2476.96795801	-286.059381386	34.2585327866
38.15	2641.68034619	-288.401614722	36.5366424942
38.2	2577.56372281	-287.493798288	35.6498561162
38.25	2592.5124623	-287.784018382	35.8566096514
38.3	2274.71943767	-283.320343512	31.4612670639
38.35	2186.25916717	-282.048548754	30.2377877422
38.4	2609.38737011	-287.955279761	36.090003701
38.45	2652.40621551	-288.468956942	36.6849902129
38.5	2347.48869948	-284.156631584	32.4677266483
38.55	2418.656983	-285.204258807	33.4520433676
38.6	2367.06574803	-284.532717641	32.7384935581
38.65	2407.55803094	-285.055376117	33.2985356036
38.7	2360.23393592	-284.455236897	32.6440038985
38.75	2420.06170449	-285.334121184	33.4714718375
38.8	2369.8391235	-284.609390612	32.776851654
38.85	2416.95418741	-285.264527281	33.4284922844
38.9	2298.33011432	-283.536102777	31.7878224146
38.95	2530.83051142	-286.815911943	35.0034968246
39.0	2293.84708131	-283.459852563	31.725818329
39.05	2308.68473449	-283.684456494	31.9310354479
39.1	2555.19732877	-287.160302266	35.3405102318
39.15	2372.76314821	-284.605023233	32.8172933545
39.2	2599.19559728	-287.797990539	35.9490429822
39.25	2564.55872557	-287.345605838	35.4699861574
39.3	2407.66690608	-285.112038571	33.3000414375
39.35	2351.05110301	-284.341649374	32.5169976604
39.4	2424.28062442	-285.313132472	33.5298230188
39.45	2361.15459837	-284.436520029	32.6567374281
39.5	2759.92863806	-289.986182712	38.1721149964
39.55	2327.28173105	-283.907075645	32.1882474212
39.6	2337.80592292	-284.207180109	32.3338057725
39.65	2531.67921805	-286.889957922	35.0152351452
39.7	2516.14252242	-286.679446367	34.8003496861
39.75	2565.14338695	-287.33395181	35.478072512
39.8	2596.92126112	-287.765580465	35.9175870163
39.85	2311.3130737	-283.648690339	31.9673875714
39.9	2386.89425063	-284.799166432	33.0127382871
39.95	2554.94400246	-287.28654388	35.3370065176
40.0	2377.44525396	-284.760796216	32.8820507822
40.05	2563.02910137	-287.306447361	35.448830179
40.1	2641.06043886	-288.40723643	36.5280686589
40.15	2701.04795353	-289.28235717	37.3577460197
40.2	2189.42767674	-282.019179157	30.2816108723
40.25	2551.93634775	-287.07785216	35.2954081444
40.3	2570.84045464	-287.318824918	35.5568677098
40.35	2371.38309676	-284.57175567	32.798206092
40.4	2650.83179974	-288.588870658	36.6632147297
40.45	2557.33959291	-287.248287132	35.3701395316
40.5	2298.87232622	-283.518087585	31.7953216574
40.55	2243.65329927	-282.768073099	31.031596459
40.6	2568.85893877	-287.347507237	35.5294616927
40.65	2622.03719438	-288.081826355	36.2649613213
40.7	2604.41252312	-287.805374566	36.0211974177
40.75	2538.71708263	-286.924893118	35.1125746823
40.8	2257.51326128	-283.038596336	31.2232912935
40.85	2508.39088859	-286.475520431	34.6931381249
40.9	2441.53835717	-285.582391817	33.7685118568
40.95	2019.72649283	-279.64088492	27.9345019586
41.0	2509.53122004	-286.590103149	34.7089098601
41.05	2595.55628606	-287.716759423	35.8987082727
41.1	2420.88154312	-285.243991731	33.4828108895
41.15	2537.6496644	-286.998194089	35.0978113978
41.2	2576.29716908	-287.498724612	35.6323386217
41.25	2605.33675461	-287.87003318	36.0339803102
41.3	2400.49283645	-284.935720676	33.200818071
41.35	2490.57040321	-286.279240707	34.4466659489
41.4	2432.86010071	-285.458546102	33.6484843317
41.45	2284.62465119	-283.326489606	31.5982644284
41.5	2516.1241837	-286.627801086	34.8000960463
41.55	2420.31273022	-285.2693463	33.4749437326
41.6	2691.22778276	-289.162091416	37.2219248674
41.65	2195.72441746	-282.175778848	30.3687000482
41.7	2422.56908476	-285.355153388	33.5061509978
41.75	2668.83062413	-288.713591234	36.912153483
41.8	2629.87709565	-288.278278237	36.3733936948
41.85	2352.84634868	-284.374963551	32.5418274054
41.9	2347.63130315	-284.289264905	32.469698976
41.95	2546.00068892	-287.123745448	35.2133130322
42.0	2471.46941896	-286.144985623	34.1824834054
42.05	2279.03451273	-283.356491653	31.520948151
42.1	2364.19153885	-284.466346252	32.6987408478
42.15	2492.53640981	-286.34199002	34.4738574599
42.2	2319.90392392	-283.852684432	32.0862061951
42.25	2399.71369616	-285.01607925	33.190041911
42.3	2317.78675962	-283.852937802	32.056924047
42.35	2599.57134348	-287.818073823	35.9542398656
42.4	2536.88273459	-286.91543547	35.0872041189
42.45	2549.03388162	-287.104639622	35.2552646171
42.5	2318.77107558	-283.912225132	32.0705379577
42.55	2507.52661614	-286.515163891	34.6811845162
42.6	2526.59770407	-286.750250396	34.9449535686
42.65	2571.19597895	-287.388603312	35.5617849076
42.7	2384.4041786	-284.768017672	32.9782985141
42.75	2684.92592867	-288.982674699	37.1347649691
42.8	2256.11654895	-282.973185261	31.2039735971
42.85	2300.17103998	-283.607135072	31.8132839519
42.9	2695.25002221	-289.100698677	37.2775557937
42.95	2386.24820939	-284.801169015	33.0038029979
43.0	2360.81459591	-284.436674757	32.6520349105
43.05	2530.36448588	-286.844028554	34.9970513027
43.1	2430.61787605	-285.46542957	33.6174724946
43.15	2525.09375887	-286.804034313	34.9241527521
43.2	2240.36627188	-282.70069663	30.9861341286
43.25	2500.62041749	-286.325231178	34.5856660286
43.3	2484.28044298	-286.098096847	34.3596705528
43.35	2374.33791931	-284.58257017	32.8390737523
43.4	2338.82933077	-284.157900517	32.3479603567
43.45	2501.95542627	-286.375834615	34.6041303135
43.5	2591.50596858	-287.623379672	35.8426890038
43.55	2512.59719058	-286.58059257	34.7513147898
43.6	2300.20543101	-283.586291049	31.8137596085
43.65	2331.48519091	-283.989422845	32.2463847769
43.7	2457.89742853	-285.84471653	33.9947714581
43.75	2417.41034484	-285.247268157	33.4348013221
43.8	2690.4768057	-289.020712751	37.2115382282
43.85	2605.92802113	-287.832625003	36.0421580193
43.9	2384.3336796	-284.818442357	32.9773234541
43.95	2443.15204106	-285.579508331	33.7908304508
44.0	2560.44924328	-287.233996464	35.4131485899
44.05	2671.68271343	-288.807056193	36.9516002568
44.1	2460.39018922	-285.931704034	34.0292484175
44.15	2484.91348051	-286.214304316	34.3684259898
44.2	2356.96170682	-284.296682508	32.5987462409
44.25	2216.31098653	-282.342496244	30.6534294688
44.3	2358.45198347	-284.40396365	32.6193580098
44.35	2453.12018401	-285.672412121	33.9286981818
44.4	2642.25724296	-288.421425313	36.5446214578
44.45	2709.59493823	-289.429673498	37.4759579467
44.5	2694.12471205	-289.236995469	37.2619918156
44.55	2588.14671134	-287.754945028	35.7962276743
44.6	2400.09249758	-284.932461413	33.1952810504
44.65	2097.2161857	-280.701937426	29.0062490417
44.7	2570.10350575	-287.380160419	35.546675092
44.75	2552.35571922	-287.232588799	35.3012084017
44.8	2530.56477123	-286.820927819	34.9998214161
44.85	2544.37742946	-286.958386246	35.1908619999
44.9	2468.54210928	-285.945520998	34.141996271
44.95	2355.73465353	-284.426424861	32.5817750704
45.0	2600.94763688	-287.867929431	35.9732751513
45.05	2442.6089318	-285.62132892	33.7833187968
45.1	2526.88259611	-286.766167612	34.9488938631
45.15	2561.68434077	-287.216889079	35.4302310182
45.2	2421.16556519	-285.293497219	33.4867391516
45.25	2421.96091217	-285.321033299	33.4977394638
45.3	2615.89458338	-288.00374134	36.1800038878
45.35	2230.99447603	-282.555140464	30.8565143754
45.4	2361.3778979	-284.442647867	32.6598258468
45.45	2490.45466103	-286.214842654	34.445065138
45.5	2478.19807414	-286.04976054	34.2755463187
45.55	2470.74319306	-285.936671729	34.1724390956
45.6	2563.78443377	-287.335558694	35.459277056
45.65	2581.24639939	-287.494928706	35.7007906048
45.7	2555.372295	-287.218371015	35.3429301606
45.75	2518.63342176	-286.7037024	34.8348009015
45.8	2331.74017305	-284.080778112	32.2499113926
45.85	2562.58460062	-287.270657157	35.4426823629
45.9	2559.35103722	-287.216746451	35.397959484
45.95	2381.02604484	-284.768320811	32.9315761066
46.0	2492.60748191	-286.268764321	34.4748404464
46.05	2538.77581435	-286.850693692	35.1133869909
46.1	2450.18541187	-285.715681361	33.8881078354
46.15	2220.42819025	-282.466202713	30.7103738302
46.2	2295.06936498	-283.559163801	31.7427235316
46.25	2334.40784347	-284.122166027	32.2868074995
46.3	2312.16428096	-283.787856939	31.9791604777
46.35	2450.72063642	-285.684229253	33.8955104373
46.4	2675.18651629	-288.855321732	37.0000607728
46.45	2350.55544189	-284.339969271	32.5101422537
46.5	2655.41653594	-288.54705646	36.7266254553
46.55	2696.52193581	-289.156242482	37.2951474196
46.6	2427.10752773	-285.413408413	33.5689214495
46.65	2673.2111731	-288.741543198	36.9727401289
46.7	2444.02565578	-285.550692274	33.8029132711
46.75	2198.51221628	-282.199898714	30.4072576311
46.8	2420.73633204	-285.242339025	33.4808024991
46.85	2503.50353722	-286.391166703	34.6255419792
46.9	2551.40879142	-287.118021976	35.2881116003
46.95	2395.76889613	-284.999232173	33.1354820363
47.0	2523.15197523	-286.747863915	34.8972962648
47.05	2601.58551817	-287.809947288	35.9820975814
47.1	2348.22892628	-284.291786477	32.4779646023
47.15	2158.10042663	-281.57121504	29.8483288745
47.2	2492.49241635	-286.25969311	34.4732489937
47.25	2297.415838	-283.512139539	31.7751772105
47.3	2459.52351415	-285.781919102	34.0172615784
47.35	2025.04698636	-279.677441953	28.0080888218
47.4	2309.15854402	-283.808474049	31.9375886289
47.45	2636.18589366	-288.331314546	36.4606496331
47.5	2743.17929282	-289.751315496	37.9404575819
47.55	2428.5622029	-285.358131885	33.5890408204
47.6	2366.31383964	-284.514146386	32.7280940379
47.65	2271.30156637	-283.188281315	31.4139950531
47.7	2350.66807597	-284.354044393	32.511700077
47.75	2532.17731494	-287.023343089	35.0221242405
47.8	2673.71919707	-288.930601414	36.9797665241
47.85	2177.34622916	-281.812347764	30.1145143756
47.9	2668.92269058	-288.788696157	36.9134268388
47.95	2285.45882324	-283.344479444	31.6098017236
48.0	2742.52803223	-289.809654258	37.9314501047
48.05	2390.63638087	-284.924974293	33.0644950695
48.1	2433.90557272	-285.532163152	33.6629440816
48.15	2437.37841253	-285.410616063	33.7109763528
48.2	2371.28240954	-284.593447775	32.7968135037
48.25	2401.11637936	-285.084766495	33.2094421895
48.3	2439.62253018	-285.541454747	33.7420143716
48.35	2633.84187681	-288.278219541	36.428229925
48.4	2517.59452973	-286.633838195	34.8204321583
48.45	2170.74606581	-281.687630574	30.0232286116
48.5	2624.27543174	-288.123498075	36.2959180108
48.55	2574.68173	-287.495346443	35.6099957518
48.6	2827.10673234	-291.022613325	39.1012440706
48.65	2449.50894701	-285.723394587	33.8787517621
48.7	2466.70586368	-285.969208674	34.1165994629
48.75	2586.8320861	-287.653897776	35.7780453108
48.8	2276.6671711	-283.25437552	31.4882058418
48.85	2524.57499062	-286.77336011	34.9169777545
48.9	2605.7991393	-287.902097927	36.0403754762
48.95	2619.21469512	-288.098548097	36.2259238023
49.0	2312.22781115	-283.81305521	31.9800391532
49.05	2642.60883557	-288.442331487	36.5494842768
49.1	2231.32385675	-282.559489579	30.8610699855
49.15	2508.28759084	-286.489939641	34.6917094309
49.2	2745.00827391	-289.899786162	37.9657539158
49.25	2429.39990546	-285.471268041	33.6006269454
49.3	2369.35548045	-284.579831204	32.7701624673
49.35	2674.84979644	-288.934389182	36.9954036564
49.4	2252.17727929	-282.887993309	31.1494902121
49.45	2341.51362027	-284.159189454	32.3850863192
49.5	2567.4454795	-287.364263581	35.509912372
49.55	2602.83484261	-287.8817344	35.9993767804
49.6	2631.44634791	-288.273806946	36.3950977623
49.65	2394.39514161	-284.873092308	33.1164818656
49.7	2236.26388746	-282.705693129	30.9293947305
49.75	2516.75388189	-286.684228759	34.8088052975
49.8	2503.10793908	-286.470030478	34.620070527
49.85	2504.5111574	-286.463724224	34.6394782067
49.9	2527.93475762	-286.802219793	34.9634461342
49.95	2478.05230516	-286.14617464	34.2735302121
50.0	2384.82983141	-284.861564916	32.9841856474
50.05	2471.41655022	-285.990871604	34.1817521867
50.1	2500.25164598	-286.387175544	34.5805656111
50.15	2764.84838866	-290.08761646	38.2401592506
50.2	2402.14227847	-284.979778327	33.2236312298
50.25	2308.20613002	-283.80927462	31.9244159489
50.3	2447.23607685	-285.717029952	33.8473160721
50.35	2471.1913268	-285.960803429	34.178637159
50.4	2605.07137579	-287.85872397	36.0303098998
50.45	2392.29233159	-284.842773512	33.0873982491
50.5	2422.40579919	-285.297477264	33.5038926223
50.55	2630.2282023	-288.256680039	36.3782497926
50.6	2533.54901119	-286.891318753	35.0410959438
50.65	2592.55708795	-287.610824426	35.8572268613
50.7	2306.23463575	-283.592848858	31.8971485387
50.75	2540.41945485	-286.971689744	35.13611991
50.8	2350.51203119	-284.236169088	32.5095418475
50.85	2553.67372406	-287.16834587	35.3194375079
50.9	2657.76455223	-288.649442994	36.7591004789
50.95	2353.30223955	-284.343245354	32.5481327563
51.0	2459.6599077	-285.855150279	34.0191480149
51.05	2641.93028896	-288.522142451	36.5400994113
51.1	2294.78261417	-283.532950408	31.7387575287
51.15	2589.91416355	-287.700397497	35.8206730125
51.2	2585.84161488	-287.63636558	35.7643462677
51.25	2461.13804764	-285.91411175	34.0395919231
51.3	2528.27915099	-286.80008388	34.9682093818
51.35	2417.13106534	-285.283456332	33.4309386537
51.4	2433.74661388	-285.46413276	33.6607455483
51.45	2191.34950394	-282.04561952	30.3081913453
51.5	2710.1880333	-289.408808385	37.4841609462
51.55	2492.9377567	-286.388314746	34.4794084222
51.6	2434.02601841	-285.429541619	33.664609946
51.65	2639.86906617	-288.346556443	36.5115909809
51.7	2597.59353084	-287.700294739	35.9268850672
51.75	2400.17806084	-284.942693553	33.1964644618
51.8	2402.00213752	-285.08863649	33.2216929636
51.85	2417.13350044	-285.281844401	33.4309723332
51.9	2445.31720233	-285.671045664	33.8207764371
51.95	2390.57657639	-284.865774888	33.0636679236
52.0	2325.99288544	-283.959365569	32.1704216115
52.05	2734.7964265	-289.730646839	37.8245155489
52.1	2196.47672576	-282.077831702	30.3791050994
52.15	2620.88072776	-288.064908465	36.2489664234
52.2	2544.68431819	-286.977003572	35.195106527
52.25	2251.34217576	-282.863674623	31.1379400337
52.3	2397.24383608	-285.078561129	33.155881686
52.35	2579.66608007	-287.561267464	35.6789334705
52.4	2624.9912278	-288.144601834	36.3058180673
52.45	2550.87597463	-287.093470015	35.2807422998
52.5	2477.43396476	-286.043422422	34.2649780486
52.55	2476.47207302	-286.088662125	34.2516742836
52.6	2448.20016338	-285.751870253	33.8606501929
52.65	2660.70125215	-288.780716504	36.7997174881
52.7	2062.73967499	-280.276614733	28.5294101432
52.75	2493.39368251	-286.259493322	34.4857142564
52.8	2599.291003	-287.775679331	35.950362523
52.85	2852.17621999	-291.286453747	39.4479759941
52.9	2428.27260374	-285.486179053	33.5850354224
52.95	2340.92629314	-284.227012637	32.3769630952
53.0	2384.34899031	-284.744124472	32.9775352139
53.05	2660.934279	-288.699412312	36.8029404439
53.1	2424.93644946	-285.273903825	33.5388936262
53.15	2526.91762691	-286.748051861	34.9493783682
53.2	2608.72410889	-287.951366691	36.0808302451
53.25	2474.86942232	-286.089824431	34.2295082877
53.3	2379.93964375	-284.733306818	32.9165502735
53.35	2503.36754575	-286.398770169	34.6236611037
53.4	2649.53312888	-288.406495474	36.6452530286
53.45	2545.36932511	-287.098030181	35.2045807441
53.5	2600.24114225	-287.852239112	35.9635037412
53.55	2468.701818	-285.981793146	34.1442051758
53.6	2134.26183694	-281.276196975	29.5186212965
53.65	2476.90646253	-286.022747941	34.2576822528
53.7	2516.21348427	-286.6231618	34.8013311477
53.75	2568.39098296	-287.403374318	35.5229894735
53.8	2377.96602952	-284.702379237	32.8892535425
53.85	2708.42271916	-289.332167773	37.4597451792
53.9	2706.39308248	-289.262456595	37.4316736112
53.95	2265.29300137	-283.134206299	31.3308915877
54.0	2346.82199839	-284.251811666	32.4585056161
54.05	2547.73057215	-287.049171629	35.23723876
54.1	2434.79963719	-285.469485401	33.6753097389
54.15	2520.72361194	-286.693157014	34.8637099751
54.2	2296.88550074	-283.465792391	31.7678422039
54.25	2766.28449851	-290.096715746	38.2600218476
54.3	2439.63055901	-285.589804447	33.7421254169
54.35	2513.91002041	-286.542426503	34.7694723213
54.4	2359.88147631	-284.384679001	32.6391290881
54.45	2525.46266222	-286.74333091	34.9292549931
54.5	2348.99757711	-284.155850123	32.4885956844
54.55	2645.51590291	-288.341652573	36.5896914427
54.6	2524.32376167	-286.659361847	34.9135030485
54.65	2327.65774011	-283.83460197	32.1934479402
54.7	2359.45628244	-284.414465468	32.6332483022
54.75	2536.30571037	-286.935306597	35.0792233926
54.8	2624.4673165	-288.146095824	36.298571937
54.85	2465.16311918	-285.901067203	34.0952620196
54.9	2562.25128615	-287.369150954	35.4380723457
54.95	2215.77008821	-282.423278205	30.6459483939
55.0	2405.26391612	-285.038867094	33.2668060821
55.05	2295.68689767	-283.519614432	31.7512645237
55.1	2270.32235015	-283.116488566	31.4004516761
55.15	2506.52061922	-286.476850738	34.6672707396
55.2	2496.36951224	-286.367548768	34.5268724635
55.25	2634.93648631	-288.28611685	36.4433692873
55.3	2593.0251442	-287.682987707	35.8637004696
55.35	2223.8367011	-282.533613453	30.7575163782
55.4	2550.59481706	-287.190397991	35.2768536561
55.45	2633.6224399	-288.312143201	36.4251949295
55.5	2560.44928297	-287.227862944	35.4131491387
55.55	2426.95755085	-285.357170413	33.5668471441
55.6	2628.86910082	-288.339098695	36.3594522856
55.65	2376.72098136	-284.736743811	32.872033488
55.7	2313.71722164	-283.847740263	32.0006389425
55.75	2507.25070562	-286.508055355	34.6773684435
55.8	2365.33661735	-284.572082327	32.7145782386
55.85	2476.7046224	-286.09292727	34.2548906355
55.9	2803.26374036	-290.633954466	38.7714756051
55.95	2434.08574726	-285.513689224	33.6654360458
56.0	2343.52715145	-284.274306278	32.4129351349
56.05	2464.94851858	-285.876097249	34.0922939144
56.1	2506.40232108	-286.492559629	34.6656345777
56.15	2530.89020746	-286.873908003	35.0043224706
56.2	2676.0775276	-288.920199304	37.0123842024
56.25	2487.14551742	-286.181638122	34.3992969218
56.3	2427.04134272	-285.37158912	33.5680060556
56.35	2306.37124116	-283.630885621	31.8990379055
56.4	2539.68163916	-286.983974954	35.1259153035
56.45	2433.63455802	-285.444328765	33.6591957223
56.5	2440.6983675	-285.56550369	33.7568940989
56.55	2547.22778768	-287.06621159	35.2302848314
56.6	2595.58342553	-287.778523273	35.8990836341
56.65	2496.69331454	-286.391442606	34.5313509194
56.7	2659.2297965	-288.745683667	36.7793660293
56.75	2423.87573963	-285.366403133	33.5242231246
56.8	2441.22353902	-285.661396585	33.7641576591
56.85	2523.00860482	-286.777561028	34.8953133324
56.9	2369.22180166	-284.558888192	32.768313578
56.95	2635.32319234	-288.299244769	36.4487177543
57.0	2527.19459814	-286.76342721	34.9532091114
57.05	2331.90119858	-284.03714167	32.2521385101
57.1	2465.7766741	-285.915474342	34.103747996
57.15	2294.41971003	-283.54046426	31.7337382618
57.2	2422.53652971	-285.350490179	33.5057007343
57.25	2467.33120595	-285.991437514	34.125248468
57.3	2551.81969352	-287.19370789	35.2937947191
57.35	2296.70595852	-283.575347229	31.7653589852
57.4	2582.55678469	-287.476880564	35.7189143264
57.45	2602.38334335	-287.716479644	35.9931321691
57.5	2315.75381497	-283.825619593	32.0288067269
57.55	2259.64173019	-283.102960732	31.2527297938
57.6	2224.50264862	-282.521581806	30.7667269878
57.65	2501.57542132	-286.425556344	34.5988745281
57.7	2405.0039395	-285.004079349	33.2632103886
57.75	2681.74307383	-288.872736834	37.0907434321
57.8	2577.79231303	-287.547518133	35.6530177096
57.85	2517.0726908	-286.677784635	34.8132146906
57.9	2415.27846599	-285.151308696	33.4053156595
57.95	2474.95604629	-286.119746255	34.2307063695
58.0	2412.99256253	-285.303117055	33.3736997081
58.05	2194.62782591	-282.258310128	30.3535332724
58.1	2482.83598668	-286.210068939	34.3396925174
58.15	2516.24729512	-286.601417592	34.8017987799
58.2	2484.82991232	-286.144066027	34.367270172
58.25	2565.49973681	-287.315423624	35.4830011277
58.3	2449.58432902	-285.756935663	33.8797943582
58.35	2350.04527748	-284.364465332	32.5030862544
58.4	2467.46845656	-286.000235781	34.1271467585
58.45	2509.55421244	-286.530436985	34.7092278641
58.5	2460.44265441	-285.861005131	34.0299740548
58.55	2418.36550559	-285.259783215	33.4480119919
58.6	2311.93504401	-283.739020927	31.9759899394
58.65	2726.26944949	-289.542800786	37.7065803449
58.7	2400.49012668	-284.973596015	33.2007805926
58.75	2217.89084794	-282.486110692	30.6752802698
58.8	2478.22219712	-286.059349369	34.2758799595
58.85	2657.64610065	-288.596415634	36.7574621948
58.9	2501.22486571	-286.444375821	34.5940260517
58.95	2468.11075186	-286.004470702	34.1360302382
59.0	2516.24485041	-286.594652832	34.8017649675
59.05	2608.33652545	-287.956105587	36.0754696429
59.1	2362.05269461	-284.529996559	32.6691588481
59.15	2226.42183177	-282.587531915	30.7932708915
59.2	2273.92629148	-283.230097638	31.4502971905
59.25	2304.55514253	-283.623783525	31.8739197468
59.3	2622.32594055	-288.15385652	36.2689549217
59.35	2312.56191862	-283.723418702	31.9846601381
59.4	2481.17253634	-286.110117033	34.3166856118
59.45	2280.77381169	-283.279524076	31.5450041062
59.5	2334.79449401	-284.050532219	32.292155199
59.55	2212.88378594	-282.323659349	30.6060284262
59.6	2333.00925575	-284.075955988	32.2674638649
59.65	2293.27378403	-283.517808466	31.7178891494
59.7	2507.96305569	-286.574180914	34.687220839
59.75	2524.87627877	-286.803716815	34.9211448208
59.8	2643.34653919	-288.449858941	36.5596873332
59.85	2390.05669083	-284.907127764	33.0564774727
59.9	2638.25690765	-288.400532502	36.4892934839
59.95	2631.42031589	-288.269676482	36.3947377179
60.0	2287.13866398	-283.34885198	31.6330353221
60.05	2592.86006507	-287.717906141	35.8614172877
60.1	2637.37115203	-288.402192369	36.477042745
60.15	2318.75449523	-283.828195569	32.0703086376
60.2	2315.11972436	-283.770450802	32.0200367248
60.25	2437.56282139	-285.530919256	33.713526881
60.3	2459.92702326	-285.791729535	34.022842446
60.35	2414.4309747	-285.146970353	33.3935941481
60.4	2304.93645559	-283.633909469	31.8791936244
60.45	2576.09498692	-287.462534465	35.6295422738
60.5	2591.32025905	-287.637877457	35.840120486
60.55	2249.65343266	-282.892397237	31.1145833082
60.6	2550.25700502	-287.155033381	35.2721814338
60.65	2593.72972829	-287.692142409	35.8734454552
60.7	2456.2878548	-285.762364972	33.9725097108
60.75	2412.72484943	-285.147153323	33.3699970126
60.8	2649.76384544	-288.512747208	36.6484440311
60.85	2400.96770338	-285.004573916	33.2073858767
60.9	2404.51899888	-285.124176632	33.2565032554
60.95	2558.08525374	-287.316364337	35.3804526429
61.0	2420.02932293	-285.293899629	33.4710239734
61.05	2298.83997288	-283.646188453	31.7948741837
61.1	2494.70469475	-286.357551964	34.5038466491
61.15	2611.87303667	-287.970885891	36.1243825427
61.2	2498.370977	-286.269165371	34.5545543905
61.25	2412.29749349	-285.077997185	33.3640863236
61.3	2660.26372823	-288.636678934	36.7936661675
61.35	2320.72450872	-283.813411803	32.0975555673
61.4	2361.93482093	-284.370099389	32.6675285569
61.45	2403.50616506	-285.043547894	33.2424949189
61.5	2570.94106142	-287.353731625	35.5582591854
61.55	2369.1617384	-284.523570827	32.7674828531
61.6	2323.40861877	-283.860913048	32.134679048
61.65	2256.60300442	-283.006213861	31.210701682
61.7	2408.55827033	-285.14303278	33.3123697485
61.75	2288.30329478	-283.294565908	31.6491431375
61.8	2456.39529381	-285.730232577	33.9739956819
61.85	2670.94756088	-288.890133164	36.9414324838
61.9	2544.15345643	-287.154771185	35.1877642661
61.95	2198.73125193	-282.199242472	30.4102870768
62.0	2663.25640883	-288.746151107	36.8350574362
