# 	 t 	 T	E	K
2.05	2410.44466394	-286.827474227	33.3384601456
2.1	2233.38659415	-284.296255241	30.8895993642
2.15	2596.67639421	-289.367527339	35.9142003027
2.2	2320.70209436	-285.496305392	32.097245558
2.25	2529.75065998	-288.46166664	34.9885615785
2.3	2278.86732969	-284.897232609	31.5186358701
2.35	2648.54250665	-290.159430295	36.6315518968
2.4	2113.3184162	-282.629221594	29.2289563197
2.45	2403.59489561	-286.670660703	33.2437221364
2.5	2373.83707438	-286.247241035	32.8321466491
2.55	2160.14949549	-283.242054423	29.876669206
2.6	2344.41780589	-285.856709642	32.4252536286
2.65	2422.10743339	-286.872874033	33.4997659744
2.7	2440.7773453	-287.147571448	33.7579864278
2.75	2334.97500335	-285.63966793	32.2946517938
2.8	2613.33937963	-289.655906542	36.1446632888
2.85	2596.84623493	-289.469198404	35.9165493415
2.9	2461.94029495	-287.536069407	34.0506876726
2.95	2338.12110059	-285.77161629	32.3381649425
3.0	2334.60934128	-285.721024889	32.2895943823
3.05	2219.41830546	-284.175017606	30.6964062813
3.1	2475.12773065	-287.705244161	34.2330809074
3.15	2412.63115836	-286.801954707	33.368701187
3.2	2488.85240311	-287.945032226	34.4229045745
3.25	2454.0923071	-287.414219753	33.942143455
3.3	2390.73861165	-286.524704644	33.0659090065
3.35	2323.29014888	-285.542678779	32.1330405106
3.4	2604.10938129	-289.5522438	36.0170047134
3.45	2261.46208217	-284.67180298	31.27790678
3.5	2316.5833322	-285.464421194	32.0402796421
3.55	2509.13513481	-288.128653542	34.7034316709
3.6	2470.97762984	-287.649385289	34.1756815517
3.65	2401.11168588	-286.706156715	33.2093772748
3.7	2603.86840931	-289.553987411	36.01367187
3.75	2392.41269151	-286.600594356	33.0890629271
3.8	2463.33662133	-287.532824051	34.0700000311
3.85	2371.04975383	-286.22714894	32.7935956812
3.9	2486.4988904	-287.897096398	34.3903535309
3.95	2355.2648888	-286.007958183	32.5752778324
4.0	2342.20377282	-285.821377173	32.3946317046
4.05	2533.91655994	-288.482758814	35.0461794496
4.1	2382.40549172	-286.340225966	32.9506550074
4.15	2205.21378648	-283.891034926	30.4999459365
4.2	2451.37325808	-287.359408997	33.9045367392
4.25	2389.60512441	-286.600691813	33.0502319325
4.3	2224.96051119	-284.205721479	30.773059609
4.35	2632.89664033	-289.900149192	36.4151565162
4.4	2581.60526671	-289.097432704	35.7057540391
4.45	2261.81540755	-284.626813247	31.2827935646
4.5	2445.69021109	-287.269374313	33.8259354593
4.55	2423.55369141	-286.928549243	33.519768929
4.6	2451.00456152	-287.265199843	33.8994373582
4.65	2453.85976759	-287.341346551	33.9389272396
4.7	2214.50926183	-283.968063647	30.6285101135
4.75	2400.14092059	-286.715316617	33.1959507811
4.8	2439.55615638	-287.152170958	33.7410963665
4.85	2398.89440625	-286.603339941	33.1787104482
4.9	2330.2427546	-285.700523051	32.2292008466
4.95	2346.62513334	-285.823026826	32.4557828083
5.0	2356.61688426	-286.010297933	32.5939770572
5.05	2508.601613	-288.173529654	34.6960526193
5.1	2312.8634067	-285.529913089	31.9888299697
5.15	2448.55394368	-287.336874666	33.8655432696
5.2	2555.62730801	-288.802398201	35.3464572033
5.25	2393.7789364	-286.514894417	33.1079592336
5.3	2444.34145686	-287.224281057	33.8072810633
5.35	2416.83998248	-286.849116168	33.4269127349
5.4	2165.24449706	-283.30392774	29.9471373271
5.45	2062.13695369	-281.977953582	28.5210740049
5.5	2119.39642187	-282.685181037	29.3130202075
5.55	2604.61003082	-289.474181843	36.023929114
5.6	2706.88885348	-290.934355308	37.4385305375
5.65	2511.11378301	-288.192828475	34.7307980258
5.7	2320.20177142	-285.507263868	32.0903256745
5.75	2253.08428902	-284.588833215	31.1620349132
5.8	2284.79279598	-284.999350665	31.600590011
5.85	2414.26492332	-286.952506582	33.3912975191
5.9	2607.12582107	-289.595729843	36.0587245914
5.95	2349.37848462	-285.921059114	32.493863953
6.0	2485.30529873	-287.8768796	34.3738451626
6.05	2319.2815304	-285.603375252	32.0775979736
6.1	2456.45325648	-287.453879492	33.9747973541
6.15	2355.0991591	-285.912082605	32.5729856523
6.2	2484.52029715	-287.805418788	34.3629879359
6.25	2187.2003792	-283.765908847	30.2508054896
6.3	2679.74694247	-290.558131444	37.0631352705
6.35	2478.2393876	-287.747552672	34.2761177183
6.4	2439.20942728	-287.227136366	33.7363008138
6.45	2246.79386518	-284.500397981	31.075033105
6.5	2288.14706912	-285.042608046	31.6469824062
6.55	2273.74533153	-284.88649842	31.4477943636
6.6	2296.46070265	-285.217306256	31.7619668921
6.65	2249.55073626	-284.539399154	31.1131629314
6.7	2306.09573309	-285.324634117	31.8952273991
6.75	2894.74972033	-293.623065539	40.0368030124
6.8	2348.56475383	-285.980023198	32.4826093774
6.85	2502.50261355	-288.056711136	34.61169837
6.9	2350.98040415	-285.931905638	32.5160198362
6.95	2453.01088222	-287.329329758	33.9271864469
7.0	2614.67682439	-289.719072777	36.1631612654
7.05	2261.62496323	-284.699726719	31.2801595609
7.1	2519.52673513	-288.302474376	34.8471561705
7.15	2279.00292687	-284.969002573	31.5205112922
7.2	2524.14330876	-288.342620304	34.9110072343
7.25	2443.30432187	-287.234306221	33.7929366215
7.3	2661.85891749	-290.320361707	36.8157289654
7.35	2215.2460468	-283.952811002	30.6387004641
7.4	2436.81253135	-287.234912289	33.7031497441
7.45	2542.94959132	-288.734377807	35.1711138075
7.5	2424.51779848	-287.063457023	33.5331033339
7.55	2261.48992301	-284.626610988	31.278291842
7.6	2519.59978633	-288.365451083	34.8481665295
7.65	2536.01578624	-288.614773204	35.0752135001
7.7	2281.19498846	-284.961321873	31.5508293323
7.75	2255.93525851	-284.543964093	31.201466199
7.8	2639.4245167	-289.993174883	36.5054424909
7.85	2635.65084105	-289.901529105	36.4532494092
7.9	2530.24507907	-288.479211163	34.9953998069
7.95	2229.10616701	-284.142217579	30.8303974866
8.0	2345.99553861	-285.988370351	32.4470749881
8.05	2488.21385428	-287.914765187	34.4140729117
8.1	2448.46408101	-287.309364234	33.8643003939
8.15	2527.68966199	-288.465646524	34.9600562573
8.2	2455.65978752	-287.372500262	33.9638230165
8.25	2350.55285422	-285.887602895	32.510106464
8.3	2366.35323042	-286.158103321	32.7286388453
8.35	2521.59290228	-288.39198763	34.8757329855
8.4	2414.4728279	-286.768678842	33.3941730128
8.45	2368.58724259	-286.182578397	32.7595370968
8.5	2782.80095619	-292.063264093	38.4884582329
8.55	2291.49789582	-285.067989021	31.6933271342
8.6	2258.38031177	-284.639968626	31.235283325
8.65	2384.88475506	-286.455376048	32.9849452874
8.7	2320.82688573	-285.521628604	32.0989715267
8.75	2261.01773566	-284.660375601	31.2717610971
8.8	2416.72840857	-286.789237377	33.4253695748
8.85	2600.63602995	-289.448686936	35.9689653674
8.9	2481.50137691	-287.805318489	34.321233751
8.95	2360.93317854	-286.088265981	32.6536750072
9.0	2481.44326085	-287.731944372	34.3204299575
9.05	2341.31028488	-285.809268292	32.3822740212
9.1	2132.44173373	-282.948619582	29.493447751
9.15	2379.9946777	-286.353124338	32.9173114389
9.2	2668.80286116	-290.326255415	36.911769498
9.25	2226.72467569	-284.212023086	30.7974594754
9.3	2293.03793444	-285.153264878	31.7146271529
9.35	2294.01246474	-285.106359941	31.7281057198
9.4	2684.2680205	-290.543773619	37.1256655505
9.45	2719.48495018	-291.143517993	37.6127450608
9.5	2233.50909349	-284.374955114	30.8912936322
9.55	2282.07397977	-285.081881838	31.5629865152
9.6	2342.60510079	-285.824800131	32.4001824053
9.65	2678.8196251	-290.563799713	37.0503096978
9.7	2515.2053427	-288.324374099	34.7873877089
9.75	2397.54306335	-286.643849986	33.1600202487
9.8	2466.36752749	-287.627144619	34.1119199911
9.85	2486.05432083	-287.897178195	34.3842047629
9.9	2344.84511623	-285.901389627	32.4311636871
9.95	2206.37275014	-283.895693286	30.5159753705
10.0	2520.50476821	-288.298228412	34.8606831837
10.05	2232.85806732	-284.293777294	30.8822893973
10.1	2310.66912248	-285.369215146	31.9584811888
10.15	2547.83151151	-288.705185138	35.2386348356
10.2	2173.91977708	-283.47170928	30.0671236855
10.25	2497.64788892	-287.941932925	34.5445534792
10.3	2429.22343623	-287.004190853	33.5981862288
10.35	2544.91615152	-288.694050631	35.1983129753
10.4	2371.94476189	-286.219226712	32.8059743892
10.45	2482.2872117	-287.696652235	34.3321025016
10.5	2460.73425758	-287.524570615	34.0340071698
10.55	2052.39070404	-281.711084652	28.3862752434
10.6	2510.4102347	-288.112604255	34.721067366
10.65	2210.09569207	-283.991536695	30.5674667625
10.7	2514.85167562	-288.358875181	34.7824961983
10.75	2249.66904562	-284.591809253	31.1147992484
10.8	2198.22840232	-283.743680614	30.4033322472
10.85	2545.282799	-288.648791323	35.2033840157
10.9	2372.70089938	-286.316044896	32.8164324013
10.95	2628.81269593	-289.884671286	36.3586721588
11.0	2332.79619082	-285.640339979	32.2645169991
11.05	2567.99091068	-289.119216425	35.5174561402
11.1	2467.72183571	-287.58960409	34.1306512033
11.15	2479.33799456	-287.770863031	34.2913123688
11.2	2332.05813702	-285.672411771	32.2543090995
11.25	2463.08547895	-287.525478634	34.0665265225
11.3	2424.12026825	-286.944071722	33.5276051594
11.35	2440.92393701	-287.21484699	33.7600139135
11.4	2390.99782318	-286.546104829	33.0694941181
11.45	2632.23901573	-289.942385603	36.4060610195
11.5	2451.14784927	-287.39972442	33.9014191474
11.55	2215.53060496	-284.083839177	30.6426361408
11.6	2239.7736317	-284.324742884	30.9779374206
11.65	2396.14759681	-286.504485531	33.1407197825
11.7	2492.38174531	-287.986050465	34.4717183208
11.75	2561.15395662	-288.985709922	35.4228953631
11.8	2318.94766225	-285.536899829	32.0729802986
11.85	2560.99220336	-288.92032432	35.4206581807
11.9	2471.9920705	-287.695862681	34.1897121122
11.95	2553.3795372	-288.812068291	35.3153686582
12.0	2354.46551788	-285.998870022	32.5642218658
12.05	2448.44159002	-287.290387079	33.8639893247
12.1	2401.72535669	-286.680113573	33.2178648539
12.15	2345.19001659	-285.882049122	32.4359339467
12.2	2410.77637521	-286.758692609	33.343047989
12.25	2229.29724949	-284.228707998	30.8330403168
12.3	2416.6506087	-286.924209887	33.4242935376
12.35	2230.1044245	-284.257953241	30.8442042204
12.4	2435.09538551	-287.119339307	33.6794001849
12.45	2441.0013315	-287.15784498	33.7610843438
12.5	2495.77795646	-287.984186713	34.5186907537
12.55	2356.8726156	-286.082438266	32.597514035
12.6	2476.38705228	-287.663982778	34.2504983759
12.65	2517.65532889	-288.317475007	34.8212730613
12.7	2639.90426309	-289.99329218	36.5120777837
12.75	2237.11440133	-284.350973304	30.9411580466
12.8	2208.32421928	-283.931677958	30.5429658163
12.85	2261.02308451	-284.665452499	31.2718350761
12.9	2382.89282124	-286.361273382	32.9573951812
12.95	2487.23431612	-287.867063734	34.4005250819
13.0	2367.14535721	-286.191677924	32.7395946195
13.05	2551.40576457	-288.693379589	35.2880697366
13.1	2257.10465523	-284.568379361	31.2176399311
13.15	2293.53921903	-285.113571701	31.7215603368
13.2	2607.73236411	-289.594439096	36.0671135877
13.25	2513.83642152	-288.242415988	34.7684543873
13.3	2266.20184776	-284.749185009	31.3434616914
13.35	2455.59345122	-287.418573935	33.9629055301
13.4	2258.00264529	-284.62062844	31.2300598825
13.45	2414.625271	-286.870571346	33.396281428
13.5	2377.76857816	-286.366660292	32.8865226255
13.55	2509.60816575	-288.141718257	34.7099740834
13.6	2372.66346589	-286.203289506	32.8159146648
13.65	2575.61301442	-289.069437577	35.6228761922
13.7	2339.51320102	-285.743635249	32.3574188526
13.75	2438.23186856	-287.140037498	33.7227803614
13.8	2363.44393368	-286.097507624	32.6884008448
13.85	2482.76408198	-287.80305338	34.3386980154
13.9	2432.87255196	-287.122992179	33.6486565429
13.95	2357.00420582	-285.990630505	32.5993340374
14.0	2534.8888595	-288.533516075	35.0596271634
14.05	2146.74766478	-283.072340811	29.6913107094
14.1	2403.23515613	-286.690750254	33.2387466394
14.15	2342.32206947	-285.988156292	32.396267846
14.2	2370.69373479	-286.272970207	32.7886716409
14.25	2227.97247861	-284.241932228	30.8147176305
14.3	2295.15056405	-285.125909788	31.7438465824
14.35	2675.51628506	-290.399604283	37.0046217499
14.4	2533.96687764	-288.485794331	35.0468753853
14.45	2537.38385004	-288.584203488	35.0941349635
14.5	2139.21010458	-282.886459331	29.5870599651
14.55	2432.5238876	-287.121690738	33.6438342241
14.6	2454.03958913	-287.5366041	33.9414143214
14.65	2367.42674445	-286.187593378	32.7434864397
14.7	2420.78397167	-286.925667695	33.481461395
14.75	2326.53710843	-285.588097426	32.1779486693
14.8	2542.53340202	-288.711933912	35.1653575624
14.85	2390.19528158	-286.625993413	33.0583942983
14.9	2126.10621293	-282.869960595	29.4058222142
14.95	2684.86637031	-290.63268147	37.1339412273
15.0	2312.24570563	-285.340833133	31.9802866487
15.05	2410.3729627	-286.798078411	33.3374684575
15.1	2469.59107486	-287.702015931	34.1565043398
15.15	2463.89348094	-287.576387849	34.0777018639
15.2	2479.34377026	-287.691779468	34.2913922515
15.25	2445.21774651	-287.191317892	33.8194008802
15.3	2022.98086723	-281.241977833	27.9795126709
15.35	2652.89152908	-290.148559321	36.6917025044
15.4	2327.05854262	-285.48353756	32.1851605391
15.45	2406.0759551	-286.727129583	33.2780372586
15.5	2293.98050823	-285.17447832	31.7276637346
15.55	2365.41957017	-286.15525316	32.7157255453
15.6	2354.33787001	-285.97049943	32.5624563894
15.65	2787.77613324	-292.037021785	38.5572690811
15.7	2366.23750399	-286.126298681	32.7270382523
15.75	2286.74712592	-285.109730632	31.6276200242
15.8	2176.34833895	-283.574480247	30.1007127217
15.85	2211.70194525	-284.030952111	30.5896825837
15.9	2422.50057869	-286.980985352	33.5052035018
15.95	2382.28045062	-286.419353337	32.9489255848
16.0	2499.34198114	-288.052847404	34.5679841876
16.05	2387.32563787	-286.480537745	33.0187047324
16.1	2596.58529272	-289.301031587	35.912940293
16.15	2582.41875618	-289.196714769	35.717005277
16.2	2266.77325576	-284.821423664	31.3513647405
16.25	2499.66715803	-288.113630778	34.5724816552
16.3	2658.51896203	-290.242735059	36.7695345957
16.35	2456.40972351	-287.477003705	33.9741952567
16.4	2144.05798731	-283.085817669	29.6541102266
16.45	2634.88927342	-289.961841404	36.4427162937
16.5	2617.7760167	-289.728941646	36.2060256799
16.55	2235.32095104	-284.380858545	30.9163531334
16.6	2500.6189471	-288.144783361	34.5856456919
16.65	2262.8512525	-284.757109481	31.2971201643
16.7	2473.60547574	-287.61303332	34.2120268522
16.75	2696.67156146	-290.800132905	37.2972168671
16.8	2484.05138246	-287.867480621	34.3565024547
16.85	2572.88756331	-289.120702	35.5851809301
16.9	2061.43184469	-281.722925964	28.5113217594
16.95	2486.7165326	-287.872560935	34.3933637039
17.0	2374.90448615	-286.385715088	32.8469098442
17.05	2229.98591089	-284.318107847	30.8425650783
17.1	2303.12633842	-285.366943535	31.8541581941
17.15	2389.77688548	-286.517095319	33.0526075313
17.2	2503.7819854	-288.031288531	34.6293931497
17.25	2782.65113557	-291.959996295	38.4863860888
17.3	2257.05168534	-284.668430004	31.2169073134
17.35	2378.27769116	-286.389231417	32.893564083
17.4	2408.08321734	-286.819324031	33.3057993694
17.45	2498.85909071	-287.985438263	34.5613054102
17.5	2447.8084955	-287.317312407	33.8552330994
17.55	2399.06178536	-286.611927968	33.1810254408
17.6	2523.06969097	-288.386858213	34.8961582048
17.65	2066.6840733	-281.902204238	28.5839644618
17.7	2468.73790626	-287.562221722	34.1447043066
17.75	2306.26149832	-285.303392945	31.8975200705
17.8	2386.82291359	-286.441181709	33.0117516364
17.85	2326.66617037	-285.640998914	32.1797337036
17.9	2330.41735667	-285.701835314	32.2316157387
17.95	2473.82457321	-287.693289313	34.215057153
18.0	2162.97095608	-283.322207362	29.9156923592
18.05	2265.3515574	-284.657876504	31.3317014665
18.1	2494.48115854	-287.963663539	34.5007549569
18.15	2168.2975669	-283.360788575	29.9893638295
18.2	2107.67799458	-282.582398483	29.1509445842
18.25	2148.17695499	-283.1280301	29.7110789851
18.3	2379.28959928	-286.366048491	32.9075596162
18.35	2416.80886147	-286.914712821	33.4264823054
18.4	2312.01061172	-285.339883669	31.9770351039
18.45	2672.83894597	-290.453012506	36.9675919172
18.5	2360.54779298	-286.086091931	32.6483448034
18.55	2171.84065787	-283.367482245	30.0383677327
18.6	2499.59136785	-287.991168898	34.5714334138
18.65	2456.54800315	-287.390596538	33.9761077795
18.7	2558.40822807	-288.838937306	35.3849196472
18.75	2268.9753232	-284.76156835	31.3818211699
18.8	2199.16018889	-283.75892516	30.4162196327
18.85	2358.81112823	-286.031759302	32.6243252815
18.9	2275.66690156	-284.830035613	31.4743712798
18.95	2493.36234121	-287.979948784	34.4852807801
19.0	2440.53466786	-287.231891693	33.7546299964
19.05	2461.12296365	-287.470794189	34.039383299
19.1	2318.64955433	-285.530096477	32.0688572175
19.15	2349.58924524	-285.931707908	32.4967789481
19.2	2261.3810262	-284.574294563	31.2767857084
19.25	2428.49142838	-286.982277181	33.5880619498
19.3	2506.33273407	-288.054899824	34.6646721313
19.35	2468.69475544	-287.683628096	34.1441074947
19.4	2292.62292625	-285.212222939	31.7088872434
19.45	2522.93136812	-288.365546816	34.8942450845
19.5	2174.51219149	-283.494718496	30.0753172709
19.55	2542.58882153	-288.652648515	35.1661240605
19.6	2450.95906982	-287.31490381	33.89880817
19.65	2453.442834	-287.37990329	33.9331607003
19.7	2447.38794123	-287.284966991	33.8494164832
19.75	2383.29813866	-286.361100592	32.9630010592
19.8	2033.01554346	-281.441997812	28.1183006127
19.85	2410.08153565	-286.754373516	33.3334377784
19.9	2708.55748449	-290.960878652	37.4616090961
19.95	2599.54381982	-289.434645489	35.9538591904
20.0	2212.86427177	-284.01128901	30.6057585289
20.05	2270.62601568	-284.901718943	31.4046516237
20.1	2440.48677968	-287.262469342	33.7539676629
20.15	2463.25264913	-287.47654216	34.0688386254
20.2	2408.43309746	-286.75513759	33.3106385034
20.25	2529.14751857	-288.450405429	34.9802196298
20.3	2464.81006235	-287.4879837	34.0903789492
20.35	2544.3982226	-288.691138598	35.1911495864
20.4	2386.39171326	-286.533526422	33.0057877761
20.45	2320.00383259	-285.527926447	32.0875880154
20.5	2494.14039173	-287.930216134	34.4960418677
20.55	2450.76903124	-287.397787526	33.896179778
20.6	2313.88104098	-285.550834235	32.0029047006
20.65	2191.84651485	-283.723417503	30.3150654207
20.7	2582.46765752	-289.238662058	35.7176816234
20.75	2286.72560049	-285.018146414	31.6273223096
20.8	2198.9480601	-283.741153996	30.4132857146
20.85	2548.49929841	-288.762241184	35.2478708853
20.9	2344.78214466	-285.798412856	32.4302927378
20.95	2579.26038497	-289.029411139	35.673322369
21.0	2632.46024285	-289.861759407	36.4091207751
21.05	2204.40512812	-283.813011003	30.4887615169
21.1	2402.50435428	-286.699205518	33.2286390403
21.15	2642.11938659	-290.0539543	36.5427147892
21.2	2347.24534267	-285.910456288	32.4643608207
21.25	2521.78140447	-288.418473566	34.878340128
21.3	2373.8184003	-286.301785421	32.8318883711
21.35	2586.40449104	-289.243585607	35.7721313144
21.4	2345.79551731	-285.914679572	32.4443085267
21.45	2552.34326173	-288.801052017	35.3010361042
21.5	2469.168635	-287.646675212	34.1506616443
21.55	2272.6553743	-284.881439448	31.432719346
21.6	2414.63539362	-286.870157044	33.3964214323
21.65	2728.27402888	-291.196715263	37.7343053497
21.7	2527.36827014	-288.324908157	34.95561114
21.75	2465.35415696	-287.624262289	34.0979042315
21.8	2104.4757342	-282.465562454	29.1066546523
21.85	2368.46261483	-286.137991276	32.757813391
21.9	2510.36250906	-288.116393351	34.7204072805
21.95	2384.75302242	-286.373363839	32.983123315
22.0	2376.05595468	-286.315772362	32.8628356143
22.05	2523.69968112	-288.385219892	34.9048714941
22.1	2163.06626442	-283.312278948	29.917010553
22.15	2469.68885447	-287.615843121	34.1578567134
22.2	2377.9186856	-286.421651787	32.8885987367
22.25	2440.68046878	-287.230660532	33.7566465447
22.3	2412.41206114	-286.747702117	33.3656708897
22.35	2652.30471284	-290.202048166	36.6835863464
22.4	2643.32785354	-290.104579879	36.5594288951
22.45	2251.85327708	-284.597755514	31.1450089913
22.5	2452.85774834	-287.363498883	33.9250684776
22.55	2128.60622169	-282.806160057	29.4403994205
22.6	2448.34635694	-287.300794844	33.8626721718
22.65	2491.41979735	-287.882043013	34.4584137782
22.7	2317.67844639	-285.544434369	32.0554259847
22.75	2490.61898831	-287.985097598	34.4473379214
22.8	2197.70180471	-283.809353428	30.3960489631
22.85	2302.77873541	-285.271058985	31.8493505547
22.9	2606.21909203	-289.526077215	36.0461837726
22.95	2352.81463053	-285.960586797	32.5413887169
23.0	2516.17343504	-288.284447183	34.8007772335
23.05	2438.45395785	-287.241250567	33.7258520416
23.1	2647.51033978	-290.201960045	36.6172761682
23.15	2375.65426683	-286.317701228	32.8572799363
23.2	2291.81233173	-285.151637058	31.6976760451
23.25	2578.39490035	-289.117658633	35.6613519948
23.3	2395.52818441	-286.504543322	33.1321527924
23.35	2554.44865047	-288.789983127	35.3301553864
23.4	2121.75074047	-282.790276053	29.3455823973
23.45	2412.8518277	-286.838179037	33.371753228
23.5	2429.43033476	-287.027628687	33.6010478081
23.55	2358.19909272	-286.117180358	32.6158603199
23.6	2435.56808898	-287.079404491	33.6859380681
23.65	2646.67026385	-290.083952856	36.6056572174
23.7	2189.69932808	-283.693040075	30.2853680369
23.75	2367.7510154	-286.175294852	32.7479713774
23.8	2580.96710452	-289.173027364	35.6969277239
23.85	2317.28627089	-285.452445941	32.0500018705
23.9	2566.02026717	-288.932048008	35.4902004967
23.95	2141.85383152	-282.881200414	29.6236249137
24.0	2380.63725941	-286.248072063	32.9261988799
24.05	2260.19951663	-284.680860206	31.2604444455
24.1	2641.15825201	-290.019102047	36.5294214963
24.15	2536.83392314	-288.47610223	35.0865290159
24.2	2331.28968722	-285.655367119	32.2436807979
24.25	2356.57217169	-286.048318462	32.593358645
24.3	2151.27688955	-283.180283798	29.7539536656
24.35	2418.67589786	-286.900996337	33.452304976
24.4	2280.65088279	-284.983663332	31.5433038971
24.45	2295.89585753	-285.196073539	31.7541546129
24.5	2610.63630182	-289.576182552	36.1072774682
24.55	2400.57917294	-286.591026154	33.2020121766
24.6	2382.95062221	-286.361393166	32.9581946168
24.65	2441.00434726	-287.196915629	33.7611260543
24.7	2541.7868449	-288.622608284	35.1550320548
24.75	2395.13779993	-286.592621885	33.1267534495
24.8	2465.39232999	-287.67151991	34.0984321963
24.85	2265.01876025	-284.752577352	31.3270986043
24.9	2394.05373534	-286.615781261	33.111759932
24.95	2085.17732747	-282.199320128	28.8397415914
25.0	2415.54216323	-286.886682878	33.4089628123
25.05	2489.05520803	-287.877842531	34.4257095358
25.1	2354.7565682	-285.979268586	32.5682473345
25.15	2518.68644391	-288.261578091	34.8355342421
25.2	2592.55743175	-289.341581937	35.8572316164
25.25	2335.15465935	-285.658667668	32.297136586
25.3	2343.15249334	-285.824853773	32.4077533008
25.35	2526.90761669	-288.430715677	34.9492399186
25.4	2312.73678852	-285.447787884	31.9870787348
25.45	2266.56891746	-284.748769564	31.3485385714
25.5	2481.82622971	-287.734069847	34.3257267362
25.55	2391.91108573	-286.457961313	33.0821253009
25.6	2424.88836548	-286.995841917	33.5382285846
25.65	2432.3966048	-287.106548649	33.6420737968
25.7	2539.8172895	-288.590920811	35.1277914608
25.75	2440.23246233	-287.201660904	33.7504502419
25.8	2442.90189233	-287.270530227	33.7873706853
25.85	2151.24399609	-283.138730834	29.7534987216
25.9	2753.03596203	-291.590893	38.0767835381
25.95	2213.03035361	-283.995042034	30.6080555793
26.0	2417.56210537	-286.808774083	33.4369002968
26.05	2534.77008018	-288.447445061	35.0579843463
26.1	2595.35422269	-289.412667022	35.8959135678
26.15	2262.6179178	-284.742220505	31.2938929508
26.2	2433.24580373	-287.123105614	33.6538189262
26.25	2172.2195053	-283.438358264	30.0436075086
26.3	2388.78849288	-286.458600695	33.0389372372
26.35	2640.57171002	-289.976659319	36.5213091314
26.4	2362.52941891	-286.087287524	32.6757523428
26.45	2353.0392767	-285.96843661	32.5444957607
26.5	2300.78627792	-285.251067686	31.8217932057
26.55	2508.77804928	-288.174812009	34.6984928802
26.6	2300.21934505	-285.23247806	31.8139520512
26.65	2501.45452126	-288.067580849	34.5972023795
26.7	2401.53580802	-286.638487693	33.2152432376
26.75	2458.91553688	-287.446615414	34.0088527457
26.8	2271.91531349	-284.808407487	31.4224836877
26.85	2339.50790152	-285.825478828	32.3573455561
26.9	2760.35860649	-291.768480992	38.1780618185
26.95	2361.39787358	-286.130056633	32.6601021271
27.0	2279.42654417	-284.951898251	31.5263702728
27.05	2367.00643218	-286.185808468	32.7376731704
27.1	2513.54377557	-288.158267511	34.7644068497
27.15	2377.64690448	-286.218822256	32.884839777
27.2	2613.54963185	-289.602667388	36.1475712524
27.25	2281.98686873	-284.969511039	31.5617816968
27.3	2112.29978501	-282.626351896	29.2148678007
27.35	2544.35366747	-288.748995878	35.1905333518
27.4	2447.40368961	-287.306260536	33.8496342963
27.45	2442.91885381	-287.24947831	33.7876052766
27.5	2419.30469961	-286.888163686	33.4610018286
27.55	2470.17397958	-287.550811872	34.1645663983
27.6	2448.58189876	-287.342742389	33.8659299116
27.65	2356.24264081	-286.036011003	32.5888009581
27.7	2283.90058412	-285.002857235	31.5882499769
27.75	2368.50064024	-286.226924352	32.7583393142
27.8	2518.99025536	-288.304752014	34.8397362078
27.85	2617.13612036	-289.656055812	36.1971753798
27.9	2550.30365538	-288.780025001	35.2728266472
27.95	2276.56297487	-284.882946569	31.486764721
28.0	2407.80560469	-286.766188374	33.301959755
28.05	2437.70030819	-287.25007099	33.7154284382
28.1	2468.34496756	-287.588745561	34.1392696366
28.15	2493.47414537	-287.982366564	34.4868271248
28.2	2378.91167028	-286.45289794	32.902332543
28.25	2321.92864846	-285.526037381	32.1142098242
28.3	2387.99053291	-286.38890117	33.0279007854
28.35	2403.48380721	-286.629354516	33.2421856912
28.4	2547.37421396	-288.632987182	35.232310029
28.45	2331.61815353	-285.617295803	32.2482237609
28.5	2339.041158	-285.802353855	32.3508901039
28.55	2241.11708619	-284.428059911	30.9965185167
28.6	2225.05097902	-284.166087052	30.7743108545
28.65	2481.14239929	-287.727417489	34.3162687912
28.7	2591.3900828	-289.310741552	35.8410862068
28.75	2354.47711928	-286.038048035	32.5643823229
28.8	2300.32435621	-285.254109695	31.8154044432
28.85	2529.62599543	-288.446762516	34.9868373638
28.9	2353.4482361	-285.949287656	32.5501520104
28.95	2046.83332498	-281.650632067	28.3094120559
29.0	2371.18602994	-286.214879234	32.7954804935
29.05	2587.10318185	-289.187730399	35.7817947912
29.1	2458.20446013	-287.343310419	33.9990179611
29.15	2165.38477467	-283.339169588	29.9490774835
29.2	2279.0162792	-284.967852453	31.5206959661
29.25	2429.30095658	-287.063951726	33.5992583999
29.3	2309.620762	-285.309129653	31.943981489
29.35	2239.39163525	-284.366822294	30.9726540911
29.4	2270.5866377	-284.814010828	31.4041069934
29.45	2591.91941126	-289.241551557	35.8484072609
29.5	2189.74987323	-283.584277254	30.2860671184
29.55	2313.67177802	-285.358678356	32.0000104193
29.6	2349.99217794	-285.963598796	32.5023518434
29.65	2386.85330383	-286.513057013	33.0121719587
29.7	2372.40248257	-286.203026342	32.8123050479
29.75	2767.05760765	-291.737764283	38.2707145917
29.8	2311.37428309	-285.371166272	31.9682341482
29.85	2269.66384612	-284.740924735	31.3913440161
29.9	2211.71137405	-284.017487466	30.5898129918
29.95	2389.8377099	-286.559873259	33.0534487838
30.0	2257.24852852	-284.679204567	31.2196298186
30.05	2614.30651678	-289.623425471	36.1580396023
30.1	2504.40157543	-288.06713588	34.6379625967
30.15	2262.11165447	-284.660246841	31.2868909066
30.2	2595.65657661	-289.413887262	35.9000953746
30.25	2331.21555337	-285.68731978	32.2426554649
30.3	2234.33304375	-284.279532958	30.9026895515
30.35	2475.08521546	-287.659877866	34.2324928868
30.4	2308.06247543	-285.445921294	31.9224290861
30.45	2449.00327676	-287.296335963	33.8717579208
30.5	2366.37679821	-286.10709372	32.7289648074
30.55	2633.90464162	-289.928218417	36.4290980147
30.6	2350.74838218	-285.885407291	32.5128107788
30.65	2260.06239753	-284.545344182	31.2585479739
30.7	2464.3543653	-287.552288097	34.084076279
30.75	2310.82908612	-285.340563779	31.9606936194
30.8	2428.06564191	-287.055532694	33.5821729677
30.85	2455.22297236	-287.342198779	33.9577814985
30.9	2469.76177828	-287.600363857	34.1588653106
30.95	2549.04441359	-288.82134339	35.255410283
31.0	2453.83837866	-287.405573248	33.9386314129
31.05	2690.65907151	-290.725282513	37.2140591165
31.1	2317.4757319	-285.450489214	32.0526222743
31.15	2280.77420138	-284.927496131	31.545009496
31.2	2258.87706406	-284.571279965	31.2421538235
31.25	2347.80828699	-285.843262565	32.4721468101
31.3	2555.42127725	-288.801760831	35.3436076261
31.35	2405.01662579	-286.745341126	33.2633858506
31.4	2535.56086568	-288.618077107	35.0689215693
31.45	2180.51223747	-283.570053229	30.1583029112
31.5	2354.66618591	-286.018711155	32.5669972721
31.55	2648.38846652	-290.196995499	36.6294213934
31.6	2413.79293002	-286.731644958	33.384769458
31.65	2530.78588976	-288.444081704	35.0028796697
31.7	2327.67448339	-285.558430728	32.1936795136
31.75	2268.73020782	-284.734075746	31.3784310198
31.8	2554.95642762	-288.841098047	35.337178368
31.85	2440.68813366	-287.266207218	33.7567525565
31.9	2218.33702867	-284.004802156	30.6814513214
31.95	2465.10319062	-287.492723892	34.0944331577
32.0	2602.94015174	-289.487817886	36.0008332936
32.05	2473.82359789	-287.643845067	34.2150436635
32.1	2443.30873446	-287.269739112	33.7929976513
32.15	2302.17175795	-285.301977403	31.8409555501
32.2	2534.11971176	-288.53005252	35.0489892087
32.25	2494.69754963	-287.972729203	34.5037478262
32.3	2426.22044254	-287.035677151	33.5566523214
32.35	2391.02789624	-286.447780146	33.0699100536
32.4	2348.39895917	-285.80412097	32.4803162991
32.45	2350.75143294	-285.872475184	32.5128529733
32.5	2122.68861811	-282.795757051	29.3585540273
32.55	2320.90411355	-285.572562917	32.1000396518
32.6	2539.37647259	-288.531759166	35.1216945953
32.65	2650.88118744	-290.156363543	36.6638978027
32.7	2512.72926602	-288.248215098	34.7531415033
32.75	2279.64650654	-284.937842172	31.5294125358
32.8	2455.72731435	-287.347916178	33.9647569689
32.85	1961.09215043	-280.43870205	27.123540099
32.9	2428.15242094	-287.039587417	33.5833731941
32.95	2347.05341924	-285.963309776	32.4617063595
33.0	2568.93621836	-289.076176914	35.5305305338
33.05	2233.49452851	-284.416568915	30.8910921864
33.1	2454.98269334	-287.423081233	33.9544582393
33.15	2325.45917946	-285.607126327	32.1630400127
33.2	2399.81132284	-286.617186634	33.1913921693
33.25	2622.18201157	-289.773266861	36.2669642638
33.3	2537.02010731	-288.559323521	35.0891040982
33.35	2532.34833045	-288.498583832	35.0244895276
33.4	2188.83264209	-283.693463017	30.2733810467
33.45	2425.19441059	-287.028897752	33.5424614438
33.5	2292.35068421	-285.210245585	31.7051219089
33.55	2230.80014215	-284.32272285	30.8538265758
33.6	2248.84235277	-284.481293099	31.1033653968
33.65	2423.00572107	-286.897256227	33.5121900422
33.7	2269.42607325	-284.752931533	31.388055419
33.75	2322.97257522	-285.509655178	32.128648202
33.8	2646.01038601	-290.088868308	36.5965305564
33.85	2348.64797465	-286.006556012	32.4837603908
33.9	2304.88338299	-285.301943663	31.878459586
33.95	2574.15414127	-289.073158949	35.6026987597
34.0	2389.00851932	-286.428489003	33.0419803865
34.05	2388.04763492	-286.443646876	33.0286905538
34.1	2264.35686557	-284.652511417	31.3179440488
34.15	2585.84753543	-289.234566787	35.7644281539
34.2	2319.63238569	-285.535959389	32.0824505949
34.25	2379.77706871	-286.371679827	32.914301725
34.3	2361.29672048	-286.071026869	32.6587030954
34.35	2308.81418985	-285.359146446	31.9328259235
34.4	2347.30633094	-285.95388048	32.4652043393
34.45	2506.38176232	-288.097184461	34.6653502329
34.5	2210.57004961	-283.932994937	30.5740275229
34.55	2482.49547509	-287.865115319	34.3349829581
34.6	2137.42033594	-282.947871365	29.562305972
34.65	2318.24238008	-285.513728252	32.0632256579
34.7	2470.8762021	-287.580739353	34.1742787214
34.75	2723.56119732	-291.157998172	37.6691229585
34.8	2499.00351828	-288.069237045	34.563302964
34.85	2481.49858359	-287.815022337	34.3211951172
34.9	2258.28906555	-284.68238759	31.2340213136
34.95	2366.99441858	-286.186159105	32.7375070123
35.0	2538.15926648	-288.530924967	35.1048596196
35.05	2405.89671427	-286.738119721	33.2755582084
35.1	2299.40592792	-285.206265544	31.802701814
35.15	2279.13231049	-284.966621647	31.5223007756
35.2	2442.04322384	-287.242525166	33.7754945839
35.25	2455.21473238	-287.437192489	33.9576675327
35.3	2333.18991879	-285.70417743	32.2699625854
35.35	2452.60655936	-287.400271522	33.9215943246
35.4	2459.01050955	-287.539754819	34.0101662969
35.45	2500.28911094	-288.118784158	34.5810837828
35.5	2381.07186079	-286.373745835	32.9322097794
35.55	2379.8254675	-286.386800394	32.9149711207
35.6	2602.64775072	-289.478158793	35.9967891436
35.65	2250.21412403	-284.59163659	31.1223381375
35.7	2312.51959597	-285.396164196	31.9840747806
35.75	2462.8020378	-287.512734858	34.062606295
35.8	2399.74603053	-286.620350175	33.1904891222
35.85	2346.35858535	-285.796416427	32.4520962273
35.9	2283.47120153	-284.970673981	31.5823112576
35.95	2449.88925625	-287.355217618	33.8840117561
36.0	2497.07080779	-288.040563689	34.5365719659
36.05	2334.8217907	-285.72920673	32.2925327349
36.1	2378.25478774	-286.261465586	32.8932473096
36.15	2416.05974153	-286.805334963	33.4161213519
36.2	2506.4290813	-288.058213527	34.6660046939
36.25	2264.57492349	-284.701166041	31.3209599717
36.3	2478.75887126	-287.700596772	34.2833026105
36.35	2608.70401326	-289.485280016	36.0805523058
36.4	2228.52853681	-284.245206398	30.8224083793
36.45	2334.51466585	-285.780536534	32.2882849421
36.5	2132.17315503	-282.86548318	29.4897330835
36.55	2401.58716502	-286.738685565	33.2159535479
36.6	2285.92472601	-285.045261702	31.6162455475
36.65	2103.82071797	-282.480806318	29.0975952315
36.7	2205.79227534	-283.944721989	30.5079469199
36.75	2289.15469317	-285.174695561	31.6609186873
36.8	2647.91181409	-290.106067344	36.6228288927
36.85	2643.68355978	-290.16112356	36.5643486091
36.9	2429.11633015	-287.031455473	33.5967048623
36.95	2544.43533066	-288.671237923	35.1916628219
37.0	2225.27212779	-284.270384123	30.7773695265
37.05	2326.78506286	-285.661282383	32.1813780858
37.1	2514.0230625	-288.216395359	34.7710357877
37.15	2075.90526928	-282.088050007	28.7115012931
37.2	2301.88824747	-285.297029522	31.8370343637
37.25	2496.30613019	-288.067812198	34.525995837
37.3	2495.17882332	-287.910514019	34.5104042427
37.35	2535.05359971	-288.4991399	35.0619056578
37.4	2349.23494614	-285.867163745	32.4918786961
37.45	2419.99466506	-286.939457617	33.4705446262
37.5	2402.19371016	-286.701989178	33.224342573
37.55	2359.86934202	-286.111478101	32.6389612607
37.6	2424.05792972	-286.967223508	33.5267429655
37.65	2484.840929	-287.744303732	34.3674225418
37.7	2323.99146661	-285.560855117	32.1427403198
37.75	2467.10882107	-287.623236095	34.1221726997
37.8	2439.34461185	-287.232634563	33.7381705292
37.85	2313.45041131	-285.409987351	31.9969487331
37.9	2373.56543515	-286.25563787	32.8283896521
37.95	2500.27126478	-288.03949874	34.5808369554
38.0	2377.40264664	-286.278986025	32.8814614874
38.05	2433.57480604	-287.050534166	33.6583693025
38.1	2328.50725168	-285.583966662	32.2051973937
38.15	2438.52938393	-287.208327454	33.7268952472
38.2	2357.65078866	-286.041395103	32.6082768174
38.25	2591.32148489	-289.431218381	35.8401374404
38.3	2529.13063328	-288.470871343	34.979986092
38.35	2488.4474521	-287.93745565	34.4173037643
38.4	2387.54125071	-286.518488274	33.0216868378
38.45	2340.69783195	-285.804574257	32.3738032864
38.5	2359.13931919	-286.078391448	32.6288644362
38.55	2110.93220928	-282.447077836	29.1959530877
38.6	2440.76433148	-287.092321017	33.7578064358
38.65	2297.03913287	-285.090361985	31.7699670643
38.7	2384.42002799	-286.416826546	32.9785177243
38.75	2570.61285007	-289.080247004	35.5537197487
38.8	2402.8522746	-286.753550922	33.2334510685
38.85	2627.59450943	-289.880915782	36.3418236235
38.9	2316.13354437	-285.394666588	32.0340587012
38.95	2372.98432836	-286.16967602	32.8203524605
39.0	2482.54268781	-287.772249756	34.3356359493
39.05	2354.51007717	-285.978805455	32.564838158
39.1	2381.97422921	-286.378841752	32.9446902873
39.15	2262.84865066	-284.712278264	31.2970841787
39.2	2537.05014333	-288.587265712	35.0895195214
39.25	2487.18346917	-287.889339087	34.3998218262
39.3	2317.76888776	-285.450753573	32.0566768643
39.35	2197.36407015	-283.689785166	30.3913778124
39.4	2460.6785714	-287.370946811	34.0332369836
39.45	2171.9807308	-283.374519023	30.0403050582
39.5	2716.58638925	-291.085106196	37.5726555455
39.55	2267.6310675	-284.788769954	31.3632289924
39.6	2677.7505805	-290.515775822	37.0355239193
39.65	2443.01410271	-287.213180175	33.7889226485
39.7	2458.74902886	-287.376568141	34.0065498009
39.75	2129.05923454	-282.808580032	29.4466649661
39.8	2086.35889732	-282.268519129	28.8560836878
39.85	2224.91911005	-284.16216774	30.7724869967
39.9	2174.98672393	-283.510407569	30.0818804503
39.95	2475.60882586	-287.745476224	34.2397348554
40.0	2597.56511901	-289.377890629	35.9264921078
40.05	2497.07258987	-287.901942083	34.5365966136
40.1	2254.09767044	-284.57025727	31.1760508234
40.15	2134.10671657	-282.940635645	29.5164758523
40.2	2253.23212115	-284.659248147	31.1640795548
40.25	2398.80826422	-286.559673586	33.177519032
40.3	2701.45771266	-290.864668269	37.3634133302
40.35	2536.78158557	-288.570629241	35.0858051436
40.4	2120.84791197	-282.752470229	29.3330955261
40.45	2500.93467587	-288.115741762	34.5900124842
40.5	2154.7402713	-283.231774641	29.8018551238
40.55	2374.54167402	-286.322626813	32.8418918499
40.6	2537.12405071	-288.582626021	35.0905417221
40.65	2469.38595072	-287.535591915	34.1536673019
40.7	2444.01260418	-287.169778383	33.8027327565
40.75	2256.58619245	-284.693020883	31.2104691585
40.8	2353.11053733	-286.019502572	32.5454813546
40.85	2315.55915097	-285.349438907	32.0261143614
40.9	2388.56316405	-286.393809428	33.0358207516
40.95	2366.07987193	-286.183140009	32.7248580693
41.0	2573.14414848	-289.0824899	35.5887297169
41.05	2543.66111308	-288.70369478	35.1809547469
41.1	2395.94286156	-286.592537134	33.1378881233
41.15	2489.25446236	-287.905559718	34.4284653893
41.2	2638.0510669	-290.052427311	36.4864465346
41.25	2466.05650255	-287.550036351	34.1076182568
41.3	2441.95924182	-287.240534061	33.7743330425
41.35	2236.34109163	-284.323392922	30.9304625286
41.4	2352.79602547	-285.961591839	32.5411313933
41.45	2407.78628544	-286.733069456	33.3016925536
41.5	2558.88184455	-288.877727067	35.3914701582
41.55	2289.42026731	-285.045200152	31.6645917992
41.6	2328.79850814	-285.58992965	32.2092257134
41.65	2669.26476125	-290.416674379	36.9181579615
41.7	2552.71457791	-288.870988969	35.3061717166
41.75	2279.30889395	-284.987918791	31.5247430721
41.8	2372.74716986	-286.289985981	32.8170723606
41.85	2512.5110406	-288.243915445	34.7501232637
41.9	2497.68172878	-288.152473598	34.5450215128
41.95	2151.42947725	-283.167243439	29.7560640807
42.0	2401.62851564	-286.675736612	33.2165254614
42.05	2406.90157406	-286.755325505	33.2894562573
42.1	2423.2986302	-286.968768313	33.5162412199
42.15	2599.60018498	-289.465607044	35.9546387676
42.2	2380.76911683	-286.363214009	32.9280225779
42.25	2442.05596328	-287.284415364	33.7756707809
42.3	2568.18156787	-289.06720589	35.5200930882
42.35	2504.99033777	-288.099781018	34.6461056709
42.4	2502.63824149	-288.114727644	34.6135742175
42.45	2263.97126808	-284.742020453	31.3126109139
42.5	2609.06862306	-289.624047003	36.0855951635
42.55	2338.45381189	-285.734766081	32.3427666173
42.6	2300.9450675	-285.200897868	31.8239893981
42.65	2597.64634881	-289.450877821	35.9276155837
42.7	2454.0683923	-287.435399513	33.9418126934
42.75	2285.67782266	-285.014109227	31.6128306682
42.8	2262.21323286	-284.72425852	31.2882958206
42.85	2482.25041457	-287.744658947	34.3315935666
42.9	2537.48040816	-288.470794917	35.0954704429
42.95	2367.58538791	-286.285928862	32.745680611
43.0	2440.19487299	-287.328721408	33.7499303499
43.05	2625.15708459	-289.820156611	36.308112005
43.1	2282.50854338	-284.940126351	31.5689968924
43.15	2559.66124399	-288.922570686	35.4022499025
43.2	2476.13765204	-287.73682373	34.2470489625
43.25	2399.43934922	-286.627055887	33.1862474638
43.3	2740.37323758	-291.39387177	37.9016474975
43.35	2433.36483052	-287.130431459	33.655465166
43.4	2107.48064223	-282.495525174	29.1482150366
43.45	2342.0200936	-285.837158945	32.3920912678
43.5	2143.73526395	-282.970192352	29.6496466934
43.55	2348.21874517	-285.867531838	32.4778237891
43.6	2566.19041421	-288.91877217	35.4925537722
43.65	2431.79446582	-287.062175771	33.6337457125
43.7	2625.39467736	-289.817116498	36.3113981112
43.75	2243.24741746	-284.370367499	31.0259827749
43.8	2584.08531227	-289.243092391	35.7400551378
43.85	2603.12616069	-289.544039017	36.0034059525
43.9	2247.85799894	-284.451960912	31.0897509623
43.95	2496.65956197	-288.005526602	34.5308840933
44.0	2438.14062352	-287.1612559	33.7215183665
44.05	2186.49699473	-283.557994682	30.2410770957
44.1	2563.09871411	-288.904654249	35.4497929812
44.15	2410.31056182	-286.756934175	33.3366054013
44.2	2417.41278685	-286.971382722	33.4348350971
44.25	2193.12373438	-283.743177309	30.3327304322
44.3	2291.57439152	-285.123192632	31.6943851336
44.35	2688.80856201	-290.728798137	37.1884650266
44.4	2434.43005397	-287.146707796	33.6701980948
44.45	2606.2622174	-289.537740953	36.0467802325
44.5	2370.77326884	-286.259608269	32.7897716632
44.55	2608.80083978	-289.494558931	36.0818914973
44.6	2178.32515607	-283.45213293	30.1280537513
44.65	2315.63771405	-285.432824822	32.0272009543
44.7	2563.54158041	-288.97795858	35.4559181916
44.75	2501.52290864	-288.084973365	34.598148234
44.8	2584.98984305	-289.243897189	35.7525655529
44.85	2180.44645488	-283.606684976	30.1573930831
44.9	2315.74648021	-285.475944584	32.0287052811
44.95	2221.6179831	-284.136778893	30.7268296577
45.0	2238.09568979	-284.35697415	30.9547300846
45.05	2465.67398978	-287.555717216	34.1023277862
45.1	2234.46163654	-284.228868842	30.9044680971
45.15	2420.3796278	-286.915407442	33.4758689821
45.2	2298.16439227	-285.205487424	31.7855303405
45.25	2314.31852178	-285.447514262	32.008955425
45.3	2466.2405038	-287.507727602	34.1101631476
45.35	2320.09961121	-285.46782421	32.0889127135
45.4	2492.82725412	-287.917833866	34.4778800793
45.45	2397.42834133	-286.655944434	33.1584335475
45.5	2055.69973269	-281.776071697	28.4320418696
45.55	2214.456545	-284.005650361	30.6277809957
45.6	2502.43144787	-288.116841492	34.6107140893
45.65	2587.73524513	-289.268982107	35.7905367534
45.7	2388.49245183	-286.316643963	33.0348427427
45.75	2464.67890014	-287.518122831	34.0885648664
45.8	2354.56982781	-286.021411601	32.5656645592
45.85	2366.28325656	-286.271151482	32.7276710484
45.9	2343.69500323	-285.88075983	32.415256665
45.95	2392.30041884	-286.464215514	33.0875101025
46.0	2485.28766396	-287.76281756	34.3736012589
46.05	2493.41154038	-287.861782611	34.4859612456
46.1	2232.18201286	-284.328973244	30.8729390002
46.15	2301.22489745	-285.30852267	31.8278596796
46.2	2312.91476697	-285.399488838	31.9895403251
46.25	2378.589837	-286.293925129	32.8978813203
46.3	2386.32476575	-286.44006509	33.0048618362
46.35	2506.53123551	-288.185532834	34.6674175718
46.4	2203.37788208	-283.937896535	30.4745538473
46.45	2481.67716429	-287.749990478	34.3236650372
46.5	2589.05378356	-289.319265666	35.8087732397
46.55	2300.71661828	-285.322509992	31.8208297548
46.6	2295.11149509	-285.277282432	31.7433062261
46.65	2275.74800309	-284.869227937	31.4754929815
46.7	2451.19332086	-287.291927912	33.9020480573
46.75	2424.89250134	-286.88338206	33.5382857871
46.8	2484.07134405	-287.834956217	34.3567785401
46.85	2335.34104104	-285.738524187	32.2997144003
46.9	2361.64557751	-286.075538057	32.663528079
46.95	2479.42674459	-287.828791229	34.2925398557
47.0	2407.85431579	-286.679328942	33.3026334701
47.05	2490.69660078	-287.840336091	34.4484113666
47.1	2343.92746634	-285.881724382	32.4184718237
47.15	2425.06600353	-286.99742491	33.540685467
47.2	2322.39097661	-285.571476299	32.1206042081
47.25	2329.62640393	-285.632855167	32.2206762027
47.3	2347.72901051	-285.941523738	32.4710503503
47.35	2302.61276452	-285.288845124	31.8470550388
47.4	2541.73168131	-288.621984687	35.1542690963
47.45	2423.8971251	-286.945417199	33.5245189035
47.5	2257.95079699	-284.622987006	31.2293427774
47.55	2431.56141818	-287.10589871	33.6305224692
47.6	2293.67337545	-285.12317644	31.723415832
47.65	2620.93700107	-289.74485458	36.2497447301
47.7	2597.95760492	-289.492461329	35.9319205153
47.75	2550.47686388	-288.742597833	35.2752222653
47.8	2497.43821259	-288.008862952	34.5416534807
47.85	2108.56540735	-282.638826143	29.163218243
47.9	2542.77786601	-288.717658312	35.1687387033
47.95	2440.75172864	-287.214827158	33.7576321281
48.0	2419.42806636	-286.968077665	33.4627080937
48.05	2365.49214491	-286.17656016	32.7167293144
48.1	2416.02436336	-286.825348834	33.4156320423
48.15	2328.63835916	-285.630503	32.2070107195
48.2	2613.24115062	-289.571203506	36.1433046997
48.25	2494.52264262	-287.968729063	34.5013287163
48.3	2581.34329811	-289.206748368	35.702130795
48.35	2367.97038623	-286.210572375	32.7510054589
48.4	2480.20664572	-287.732772096	34.3033265388
48.45	2142.52899216	-282.989360585	29.6329629484
48.5	2290.44739976	-285.147653151	31.6787978977
48.55	2245.47506956	-284.477373573	31.0567930615
48.6	2253.77925815	-284.519810239	31.1716469159
48.65	2472.46845197	-287.566404555	34.1963008653
48.7	2519.25014723	-288.230152882	34.8433307291
48.75	2276.44941012	-284.889522998	31.4851940258
48.8	2403.892169	-286.730221482	33.2478336754
48.85	2325.61418227	-285.576424309	32.1651838307
48.9	2404.41545495	-286.700737834	33.2550711564
48.95	2590.69199438	-289.34974132	35.8314310616
49.0	2356.47059506	-286.029837381	32.5919537556
49.05	2687.97244742	-290.664826175	37.1769008645
49.1	2343.12988992	-285.825573314	32.4074406766
49.15	2455.03523453	-287.446311509	33.9551849278
49.2	2343.6368346	-285.794173508	32.4144521443
49.25	2275.09997002	-284.830062997	31.4665301437
49.3	2345.88405243	-285.862633739	32.4455330413
49.35	2473.90868031	-287.658103817	34.2162204244
49.4	2453.9015104	-287.39027381	33.9395045774
49.45	2415.07950943	-286.867089063	33.4025639244
49.5	2144.55705524	-283.013524605	29.6610127523
49.55	2386.12698616	-286.399645301	33.0021263795
49.6	2606.85969577	-289.480798843	36.0550438567
49.65	2498.86036142	-287.972527267	34.5613229852
49.7	2429.56168553	-287.087448493	33.6028644988
49.75	2637.5805746	-290.039118737	36.4799392338
49.8	2317.04150328	-285.464168221	32.0466165302
49.85	2267.55371443	-284.792635436	31.3621591349
49.9	2483.17846004	-287.837101188	34.3444292095
49.95	2355.86550923	-286.043543889	32.5835849138
50.0	2424.22496706	-286.950436183	33.5290532312
50.05	2445.76265741	-287.324203534	33.8269374523
50.1	2405.82918475	-286.769833384	33.2746242187
50.15	2354.34079106	-286.048596625	32.5624967899
50.2	2327.00443719	-285.652725743	32.1844122159
50.25	2339.91073921	-285.808124496	32.3629171373
50.3	2199.27990858	-283.79996915	30.4178754558
50.35	2520.75411457	-288.335915932	34.8641318519
50.4	2382.99799822	-286.388814709	32.9588498665
50.45	2405.62538861	-286.70056926	33.2718055482
50.5	2316.62935654	-285.491462922	32.040916197
50.55	2400.29364068	-286.612367248	33.1980630273
50.6	2217.78679909	-284.03569156	30.6738411874
50.65	2158.12846337	-283.324032675	29.848716646
50.7	2616.26198574	-289.799298071	36.1850853689
50.75	2237.39296209	-284.262066993	30.9450107743
50.8	2374.35149114	-286.225753767	32.839261462
50.85	2335.79883416	-285.726498804	32.3060460609
50.9	2508.83105699	-288.129984042	34.699226021
50.95	2443.65931228	-287.243251961	33.7978464349
51.0	2475.16444195	-287.707809444	34.2335886553
51.05	2260.73068616	-284.561598456	31.2677909631
51.1	2397.56809814	-286.59210607	33.1603665007
51.15	2230.43800214	-284.264617116	30.8488178773
51.2	2414.41406786	-286.782384705	33.3933603124
51.25	2505.17804901	-288.02136631	34.6487018739
51.3	2253.44778471	-284.520672186	31.1670623618
51.35	2454.95520131	-287.301220898	33.9540780015
51.4	2481.91877336	-287.724095756	34.3270066921
51.45	2402.95048403	-286.720875534	33.2348093868
51.5	2397.14466332	-286.647181014	33.154510044
51.55	2366.77420277	-286.193260135	32.734461244
51.6	2573.11451428	-289.019368464	35.5883198513
51.65	2405.50624918	-286.683243333	33.2701577505
51.7	2380.17769133	-286.334771707	32.91984267
51.75	2290.2296081	-285.028986064	31.6757856573
51.8	2369.01133076	-286.183002876	32.76540259
51.85	2211.75450642	-283.945621843	30.5904095485
51.9	2522.4871731	-288.346274646	34.8881014968
51.95	2519.22422898	-288.280139717	34.8429722582
52.0	2370.05417527	-286.239353596	32.7798259994
52.05	2140.96778305	-283.067794621	29.6113701243
52.1	2065.10778793	-281.86820119	28.5621631203
52.15	2418.96446402	-286.970459095	33.4562960867
52.2	2267.41460031	-284.906097609	31.3602350706
52.25	2245.22465531	-284.411254541	31.0533296236
52.3	2125.62434877	-282.734895093	29.3991576309
52.35	2364.08414612	-286.127927615	32.6972555169
52.4	2598.26364025	-289.37135709	35.9361532392
52.45	2286.89256063	-284.990347749	31.6296315074
52.5	2343.90089259	-285.845851852	32.4181042866
52.55	2419.42801371	-286.878530957	33.4627073655
52.6	2400.21449414	-286.608516433	33.1969683647
52.65	2262.61789929	-284.701706986	31.2938926947
52.7	2438.38823597	-287.14133628	33.7249430532
52.75	2541.47449645	-288.606280385	35.1507120151
52.8	2524.01504441	-288.425929122	34.9092332314
52.85	2412.68062985	-286.881605179	33.369385419
52.9	2432.0696735	-287.183422536	33.6375520642
52.95	2299.89665998	-285.278727044	31.8094890476
53.0	2540.29680003	-288.59825782	35.1344234915
53.05	2392.81254862	-286.516454984	33.0945932845
53.1	2527.99050824	-288.434563787	34.9642172119
53.15	2559.56190993	-288.892867392	35.4008760296
53.2	2291.61835369	-285.12296204	31.694993167
53.25	2598.64635602	-289.46771611	35.9414465176
53.3	2404.12593819	-286.730030661	33.2510668983
53.35	2601.657351	-289.538235769	35.9830910895
53.4	2142.41960215	-283.046532381	29.6314499933
53.45	2444.89554686	-287.247597833	33.8149445903
53.5	2420.14589872	-286.985213617	33.4726363138
53.55	2373.92884943	-286.342220138	32.8334159746
53.6	2545.32175379	-288.766514996	35.203922793
53.65	2517.65760816	-288.313168368	34.8213045855
53.7	2483.01430892	-287.792609218	34.3421588627
53.75	2552.69489605	-288.679983252	35.3058995001
53.8	2153.9391236	-283.128189424	29.7907745829
53.85	2149.86172159	-283.185122245	29.7343807124
53.9	2603.13233083	-289.515846347	36.0034912907
53.95	2303.31894368	-285.267977675	31.8568220856
54.0	2363.9734599	-286.089748126	32.6957246341
54.05	2480.36460499	-287.78974851	34.3055112473
54.1	2567.77970783	-288.976371955	35.5145350286
54.15	2527.53481012	-288.368716146	34.9579145268
54.2	2492.10518203	-287.906420152	34.4678932201
54.25	2224.49670487	-284.221181232	30.7666447808
54.3	2409.00882099	-286.762579189	33.31860124
54.35	2275.50018158	-284.972933271	31.4720654034
54.4	2597.80582251	-289.464970489	35.929821238
54.45	2584.84892504	-289.223452623	35.7506165392
54.5	2576.39517157	-289.12218538	35.6336940779
54.55	2197.36777078	-283.760047206	30.3914289953
54.6	2514.40898227	-288.221971345	34.77637338
54.65	2388.62950057	-286.454401471	33.0367382411
54.7	2442.5010428	-287.258597683	33.7818266019
54.75	2493.90320508	-287.913561928	34.4927613785
54.8	2384.87816294	-286.415875002	32.9848541128
54.85	2326.24656907	-285.547174297	32.1739302676
54.9	2346.71708695	-285.858216636	32.4570546034
54.95	2594.90261636	-289.344053944	35.8896674755
55.0	2373.23564458	-286.250737091	32.8238283734
55.05	2469.61146808	-287.644472888	34.1567863951
55.1	2377.10963138	-286.313581408	32.877408842
55.15	2279.22922904	-284.923350745	31.52364124
55.2	2602.85695414	-289.472105185	35.9996826014
55.25	2505.91457069	-288.057172036	34.658888583
55.3	2289.29901573	-285.049608026	31.6629147886
55.35	2248.61292392	-284.518749235	31.1001922045
55.4	2575.80922211	-289.097937282	35.6255899082
55.45	2369.89119443	-286.141738791	32.7775718384
55.5	2291.766285	-285.083082096	31.6970391805
55.55	2680.53198257	-290.56382196	37.0739930298
55.6	2437.66303976	-287.151076691	33.7149129848
55.65	2403.56625944	-286.787363374	33.2433260744
55.7	2396.90062052	-286.607563379	33.1511347286
55.75	2432.25598603	-287.113167341	33.6401289218
55.8	2539.29707517	-288.593593267	35.1205964628
55.85	2072.91420738	-282.042153513	28.6701324124
55.9	2263.62804703	-284.753183413	31.3078638805
55.95	2279.14341595	-284.954102403	31.5224543734
56.0	2463.69706832	-287.561134108	34.0749853135
56.05	2488.27910644	-287.895223589	34.4149754035
56.1	2208.47894901	-283.94435282	30.5451058575
56.15	2366.13651301	-286.125721759	32.7256414627
56.2	2365.81965938	-286.232325996	32.7212591127
56.25	2619.60285831	-289.770895225	36.2312924231
56.3	2262.79257839	-284.691896549	31.2963086524
56.35	2424.78791402	-286.950265847	33.5368392571
56.4	2472.58299369	-287.699593967	34.1978850728
56.45	2224.93197218	-284.197193052	30.7726648907
56.5	2438.18607615	-287.181822609	33.7221470143
56.55	2207.78421466	-283.987433192	30.535497102
56.6	2485.84635359	-287.836102448	34.3813284025
56.65	2563.83044054	-288.928310015	35.4599133681
56.7	2709.60507362	-290.945278844	37.4760981276
56.75	2146.19805476	-283.106745338	29.6837091444
56.8	2481.10368649	-287.873203011	34.3157333609
56.85	2308.23504909	-285.347841222	31.9248159237
56.9	2511.31264759	-288.143539003	34.7335484889
56.95	2226.74642737	-284.1692989	30.7977603193
57.0	2401.43967951	-286.623533149	33.2139137003
57.05	2481.98151154	-287.775930497	34.3278744134
57.1	2330.14239793	-285.588479807	32.22781283
57.15	2551.78988944	-288.786540025	35.2933825039
57.2	2218.01694022	-284.026358453	30.6770242312
57.25	2634.94649496	-289.879833131	36.4435077154
57.3	2368.12052513	-286.226689772	32.753082005
57.35	2469.42802838	-287.661109352	34.154249271
57.4	2369.37692173	-286.269531316	32.7704590179
57.45	2353.8754866	-286.031894121	32.5560612411
57.5	2413.42943114	-286.792210932	33.3797419654
57.55	2428.75650943	-286.977065932	33.5917282417
57.6	2129.63357341	-282.874815417	29.4546085516
57.65	2283.95038398	-285.056274549	31.5889387505
57.7	2665.6786097	-290.311853148	36.8685584945
57.75	2330.10216905	-285.641573007	32.2272564311
57.8	2474.87909219	-287.619141029	34.22964203
57.85	2591.72172723	-289.260314614	35.8456731258
57.9	2501.05512681	-288.084139649	34.5916784212
57.95	2512.46629514	-288.262794552	34.7495043967
58.0	2255.26549303	-284.628457208	31.1922027839
58.05	2473.15191492	-287.694329609	34.2057537278
58.1	2136.83042478	-282.880048988	29.5541470086
58.15	2490.16277343	-287.90925906	34.4410280891
58.2	2412.711226	-286.760570643	33.3698085893
58.25	2302.43265862	-285.167330732	31.8445640241
58.3	2687.14242031	-290.644939958	37.1654208972
58.35	2356.03235437	-286.050967537	32.5858925212
58.4	2380.91833897	-286.40215962	32.9300864447
58.45	2319.10976385	-285.567094508	32.0752222989
58.5	2150.88498744	-283.209200895	29.7485333325
58.55	2656.57322485	-290.267387666	36.7426234276
58.6	2261.29104585	-284.677116641	31.2755412051
58.65	2358.53924725	-286.110695798	32.6205649407
58.7	2463.38853818	-287.545491667	34.0707180843
58.75	2497.82299479	-288.062033379	34.5469753395
58.8	2480.19577477	-287.753797509	34.3031761846
58.85	2592.19005049	-289.318607805	35.8521504271
58.9	2576.77951772	-289.112678944	35.6390099057
58.95	2420.66235058	-286.836760661	33.4797792739
59.0	2316.14386635	-285.481916075	32.0342014629
59.05	2101.64015227	-282.455022273	29.0674361892
59.1	2503.81687359	-288.092821526	34.6298756825
59.15	2382.80119997	-286.386038312	32.9561279827
59.2	2553.76542873	-288.848639168	35.3207058599
59.25	2187.74012131	-283.654483946	30.2582705731
59.3	2529.12138205	-288.451224067	34.9798581398
59.35	2444.32172675	-287.306589681	33.8070081795
59.4	2301.17190716	-285.198623113	31.8271267797
59.45	2603.61998746	-289.502428201	36.0102359886
59.5	2430.74588086	-287.06059179	33.6192429078
59.55	2289.11303998	-285.057277364	31.6603425889
59.6	2453.34917589	-287.428057719	33.9318653304
59.65	2330.96896147	-285.692167249	32.2392448932
59.7	2340.64884925	-285.832873851	32.3731258149
59.75	2212.71596863	-283.991923622	30.6037073728
59.8	2478.09125999	-287.731444539	34.2740689899
59.85	2278.50748542	-284.984174944	31.5136589237
59.9	2443.86968517	-287.273096338	33.8007560675
59.95	2462.87087517	-287.526480762	34.0635583732
60.0	2716.78174001	-291.018926716	37.5753574095
60.05	2487.88564503	-287.81417676	34.409533504
60.1	2185.59763573	-283.62285518	30.2286382106
60.15	2256.50688249	-284.65276918	31.2093722355
60.2	2220.88975925	-284.05643379	30.7167577144
60.25	2523.76436772	-288.374420965	34.9057661637
60.3	2196.6992338	-283.753761894	30.3821825713
60.35	2231.91842844	-284.185011162	30.8692934079
60.4	2635.92560396	-289.934637362	36.4570496095
60.45	2321.16197456	-285.509056962	32.1036060848
60.5	2302.32184665	-285.221416766	31.843031402
60.55	2426.70124604	-287.00568833	33.5633022349
60.6	2405.0364603	-286.670876039	33.2636601784
60.65	2307.60483725	-285.275695257	31.9160995684
60.7	2314.86765563	-285.446335858	32.0165504041
60.75	2431.8554854	-287.129675245	33.6345896642
60.8	2297.31393348	-285.248280075	31.773767786
60.85	2464.18579716	-287.542135727	34.081744841
60.9	2276.41493614	-284.825997375	31.4847172219
60.95	2693.585587	-290.712039293	37.2545352665
61.0	2166.55377268	-283.335319871	29.965245701
61.05	2383.70611465	-286.425603514	32.9686437074
61.1	2373.04994046	-286.19448026	32.8212599305
61.15	2461.64234151	-287.432580171	34.0465667279
61.2	2479.88406329	-287.750297929	34.2988649548
61.25	2349.27586418	-285.882469425	32.4924446267
61.3	2337.40126296	-285.755261786	32.3282089878
61.35	2144.12510506	-283.005364095	29.6550385211
61.4	2419.02823826	-286.860965332	33.4571781375
61.45	2347.95912242	-285.833042335	32.47423299
61.5	2627.41377959	-289.828020404	36.3393239791
61.55	2400.46926958	-286.641961484	33.2004921215
61.6	2608.1681449	-289.540221653	36.0731407994
61.65	2455.41498557	-287.401304341	33.9604372014
61.7	2231.85506598	-284.290561036	30.8684170522
61.75	2330.80241451	-285.599682949	32.2369414099
61.8	2344.87520466	-285.803288651	32.4315798351
61.85	2208.28200939	-283.956257321	30.5423820184
61.9	2712.20764897	-291.096620712	37.5120939154
61.95	2488.26336731	-287.906994061	34.4147577182
62.0	2283.6737369	-284.923384397	31.5851124907
