# 	 t 	 T	E	K
2.05	2296.58115216	-275.215870091	31.7636328091
2.1	2767.9614707	-281.855545919	38.2832157716
2.15	2309.46087913	-275.353422399	31.9417701755
2.2	2452.4529631	-277.316908778	33.9194699602
2.25	2365.16421758	-276.102727573	32.712193806
2.3	2147.51399944	-272.957356244	29.7019097569
2.35	2305.81243439	-275.223501946	31.8913091418
2.4	2454.52156951	-277.31938406	33.9480805122
2.45	2398.84047879	-276.613419258	33.1779645864
2.5	2751.73913617	-281.517963394	38.0588473547
2.55	2327.97612947	-275.50288344	32.1978515305
2.6	2362.53028573	-275.998863497	32.6757643316
2.65	2409.99236896	-276.73246935	33.3322045287
2.7	2395.22272976	-276.599402807	33.1279280998
2.75	2310.58927493	-275.344202491	31.9573768306
2.8	2337.82332012	-275.724249346	32.3340463903
2.85	2230.52005759	-274.175051713	30.8499527727
2.9	2231.04266508	-274.284255103	30.8571808701
2.95	2094.86177415	-272.21627201	28.9736855663
3.0	2273.20173987	-274.736389125	31.4402760376
3.05	2398.00372961	-276.543593059	33.1663916474
3.1	2691.32776589	-280.562523439	37.2233077174
3.15	2320.83526208	-275.492492498	32.0990873786
3.2	2203.06488101	-273.844206431	30.4702247814
3.25	2348.40241332	-275.808549628	32.4803640728
3.3	2345.009556	-275.760960654	32.4334380262
3.35	2318.96570992	-275.409902972	32.0732299129
3.4	2180.06396274	-273.450139694	30.1521028977
3.45	2523.31613097	-278.294905267	34.8995666755
3.5	2412.91584669	-276.742261523	33.3726386641
3.55	2450.1625966	-277.300198911	33.8877922811
3.6	2509.01355331	-278.093350925	34.7017500974
3.65	2369.83214717	-276.274880795	32.7767551655
3.7	2445.34570209	-277.245661408	33.8211706125
3.75	2563.75733678	-278.804024638	35.458902282
3.8	2417.80591106	-276.790531771	33.4402723328
3.85	2432.04921136	-276.968797068	33.6372690557
3.9	2273.83338491	-274.754657999	31.4490122152
3.95	2231.37129376	-274.262749124	30.8617260789
4.0	2330.71972617	-275.609174806	32.2357977612
4.05	2370.22540953	-276.102167715	32.782194312
4.1	2361.21131983	-275.974906271	32.6575219332
4.15	2385.17611455	-276.390691127	32.988975032
4.2	2436.7320387	-277.074773595	33.7020364636
4.25	2317.64340711	-275.413398058	32.0549413622
4.3	2444.72805293	-277.223130627	33.8126280094
4.35	2566.34713389	-278.849899506	35.4947213361
4.4	2258.86881674	-274.511481751	31.2420397562
4.45	2247.33107623	-274.442280601	31.0824631818
4.5	2437.30455078	-277.154802352	33.7099547832
4.55	2200.37364391	-273.851730647	30.4330027278
4.6	2218.26273431	-274.008880813	30.6804237684
4.65	2364.89799072	-276.106174695	32.7085116664
4.7	2545.28076969	-278.618283919	35.2033559488
4.75	2177.88584108	-273.413506352	30.1219776585
4.8	2291.81968276	-275.069889734	31.6977777161
4.85	2326.92428811	-275.558262318	32.1833036873
4.9	2476.46533432	-277.707142961	34.2515810817
4.95	2345.0131657	-275.905034183	32.4334879514
5.0	2298.95000184	-275.238441082	31.796395976
5.05	2350.69451736	-275.841936831	32.5120657834
5.1	2380.47515459	-276.233153291	32.9239568349
5.15	2116.40996055	-272.58654	29.2717149566
5.2	2215.48786728	-274.017903871	30.6420450431
5.25	2387.95685972	-276.456856999	33.0274350572
5.3	2216.28984428	-274.04421197	30.6531370538
5.35	2074.15780109	-271.967262095	28.6873323506
5.4	2274.33325861	-274.844107093	31.4559258854
5.45	2291.73242204	-275.035943609	31.6965708275
5.5	2325.29049851	-275.530013926	32.1607070144
5.55	2194.77045717	-273.774530765	30.3555059817
5.6	2358.00966008	-275.995731698	32.6132403085
5.65	2308.47442283	-275.28544804	31.9281266622
5.7	2379.36400731	-276.362498536	32.9085887414
5.75	2266.1961914	-274.631235869	31.3433834591
5.8	2322.48349449	-275.525313709	32.1218838076
5.85	2558.67038588	-278.862522714	35.3885455083
5.9	2134.37120688	-272.940940645	29.520133974
5.95	2521.07803612	-278.297589246	34.868611957
6.0	2236.75389713	-274.28154864	30.9361719729
6.05	2337.39187542	-275.732981576	32.3280791502
6.1	2296.41988821	-275.192819745	31.7614023943
6.15	2305.12338823	-275.266187498	31.8817790588
6.2	2434.85814102	-276.990967534	33.6761188957
6.25	2358.08824631	-276.141943563	32.6143272216
6.3	2462.31381238	-277.501838644	34.0558537302
6.35	2324.52536743	-275.544693055	32.1501246134
6.4	2410.93033954	-276.710357242	33.3451774441
6.45	2456.63764587	-277.516298797	33.9773476131
6.5	2413.51303134	-276.904451847	33.3808982259
6.55	2250.61281164	-274.454582223	31.1278523196
6.6	2225.9432254	-274.114993802	30.7866513661
6.65	2387.92819446	-276.48395285	33.0270385927
6.7	2143.26236499	-272.941203358	29.6431061063
6.75	2251.68973488	-274.559465486	31.1427470662
6.8	2311.4695463	-275.356981778	31.9695517178
6.85	2289.02335093	-275.061983836	31.6591021145
6.9	2501.38009125	-278.06346284	34.5961729504
6.95	2512.79780018	-278.283500368	34.7540893879
7.0	2180.68727102	-273.515381442	30.1607237711
7.05	2437.68922922	-277.180926824	33.7152752068
7.1	2230.48124459	-274.359547617	30.8494159565
7.15	2410.0681081	-276.796957729	33.3332520641
7.2	2425.51726512	-277.010514193	33.5469267912
7.25	2338.34279742	-275.679490088	32.3412311946
7.3	2201.31447582	-273.787392731	30.4460152178
7.35	2285.7622483	-274.984733751	31.6139983452
7.4	2343.40614288	-275.759911625	32.4112614854
7.45	2121.45235135	-272.681346011	29.3414554269
7.5	2422.21546942	-276.897674861	33.5012602029
7.55	2456.90794605	-277.380559018	33.9810860901
7.6	2398.31816494	-276.480305673	33.1707405502
7.65	2402.13792339	-276.5635729	33.2235709955
7.7	2302.29532873	-275.170203918	31.842664637
7.75	2291.08213503	-275.055388261	31.6875768159
7.8	2594.95860621	-279.344825146	35.8904418618
7.85	2225.74805761	-274.116965924	30.7839520329
7.9	2409.8610595	-276.709550577	33.3303884093
7.95	2404.56981326	-276.634092311	33.2572060606
8.0	2380.60373085	-276.379740283	32.9257351519
8.05	2526.92891316	-278.426943937	34.9495344665
8.1	2292.34703007	-275.100949347	31.7050713691
8.15	2300.01407141	-275.049859854	31.8111129456
8.2	2151.75665671	-273.085460113	29.7605892456
8.25	2198.80464841	-273.830193734	30.4113022114
8.3	2415.28712876	-276.843087479	33.4054354728
8.35	2180.30801853	-273.571463236	30.1554783929
8.4	2245.89317024	-274.479924606	31.0625757427
8.45	2433.86431255	-277.095728606	33.6623734191
8.5	2310.82310437	-275.316283875	31.9606108868
8.55	2193.89292815	-273.62042811	30.3433690234
8.6	2286.47890409	-275.013057564	31.6239102925
8.65	2195.1987956	-273.698609856	30.3614302595
8.7	2430.71677249	-276.958885178	33.6188403148
8.75	2482.32750071	-277.649591389	34.3326597323
8.8	2318.01330042	-275.410149806	32.0600572952
8.85	2686.80702569	-280.59652253	37.1607821099
8.9	2399.26197295	-276.568370835	33.1837942021
8.95	2374.87893935	-276.221607907	32.8465565106
9.0	2316.13279067	-275.391631366	32.0340482769
9.05	2465.75534442	-277.475665476	34.1034529887
9.1	2317.36451947	-275.425288816	32.0510841135
9.15	2376.61677104	-276.243340548	32.8705921724
9.2	2324.01984984	-275.593899352	32.1431328834
9.25	2460.30274455	-277.292044112	34.0280389847
9.3	2413.56921216	-276.753515742	33.3816752534
9.35	2241.17338139	-274.394063144	30.9972971263
9.4	2516.44641296	-278.22596349	34.8045527458
9.45	2508.10089734	-278.090742988	34.6891273041
9.5	2427.50171306	-276.845073397	33.5743733614
9.55	2163.36939809	-273.221763211	29.9212031444
9.6	2316.62097184	-275.445653317	32.0408002296
9.65	2325.53251099	-275.549905478	32.1640542488
9.7	2592.39573249	-279.402376537	35.8549951807
9.75	2377.81021061	-276.37298004	32.887098437
9.8	2163.58435847	-273.343984932	29.9241762258
9.85	2367.49007514	-276.113557135	32.7443623559
9.9	2150.68318668	-273.11791223	29.7457422596
9.95	2372.4429402	-276.176122982	32.8128646106
10.0	2696.89934215	-280.737504822	37.3003672641
10.05	2443.66837713	-277.19602495	33.7979718094
10.1	2624.49710407	-279.754475416	36.298983924
10.15	2311.7803452	-275.250137565	31.9738503259
10.2	2493.44439861	-277.926618368	34.4864157024
10.25	2654.33245893	-280.27032162	36.711631766
10.3	2382.38641395	-276.319764362	32.950391146
10.35	2403.35648719	-276.617614002	33.2404247491
10.4	2378.99701108	-276.218779335	32.9035128774
10.45	2306.73880856	-275.211251999	31.9041216692
10.5	2446.77678695	-277.138433342	33.8409637097
10.55	2305.99133877	-275.263400437	31.8937835386
10.6	2361.17332939	-276.086313536	32.6569964937
10.65	2431.57763842	-277.043237644	33.6307468086
10.7	2205.2987441	-273.854948766	30.5011209711
10.75	2410.89520973	-276.701599326	33.3446915695
10.8	2202.93376717	-273.82753614	30.4684113677
10.85	2200.00529574	-273.859025108	30.4279081653
10.9	2140.8544044	-272.916864222	29.609802003
10.95	2389.77253573	-276.437441022	33.0525473707
11.0	2434.99139971	-277.069936771	33.6779619745
11.05	2289.81116857	-275.064674825	31.6699982896
11.1	2246.98907673	-274.470996668	31.0777330435
11.15	2289.29679125	-274.984580231	31.6628840223
11.2	2376.77146789	-276.183395632	32.8727317589
11.25	2523.02464046	-278.289033688	34.8955351186
11.3	2156.02111973	-273.173479277	29.8195703259
11.35	2430.97818134	-277.118244448	33.6224558173
11.4	1855.95810086	-269.011856746	25.6694485058
11.45	2327.37389391	-275.605372983	32.1895221104
11.5	2391.82285042	-276.453572889	33.080904933
11.55	2235.49392977	-274.348088535	30.9187455735
11.6	2242.43994739	-274.489840646	31.0148147905
11.65	2526.9964325	-278.363375201	34.9504683152
11.7	2395.99102457	-276.47256282	33.1385542579
11.75	2262.53340406	-274.656833734	31.2927240552
11.8	2468.49254967	-277.583282971	34.1413108203
11.85	2491.52561543	-277.874862653	34.4598773306
11.9	2378.74589578	-276.223440314	32.9000397433
11.95	2383.4780241	-276.324385759	32.9654890248
12.0	2394.89698485	-276.455787993	33.123422776
12.05	2430.51722	-276.903795642	33.6160803375
12.1	1981.01493436	-270.569753252	27.3990888174
12.15	2433.78382358	-276.996077531	33.6612601895
12.2	2328.87308349	-275.543145316	32.2102571528
12.25	2351.31561883	-275.916570533	32.5206561348
12.3	2334.43206442	-275.692200031	32.2871424954
12.35	2224.28239738	-274.077149517	30.7636807295
12.4	2330.96649918	-275.543208726	32.2392108377
12.45	2141.98293356	-272.82375226	29.6254105025
12.5	2457.71580037	-277.365453406	33.9922593891
12.55	2374.56643728	-276.180982898	32.8422343464
12.6	2331.45106846	-275.634737808	32.2459128351
12.65	2350.01767708	-275.982950897	32.5027045178
12.7	2371.08846978	-276.201628248	32.794131155
12.75	2194.20409689	-273.750162134	30.3476727466
12.8	2387.5796258	-276.456740931	33.0222175973
12.85	2496.33169903	-277.952558509	34.5263494752
12.9	2385.89784043	-276.438784352	32.998957103
12.95	2313.43933404	-275.467595853	31.9967955252
13.0	2539.4701327	-278.586838542	35.1229899928
13.05	2339.56832326	-275.806661621	32.3581812392
13.1	2328.98117805	-275.546139009	32.2117521906
13.15	2333.71195114	-275.686571696	32.2771827282
13.2	2445.05714635	-277.224482421	33.817179646
13.25	2408.21825887	-276.563815788	33.3076671065
13.3	2519.02647913	-278.1549259	34.8402372128
13.35	2177.34983209	-273.504361151	30.1145642071
13.4	2386.72500399	-276.384710923	33.0103974649
13.45	2373.34474325	-276.248166478	32.825337299
13.5	2406.26293408	-276.696407915	33.2806233338
13.55	2401.94990628	-276.653101422	33.220970562
13.6	2330.24142495	-275.609996803	32.2291824563
13.65	2442.3858498	-277.142661046	33.7802333867
13.7	2421.72272495	-276.885982646	33.4944451358
13.75	2512.6575438	-278.169951251	34.7521495251
13.8	2298.25614549	-275.16641787	31.786799364
13.85	2517.7759784	-278.219114266	34.8229417447
13.9	2435.03231148	-277.059223798	33.6785278184
13.95	2313.33698845	-275.334227128	31.9953800004
14.0	2245.3557187	-274.435696242	31.0551423395
14.05	2443.36563722	-277.231516346	33.7937846639
14.1	2264.11657017	-274.669461901	31.314620563
14.15	2254.42984442	-274.615041153	31.1806450666
14.2	2273.1599239	-274.786576132	31.4396976878
14.25	2479.21975282	-277.723992395	34.289676987
14.3	2588.18311842	-279.251299443	35.7967312146
14.35	2190.46832167	-273.678744942	30.2960038596
14.4	2169.80343473	-273.41875544	30.0101912376
14.45	2395.42075276	-276.549997276	33.1306669231
14.5	2668.12029344	-280.380461243	36.9023290171
14.55	2262.75271293	-274.687716258	31.2957572799
14.6	2625.81842379	-279.823453911	36.3172588778
14.65	2413.52612206	-276.78594437	33.3810792814
14.7	2344.69762655	-275.81642415	32.4291237817
14.75	2414.67800707	-276.861659036	33.3970108119
14.8	2460.39005224	-277.636648975	34.029246523
14.85	2408.38291324	-276.807148468	33.3099444138
14.9	2227.63394194	-274.09657781	30.8100353861
14.95	2354.91293254	-275.90685276	32.5704099837
15.0	2542.10278779	-278.555789982	35.1594018085
15.05	2427.45126677	-276.973127883	33.5736756471
15.1	2380.56689076	-276.372689155	32.9252256227
15.15	2583.12101497	-279.141687012	35.7267181017
15.2	2582.63181941	-279.126313241	35.7199521191
15.25	2329.8210548	-275.630346027	32.2233683865
15.3	2344.56274019	-275.761079475	32.4272581909
15.35	2363.84272874	-276.026290129	32.6939165131
15.4	2437.35314884	-277.115958883	33.7106269348
15.45	2323.71736382	-275.53273644	32.1389492495
15.5	2303.47286715	-275.353029181	31.8589509756
15.55	2539.98367993	-278.608843766	35.1300927793
15.6	2272.73571425	-274.826228207	31.4338305144
15.65	2454.79904757	-277.473489262	33.9519182651
15.7	2299.12335009	-275.122675717	31.7987935269
15.75	2200.44785276	-273.762584042	30.434029098
15.8	2213.95606711	-273.93426484	30.6208589691
15.85	2325.17316968	-275.566850891	32.1590842588
15.9	2300.65266423	-275.160495343	31.819945217
15.95	2559.48553374	-278.75547042	35.3998196831
16.0	2325.54387496	-275.573237891	32.164211422
16.05	2264.89233684	-274.631078463	31.3253500631
16.1	2497.15241059	-277.978977015	34.5377006006
16.15	2268.53282764	-274.724156568	31.3757010872
16.2	2159.00579023	-273.29479552	29.8608508082
16.25	2587.15690133	-279.252963167	35.7825377764
16.3	2324.75632709	-275.499709562	32.153318978
16.35	2211.35616672	-273.929223919	30.5849001782
16.4	2250.72400018	-274.539772428	31.1293901499
16.45	2287.38785017	-275.063981055	31.6364817749
16.5	2608.66273964	-279.543941394	36.0799814572
16.55	2368.61439782	-276.142936982	32.7599126764
16.6	2167.31017631	-273.350364452	29.9757073941
16.65	2383.24774901	-276.410439593	32.9623041284
16.7	2382.89339927	-276.269344885	32.9574031758
16.75	2040.36680556	-271.489628434	28.2199746988
16.8	2449.3369307	-277.315174747	33.8763726332
16.85	2278.52167683	-274.9750051	31.5138552028
16.9	2217.28785504	-274.044446027	30.6669403751
16.95	2478.03089087	-277.602608187	34.2732340346
17.0	2294.63056642	-275.072572595	31.7366545815
17.05	2247.80535414	-274.456417016	31.0890228409
17.1	2339.31425225	-275.912301824	32.3546672252
17.15	2295.77132996	-275.290513435	31.7524322928
17.2	2464.78315986	-277.579210282	34.0900068653
17.25	2253.87508875	-274.48950149	31.1729723329
17.3	2298.18106831	-275.180387509	31.7857609839
17.35	2409.78894546	-276.692526798	33.329391012
17.4	2230.45960647	-274.191114616	30.8491166833
17.45	2451.83369633	-277.333802486	33.9109049842
17.5	2331.91460925	-275.675312702	32.2523239908
17.55	2255.45502781	-274.571661328	31.194824208
17.6	2319.47544803	-275.398090808	32.0802800161
17.65	2073.6228316	-271.908609075	28.6799332764
17.7	2550.56936815	-278.739764237	35.2765016764
17.75	2472.40359387	-277.67855745	34.1954038236
17.8	2278.67482298	-274.896308493	31.5159733418
17.85	2302.42188048	-275.245353409	31.8444149534
17.9	2365.55634503	-276.163366187	32.7176172557
17.95	2347.49277761	-275.972359475	32.4677830523
18.0	2340.28754226	-275.763271313	32.3681286378
18.05	2298.39885967	-275.127076286	31.7887732201
18.1	2240.65505451	-274.376601112	30.9901282332
18.15	2540.93571034	-278.465626005	35.1432601539
18.2	2367.48779796	-275.984589714	32.7443308606
18.25	2608.4258914	-279.468615701	36.0767056485
18.3	2387.27995441	-276.457581804	33.0180728921
18.35	2392.84737209	-276.488784594	33.0950749221
18.4	2440.23529003	-277.124195248	33.7504893514
18.45	2415.57182819	-276.791435128	33.4093731035
18.5	2306.72719845	-275.236930225	31.9039610917
18.55	2646.43293361	-280.055313062	36.6023747422
18.6	2449.90634182	-277.262630704	33.8842480638
18.65	2499.61434028	-277.963680645	34.5717511417
18.7	2298.50909767	-275.159468954	31.7902979035
18.75	2363.89965149	-276.091875774	32.6947038022
18.8	2487.02627936	-277.802511702	34.3976477601
18.85	2464.8019801	-277.504556996	34.0902671649
18.9	1942.0633955	-270.106437652	26.8603565473
18.95	2377.85664487	-276.284100392	32.8877406616
19.0	2332.72362912	-275.618466093	32.2635134104
19.05	2181.74957454	-273.521669577	30.1754163149
19.1	2183.88860316	-273.574956644	30.2050008648
19.15	2337.70331928	-275.728670589	32.3323866786
19.2	2340.97790426	-275.803630238	32.37767692
19.25	2253.28682942	-274.532500102	31.1648362159
19.3	1992.03421732	-270.836576851	27.5514946915
19.35	2406.42717732	-276.693896072	33.2828949547
19.4	2386.8196749	-276.358631202	33.0117068425
19.45	2324.82024448	-275.476764919	32.1542030089
19.5	2532.43106327	-278.474958113	35.0256337916
19.55	2579.41003318	-279.149080544	35.6753921286
19.6	2117.01262603	-272.471508896	29.2800503228
19.65	2493.89874	-277.818566477	34.4926996227
19.7	2367.07563325	-276.176329576	32.7386302789
19.75	2507.8062649	-278.135411903	34.6850522917
19.8	2320.68403242	-275.454778306	32.0969957464
19.85	2506.26704477	-278.080753196	34.6637635936
19.9	2406.9356389	-276.593512323	33.2899274024
19.95	2533.78696646	-278.431901889	35.0443870637
20.0	2244.94530043	-274.344225389	31.0494659127
20.05	2341.22370762	-275.737786449	32.3810765855
20.1	2343.51429373	-275.742815751	32.4127573019
20.15	2228.95679622	-274.228638003	30.828331564
20.2	2383.27037893	-276.334842759	32.962617119
20.25	2356.85149035	-275.989882578	32.5972218551
20.3	2410.54358799	-276.720606638	33.3398283477
20.35	2387.62098966	-276.475890118	33.022789694
20.4	2144.61623124	-272.966804607	29.6618312057
20.45	2474.62929753	-277.607951564	34.2261871616
20.5	2339.85708662	-275.722081946	32.3621750773
20.55	2387.40646255	-276.42950863	33.0198226052
20.6	2274.9423358	-274.911519406	31.464349931
20.65	2498.56103972	-277.941749164	34.5571831164
20.7	2381.20262062	-276.275791482	32.9340182969
20.75	2377.3142185	-276.217917086	32.8802384525
20.8	2187.06506602	-273.610974832	30.2489339954
20.85	2250.68100461	-274.63855095	31.1287954853
20.9	2260.86289933	-274.638685947	31.2696195815
20.95	2195.57090877	-273.740918468	30.3665768951
21.0	2340.69807662	-275.799022991	32.3738066704
21.05	2363.15779995	-276.16150646	32.6844433766
21.1	2251.80495736	-274.520296263	31.1443406893
21.15	2159.32717762	-273.296847428	29.8652958639
21.2	2247.22633545	-274.498000763	31.0810145295
21.25	2570.69730835	-279.025801377	35.5548878772
21.3	2437.04277597	-277.166340407	33.7063342192
21.35	2217.59246172	-273.986980994	30.6711533395
21.4	2485.11160445	-277.850410118	34.3711662091
21.45	2240.09230639	-274.397956978	30.9823449573
21.5	2424.47759509	-276.94902528	33.5325472875
21.55	2233.0556373	-274.303856528	30.8850219549
21.6	2113.50826155	-272.623277647	29.2315820392
21.65	2512.96397229	-278.292045666	34.7563876868
21.7	2205.35754565	-273.862887026	30.5019342456
21.75	2355.38552454	-275.972857022	32.5769463253
21.8	2189.55148727	-273.594167754	30.2833232751
21.85	2337.24313304	-275.71381999	32.326021919
21.9	2368.17070206	-276.182924744	32.753775994
21.95	2586.76326317	-279.255892045	35.7770934323
22.0	2217.50636782	-273.974460316	30.6699625891
22.05	2471.0884204	-277.573464849	34.1772138776
22.1	2083.23160719	-272.081084118	28.812830657
22.15	2512.99631808	-278.162927973	34.756835056
22.2	2323.50229229	-275.575117945	32.1359746309
22.25	2285.70440042	-275.100539815	31.6131982608
22.3	2423.29578773	-276.860682814	33.5162019061
22.35	2471.68423511	-277.611748107	34.185454492
22.4	2085.78147343	-272.173492687	28.8480974338
22.45	2341.67383852	-275.745533126	32.3873022714
22.5	2620.57106729	-279.719606969	36.2446835608
22.55	2533.20451168	-278.465775093	35.0363312282
22.6	2276.91692087	-274.875985548	31.4916600894
22.65	2364.45271635	-276.197200055	32.7023531506
22.7	2617.48015524	-279.704535615	36.2019336692
22.75	2376.4821427	-276.167906897	32.8687301502
22.8	2296.5943931	-275.129934726	31.7638159424
22.85	2364.61120788	-276.105478262	32.7045452206
22.9	2356.41629916	-276.039190596	32.591202798
22.95	2480.40419553	-277.782759903	34.3060588175
23.0	2211.05578964	-274.082226353	30.5807457127
23.05	2143.78883731	-273.02431252	29.6503876576
23.1	2491.53392343	-277.846153049	34.4599922372
23.15	2284.38026213	-274.873539639	31.5948843239
23.2	2487.95393507	-277.821055285	34.4104780122
23.25	2504.08219338	-278.010119733	34.6335452765
23.3	2350.15424757	-275.878341214	32.5045934016
23.35	2427.54300984	-277.060074854	33.5749445303
23.4	2286.61812388	-274.945789552	31.6258358183
23.45	2274.98213929	-274.762558784	31.4649004464
23.5	2327.75026381	-275.568341512	32.1947276201
23.55	2283.69629492	-274.997135071	31.5854244868
23.6	2287.66575946	-274.987396401	31.6403254921
23.65	2135.46676061	-272.887100944	29.5352863957
23.7	2240.12519592	-274.46828307	30.9827998469
23.75	2595.00480243	-279.347214274	35.8910807941
23.8	2404.0439823	-276.616339461	33.2499333799
23.85	2342.59280436	-275.633416677	32.4000123353
23.9	2320.94016358	-275.413969514	32.1005382539
23.95	2195.46390511	-273.752407883	30.3650969452
24.0	2405.03560695	-276.659560817	33.2636483759
24.05	2307.65055633	-275.279156029	31.9167319013
24.1	2402.0826437	-276.626611936	33.2228064312
24.15	2032.76628456	-271.39714132	28.1148531541
24.2	2264.13055286	-274.715445155	31.3148139553
24.25	2275.57381338	-274.90083583	31.4730837926
24.3	2210.1233979	-274.033496994	30.5678499572
24.35	2224.9639804	-274.19621021	30.7731075911
24.4	2296.95275898	-275.161120001	31.7687724415
24.45	2356.09133314	-275.996978606	32.5867082469
24.5	2327.66086675	-275.663137399	32.1934911841
24.55	2451.99957521	-277.390874318	33.9131992275
24.6	2524.52144349	-278.32097621	34.916237153
24.65	2472.39429758	-277.642127985	34.1952752481
24.7	2369.2375062	-276.261967238	32.7685307849
24.75	2523.48443616	-278.384332468	34.9018944767
24.8	2017.90939784	-271.13976801	27.9093700194
24.85	2174.7081536	-273.339475195	30.0780275903
24.9	2440.89422398	-277.117697181	33.7596029575
24.95	2249.39567332	-274.41175372	31.1110182815
25.0	2294.19626799	-275.129655165	31.730647872
25.05	2386.49129764	-276.396132283	33.0071651111
25.1	2236.49675751	-274.303139919	30.9326155174
25.15	2364.99472229	-276.140195154	32.7098495447
25.2	2595.96068237	-279.479977629	35.9043014109
25.25	2178.32108749	-273.568896534	30.1279974794
25.3	2526.4567924	-278.375230167	34.9430046427
25.35	2306.10438647	-275.26385127	31.8953470825
25.4	2383.24899028	-276.392326436	32.962321296
25.45	2478.98381239	-277.667861289	34.286413734
25.5	2312.07970861	-275.353705528	31.9779907715
25.55	2255.25441397	-274.431853085	31.1920495512
25.6	2337.03939714	-275.574065827	32.3232040817
25.65	2255.69794768	-274.514013504	31.1981839924
25.7	2201.83927612	-273.786297693	30.4532736436
25.75	2475.4325422	-277.647468322	34.2372967052
25.8	2451.749109	-277.305868308	33.9097350708
25.85	2128.89410655	-272.791069304	29.4443811082
25.9	2447.95000185	-277.183713841	33.8571902503
25.95	2243.80999378	-274.360158992	31.0337636748
26.0	2678.6352091	-280.540163907	37.0477590707
26.05	2484.82726257	-277.855525875	34.3672335237
26.1	2199.70092766	-273.872683183	30.4236985008
26.15	2677.14588932	-280.512846611	37.0271605359
26.2	2461.60325233	-277.431676481	34.046026092
26.25	2350.63661052	-275.89900107	32.5112648835
26.3	2280.13945984	-274.916202546	31.5362304911
26.35	2270.14324007	-274.819229143	31.3979744343
26.4	2204.9006294	-273.86388148	30.4956147128
26.45	2430.43793335	-277.079207515	33.6149837369
26.5	2652.55138209	-280.147615199	36.6869979879
26.55	2165.69509809	-273.247158287	29.9533695152
26.6	2543.60855938	-278.629622761	35.1802278854
26.65	2510.38224992	-278.195133306	34.720680313
26.7	2424.49226904	-276.940930805	33.5327502405
26.75	2246.83900362	-274.422045802	31.0756574071
26.8	2300.93169247	-275.174259264	31.8238044102
26.85	2044.89778349	-271.581114174	28.2826419027
26.9	2491.40970726	-277.905305596	34.4582742239
26.95	2276.75055617	-274.847677163	31.4893591268
27.0	2258.8150877	-274.593118914	31.2412966388
27.05	2278.96487649	-274.897730728	31.5199850237
27.1	2338.24415221	-275.749052743	32.3398668491
27.15	2145.24659718	-272.971123961	29.6705496925
27.2	2537.90887485	-278.486814354	35.1013964945
27.25	2409.52526204	-276.672510879	33.3257440505
27.3	2162.32065148	-273.251104538	29.9066981041
27.35	2232.15767569	-274.250271469	30.8726023969
27.4	2507.13843764	-278.11260247	34.6758156837
27.45	2664.53099027	-280.308191698	36.8526859606
27.5	2334.38101462	-275.599501207	32.2864364342
27.55	2529.86604404	-278.562886232	34.9901574363
27.6	2163.19331035	-273.306625816	29.9187677042
27.65	2354.75938995	-275.968015317	32.5682863616
27.7	2293.50114624	-275.114021893	31.7210337584
27.75	2394.06238847	-276.467235533	33.111879612
27.8	2355.70491502	-275.949288468	32.581363762
27.85	2516.83452496	-278.245291561	34.8099206584
27.9	2468.72274279	-277.539762634	34.1444945831
27.95	2397.57035944	-276.589941941	33.1603977764
28.0	2346.4404802	-275.816837118	32.4532289013
28.05	2412.31660693	-276.787954402	33.3643506784
28.1	2350.59229137	-275.941038167	32.5106519126
28.15	2464.12818324	-277.468187445	34.0809479924
28.2	2385.96400792	-276.343073386	32.9998722545
28.25	2273.36121292	-274.837384098	31.4424816828
28.3	2049.98267242	-271.686934995	28.3529701577
28.35	2445.03193491	-277.197021393	33.8168309507
28.4	2179.82396734	-273.51305163	30.1487835613
28.45	2377.99604033	-276.323819303	32.8896686171
28.5	2371.54662982	-276.253565444	32.8004678905
28.55	2330.22985746	-275.659843664	32.2290224683
28.6	2268.22909978	-274.768483174	31.3715002776
28.65	2480.36217665	-277.754118722	34.3054776614
28.7	2449.83792868	-277.258500345	33.883301853
28.75	2482.15155503	-277.764138461	34.3302262568
28.8	2145.08288709	-272.988729278	29.6682854454
28.85	2359.22187956	-275.940657727	32.630006315
28.9	2243.25939165	-274.303740795	31.0261483881
28.95	2369.62889369	-276.164059584	32.7739440003
29.0	2237.38109086	-274.370398985	30.9448465853
29.05	2598.84319136	-279.429046302	35.9441689144
29.1	2359.24560864	-276.04040275	32.6303345078
29.15	2267.00604186	-274.837399021	31.3545843664
29.2	2331.34499189	-275.593751632	32.2444457076
29.25	2373.72197392	-276.111494176	32.8305547137
29.3	2359.11304778	-275.968654852	32.6285010807
29.35	2194.58711981	-273.743533615	30.3529702732
29.4	2309.33177667	-275.250415783	31.9399845808
29.45	2108.96318735	-272.425758865	29.1687198722
29.5	2407.32436522	-276.669286944	33.2953038117
29.55	2325.40073767	-275.564984238	32.162231714
29.6	2338.58266812	-275.804432169	32.3445488065
29.65	2329.18093457	-275.667044582	32.2145149899
29.7	2297.93459419	-275.147105537	31.7823520413
29.75	2378.1830109	-276.268005355	32.8922545759
29.8	2397.03827472	-276.551303884	33.153038601
29.85	2627.39679991	-279.844322101	36.3390891359
29.9	2349.04671663	-275.852092326	32.489275325
29.95	2346.00484144	-275.753263704	32.4472036539
30.0	2294.30809476	-275.042542867	31.7321945295
30.05	2034.54548872	-271.410068631	28.1394610317
30.1	2335.12113954	-275.631080569	32.2966729791
30.15	2137.83354506	-272.900780705	29.5680209988
30.2	2435.93390083	-277.026112352	33.6909975511
30.25	2304.71758253	-275.238656142	31.8761664274
30.3	2214.36456334	-274.059535753	30.6265088127
30.35	2175.7430652	-273.410452641	30.0923412809
30.4	2184.12776181	-273.533066276	30.2083086283
30.45	2259.89599726	-274.635874029	31.2562465195
30.5	2390.01392075	-276.478286415	33.0558859268
30.55	2117.6047662	-272.663341373	29.2882401153
30.6	2142.34877093	-272.908570823	29.6304703384
30.65	2306.54588717	-275.251172181	31.9014534055
30.7	2323.36298381	-275.485503854	32.1340478784
30.75	2510.93550706	-278.149611986	34.7283323207
30.8	2253.49039483	-274.517843502	31.1676516952
30.85	2450.88897257	-277.331273453	33.8978386667
30.9	2290.96200821	-275.0651009	31.6859153617
30.95	2559.70303363	-278.790027276	35.402827888
31.0	2438.19517494	-277.089854742	33.7222728581
31.05	2185.14172121	-273.573017862	30.2223325325
31.1	2424.50239927	-277.035100454	33.5328903501
31.15	2292.33219139	-275.163837949	31.7048661379
31.2	2380.11455984	-276.265625633	32.9189695088
31.25	2489.06360658	-277.909161009	34.4258256947
31.3	2633.07178364	-279.810198172	36.4175788942
31.35	2483.12190977	-277.668203309	34.3436470722
31.4	2443.48455379	-277.275108705	33.7954293792
31.45	2498.20628985	-278.002461857	34.5522766299
31.5	2619.92402666	-279.706539077	36.2357344492
31.55	2104.95572424	-272.400115636	29.113293315
31.6	2336.4721756	-275.669847316	32.3153589347
31.65	2342.10527779	-275.714348296	32.3932694363
31.7	2092.7586961	-272.299831802	28.9445982428
31.75	2190.24148968	-273.652033711	30.2928665839
31.8	2152.44156156	-273.126568101	29.7700620508
31.85	2394.56032068	-276.467765966	33.1187664298
31.9	2365.90985844	-276.05113284	32.7225066409
31.95	2456.78008442	-277.400039216	33.979317657
32.0	2195.99982938	-273.787850505	30.3725092248
32.05	2177.29296494	-273.446820892	30.113777687
32.1	2454.26594724	-277.303268354	33.944545043
32.15	2307.20151016	-275.14332154	31.9105212183
32.2	2536.89041841	-278.421228747	35.0873103926
32.25	2385.80125115	-276.382533899	32.9976211927
32.3	2391.11331546	-276.415874557	33.0710914726
32.35	2402.40752801	-276.550688119	33.2272998521
32.4	2276.44243002	-274.742415922	31.4850974852
32.45	2435.1958608	-276.935536786	33.6807898419
32.5	2231.10837639	-274.263418819	30.8580897124
32.55	2084.11554829	-272.123651348	28.8250562997
32.6	2513.75195356	-278.301944948	34.7672861249
32.65	2355.73023988	-276.010455102	32.5817140259
32.7	2296.33550653	-275.207088384	31.7602353253
32.75	2406.06901257	-276.663134722	33.2779412375
32.8	2475.23112688	-277.605101943	34.2345109635
32.85	2539.74798199	-278.538825508	35.1268328803
32.9	2397.71893935	-276.467123329	33.1624527604
32.95	2438.05665319	-277.055191126	33.7203569868
33.0	2250.7309273	-274.428328035	31.1294859577
33.05	2121.11891239	-272.592966153	29.336843688
33.1	2594.61927468	-279.286076184	35.8857486239
33.15	2394.57398219	-276.523686645	33.1189553799
33.2	2205.83130912	-273.933134817	30.5084867896
33.25	2335.69989814	-275.698972128	32.3046776933
33.3	2118.05304253	-272.531947185	29.2944401507
33.35	2360.36002595	-275.974263673	32.6457478288
33.4	2425.19481796	-276.890120503	33.5424670781
33.45	2553.71249032	-278.742938202	35.3199736776
33.5	2263.97707054	-274.6212626	31.3126911668
33.55	2215.45271173	-273.99344378	30.6415588125
33.6	2372.06016178	-276.092497548	32.8075704658
33.65	2379.60219384	-276.308747873	32.9118830597
33.7	2573.63633061	-279.050140178	35.5955370063
33.75	2390.3332027	-276.575223526	33.0603018625
33.8	2201.85585422	-273.871137558	30.4535029325
33.85	2295.81567086	-275.137975625	31.7530455643
33.9	2360.09350924	-276.077190648	32.6420616804
33.95	2455.97096155	-277.466991781	33.9681268128
34.0	2190.52614714	-273.554813309	30.296803634
34.05	2419.07324428	-276.845321624	33.4578006084
34.1	2318.61913564	-275.449319771	32.0684365016
34.15	2310.36573796	-275.275778879	31.9542851279
34.2	2491.5228085	-277.934069333	34.4598385084
34.25	2281.01492767	-274.956614787	31.5483389414
34.3	2481.59958789	-277.729753252	34.3225920909
34.35	2220.00679619	-274.142533401	30.7045455989
34.4	2386.42877567	-276.475400731	33.0063003801
34.45	2364.67372958	-276.084394779	32.7054099478
34.5	2530.58473776	-278.522970876	35.0000975698
34.55	2326.27825405	-275.650224782	32.1743684974
34.6	2407.88602208	-276.754333736	33.3030719946
34.65	2205.71777999	-273.888446412	30.506916587
34.7	2217.61064308	-274.064553286	30.6714048028
34.75	2250.01846941	-274.538006101	31.1196320709
34.8	2350.35591912	-275.878905203	32.5073826873
34.85	2211.37053428	-273.944658765	30.5850988935
34.9	2513.14227789	-278.188383268	34.7588538019
34.95	2415.74413177	-276.776968878	33.4117562057
35.0	2288.422493	-274.996384306	31.6507917482
35.05	2364.71496655	-276.134378977	32.7059802895
35.1	2563.49984657	-278.854133838	35.4553409777
35.15	2290.90398815	-275.005401017	31.6851128958
35.2	2557.7501506	-278.886617814	35.3758178868
35.25	2212.81202777	-274.035677579	30.6050359508
35.3	2433.09369351	-277.11709196	33.651715115
35.35	2126.37508517	-272.771797699	29.4095409415
35.4	2353.59753287	-275.893808274	32.5522169091
35.45	2286.14712123	-274.926577344	31.6193214589
35.5	2506.76051975	-278.053889383	34.670588764
35.55	2139.12889325	-272.919308268	29.5859367446
35.6	2505.807523	-278.184589193	34.6574080242
35.65	2111.98180522	-272.612440121	29.210469875
35.7	2468.54362187	-277.687769046	34.1420171915
35.75	2113.84291466	-272.686309044	29.2362105708
35.8	2216.66899975	-273.927328491	30.6583810902
35.85	2497.64770404	-277.942560535	34.5445509223
35.9	2260.98308931	-274.610772878	31.2712819092
35.95	2192.60534293	-273.697366818	30.325560646
36.0	2471.85585322	-277.635154806	34.1878281136
36.05	2232.32893067	-274.167205292	30.874970996
36.1	2383.09179347	-276.357342398	32.9601471331
36.15	2275.01403552	-274.868188387	31.4653415979
36.2	2052.98196322	-271.684951043	28.3944528511
36.25	2347.18524365	-275.857024579	32.4635296011
36.3	2320.44161166	-275.530219271	32.093642865
36.35	2351.09662487	-275.879522953	32.5176272657
36.4	2386.96426442	-276.473897387	33.0137066362
36.45	2537.68240296	-278.646719181	35.0982641994
36.5	2405.51333718	-276.70062848	33.2702557835
36.55	2349.63309033	-275.802064744	32.4973853623
36.6	2263.89922935	-274.72777399	31.3116145581
36.65	2232.91132653	-274.196519871	30.8830260165
36.7	2417.06332413	-276.748064164	33.4300017363
36.75	2367.59330779	-276.101157925	32.7457901496
36.8	2267.30310368	-274.727101526	31.3586929792
36.85	2482.06814656	-277.752603886	34.329072648
36.9	2501.20103759	-278.039582933	34.5936964888
36.95	2495.5112544	-278.051277498	34.5150020418
37.0	2327.30922111	-275.588437684	32.1886276317
37.05	2306.32083867	-275.324490694	31.898340797
37.1	2555.44508192	-278.82021585	35.3439368645
37.15	2301.10742296	-275.234538334	31.8262349095
37.2	2359.26958996	-276.119388013	32.6306661896
37.25	2562.72047095	-278.78405813	35.4445615629
37.3	2359.48941615	-275.92395027	32.6337065691
37.35	2458.03988765	-277.450272696	33.9967417865
37.4	2535.90295816	-278.563123181	35.0736529937
37.45	2522.0149107	-278.318569781	34.881569714
37.5	2437.87195197	-277.132954327	33.7178024148
37.55	2207.06818697	-273.862211761	30.5255938419
37.6	2577.84857447	-278.998872233	35.6537958523
37.65	2484.56224601	-277.755113451	34.3635681237
37.7	2498.84521112	-277.927856519	34.561113444
37.75	2370.85075184	-276.165325441	32.7908433177
37.8	2474.23541411	-277.575669661	34.2207394254
37.85	2411.46756522	-276.768454025	33.3526077233
37.9	2245.97415191	-274.477339128	31.0636957867
37.95	2600.23275234	-279.427399282	35.9633877018
38.0	2286.60579702	-274.916504925	31.6256653276
38.05	2538.0200004	-278.562736213	35.1029334536
38.1	2677.92601791	-280.580806668	37.0379503651
38.15	2327.01560314	-275.596519628	32.1845666503
38.2	2515.04434054	-278.19944696	34.7851609148
38.25	2264.88916593	-274.646289199	31.3253062067
38.3	2614.30890186	-279.53877028	36.1580725899
38.35	2565.13743581	-278.861256956	35.4779902028
38.4	2376.13081787	-276.341175395	32.8638710347
38.45	2341.50520875	-275.825290202	32.3849699809
38.5	2603.78785907	-279.511153881	36.012557793
38.55	2462.90694016	-277.390491006	34.064057182
38.6	2233.33292804	-274.187687339	30.8888571172
38.65	2337.31710127	-275.697687651	32.3270449614
38.7	2320.20844112	-275.476236868	32.090417922
38.75	2296.52007098	-275.181482155	31.7627880055
38.8	2461.51600445	-277.494947115	34.0448193811
38.85	2457.88328255	-277.424019762	33.9945758073
38.9	2337.70368304	-275.692535065	32.3323917098
38.95	2558.7982744	-278.783207005	35.3903143132
39.0	2411.36053504	-276.808209996	33.3511274067
39.05	2437.89806045	-277.153562862	33.7181635169
39.1	2586.81373717	-279.200404032	35.7777915298
39.15	2365.80460079	-276.069324972	32.72105084
39.2	2221.12456674	-274.041334852	30.7200052978
39.25	2316.07534969	-275.473297801	32.0332538202
39.3	2297.15505374	-275.052576875	31.7715703467
39.35	2248.43048997	-274.518148656	31.0976689908
39.4	2301.75751033	-275.220131909	31.83522616
39.45	2338.46565459	-275.750233508	32.3429304118
39.5	2261.22107607	-274.646256099	31.2745734646
39.55	2356.57651209	-275.974833423	32.5934186764
39.6	2362.82825516	-276.090376504	32.6798854974
39.65	2431.3492192	-277.035078108	33.6275875804
39.7	2297.84591442	-275.173503353	31.7811255261
39.75	2211.9178073	-273.947582178	30.5926681359
39.8	2254.94103674	-274.532480783	31.1877152828
39.85	2587.73148487	-279.183266692	35.790484746
39.9	2257.72056517	-274.546108293	31.2261584792
39.95	2292.85003773	-275.150751272	31.7120283846
40.0	2071.18933202	-272.03846194	28.6462759475
40.05	2464.29118287	-277.568760871	34.0832024133
40.1	2454.60017251	-277.346481973	33.9491676571
40.15	2193.07544334	-273.641818611	30.3320625268
40.2	2132.53069953	-272.868265442	29.4946782222
40.25	2416.06466269	-276.797079836	33.4161894156
40.3	2233.2696897	-274.223782584	30.8879824781
40.35	2359.45223296	-276.096361638	32.6331922945
40.4	2304.98462743	-275.347437526	31.8798598811
40.45	2261.86842796	-274.725461811	31.2835268811
40.5	2223.91395103	-274.064542867	30.7585848092
40.55	2331.14059988	-275.691577955	32.2416187957
40.6	2239.28300605	-274.470942323	30.9711516587
40.65	2253.50718062	-274.540941483	31.1678838567
40.7	2473.5926409	-277.57208617	34.2118493358
40.75	2303.49129621	-275.157718214	31.8592058648
40.8	2322.19107152	-275.469063926	32.117839354
40.85	2568.53006486	-279.001299875	35.5249130922
40.9	2312.70601348	-275.432264247	31.9866530902
40.95	2123.60030266	-272.768113137	29.3711633851
41.0	2396.39425271	-276.506968148	33.1441312394
41.05	2433.58151065	-277.078281579	33.6584620329
41.1	2251.31513746	-274.503594266	31.1375660715
41.15	2476.44916612	-277.611086934	34.251357462
41.2	2122.42971309	-272.647296424	29.354973155
41.25	2478.40921972	-277.681969416	34.2784666381
41.3	2314.4073049	-275.438613866	32.0101833696
41.35	2351.82402599	-275.928388713	32.5276878298
41.4	2238.78401099	-274.357276017	30.9642501407
41.45	2509.21502452	-278.204322205	34.7045366122
41.5	2368.01768593	-276.158658006	32.7516596533
41.55	2295.66644011	-275.213028386	31.7509815786
41.6	2343.25901221	-275.92787234	32.4092265456
41.65	2389.6058168	-276.489054303	33.0502415088
41.7	2146.49777773	-272.911667797	29.687854563
41.75	2479.1089524	-277.606070596	34.2881445247
41.8	2367.57182472	-276.137734303	32.7454930208
41.85	2478.32965111	-277.641661238	34.2773661378
41.9	2314.03377764	-275.299606966	32.005017176
41.95	2407.43040152	-276.63547342	33.2967703822
42.0	2235.89515865	-274.27113715	30.9242949035
42.05	2140.87024361	-272.931832866	29.6100210725
42.1	2011.98907788	-271.159966282	27.8274870565
42.15	2139.55320281	-272.992332232	29.5918052997
42.2	2283.47409285	-275.085755854	31.5823512469
42.25	2326.44596841	-275.685774869	32.1766881268
42.3	2317.01716992	-275.475340867	32.0462799796
42.35	2390.98773288	-276.553805634	33.0693545609
42.4	2261.19287252	-274.689561344	31.274183386
42.45	2112.312552	-272.581465738	29.2150443788
42.5	2229.63158765	-274.189628463	30.8376644924
42.55	2527.64934718	-278.350183017	34.9594986699
42.6	2428.31574622	-276.992451792	33.5856321188
42.65	2363.79582755	-276.234680763	32.6932678305
42.7	2493.72131736	-278.017453216	34.4902457196
42.75	2239.55651664	-274.339679433	30.9749345383
42.8	2536.51062146	-278.588390767	35.0820574839
42.85	2470.24765456	-277.626230588	34.1655853848
42.9	2079.21292164	-272.046020476	28.7572488841
42.95	2342.31965137	-275.834504773	32.3962344017
43.0	2424.53857686	-276.975267826	33.5333907163
43.05	2540.75536729	-278.640560468	35.1407658592
43.1	2517.31863312	-278.230845291	34.816616278
43.15	2298.11455709	-275.104726729	31.7848410783
43.2	2529.26516632	-278.427885644	34.9818467962
43.25	2277.88932654	-274.949597122	31.5051092708
43.3	2314.05397656	-275.427007844	32.0052965439
43.35	2615.60589604	-279.730556796	36.1760111012
43.4	2254.98586224	-274.560828335	31.1883352568
43.45	2419.18628886	-276.762380357	33.4593641091
43.5	2233.15303245	-274.160176547	30.8863690111
43.55	2191.87606994	-273.627618158	30.3154741922
43.6	2336.77880825	-275.768532181	32.3195999199
43.65	2614.39986879	-279.728241361	36.1593307385
43.7	2261.59261174	-274.596057473	31.2797121128
43.75	2438.8419119	-277.032737279	33.7312177696
43.8	2052.98984969	-271.783006359	28.3945619275
43.85	2122.02897491	-272.70439785	29.3494306116
43.9	2322.19489579	-275.547396491	32.1178922468
43.95	2462.41759165	-277.451892662	34.0572890841
44.0	2155.54744574	-273.199380421	29.8130190195
44.05	2469.47277842	-277.526444479	34.1548682014
44.1	2248.37722413	-274.426698827	31.0969322797
44.15	2269.44769705	-274.768626217	31.3883544943
44.2	2320.83342802	-275.531373044	32.0990620121
44.25	2228.66712209	-274.248513902	30.8243251293
44.3	2322.82754587	-275.553218389	32.1266423252
44.35	2461.12912383	-277.541295631	34.0394684993
44.4	2312.82109004	-275.468213444	31.9882446951
44.45	2346.07256168	-275.897326792	32.4481402814
44.5	2451.40459159	-277.360133661	33.9049701078
44.55	2362.1405323	-276.003935146	32.6703737166
44.6	2473.25134261	-277.684285829	34.2071288958
44.65	2303.8204181	-275.246455883	31.8637578951
44.7	2317.27329164	-275.360490623	32.0498223565
44.75	2254.02497278	-274.513699924	31.1750453541
44.8	2207.92663984	-273.914726229	30.537466961
44.85	2335.01067353	-275.74127891	32.295145142
44.9	2334.791065	-275.661592968	32.2921077729
44.95	2411.47626744	-276.782012343	33.3527280824
45.0	2372.63608323	-276.190494207	32.8155359399
45.05	2499.1814672	-278.058595626	34.565764146
45.1	2642.1033218	-280.024355457	36.5424925997
45.15	2170.67447991	-273.401344432	30.0222385188
45.2	2654.25506562	-280.21342264	36.710561352
45.25	2462.74209666	-277.441047445	34.061777259
45.3	2267.2591255	-274.726146118	31.3580847243
45.35	2308.0273261	-275.294641773	31.9219429415
45.4	2337.0763477	-275.659047005	32.3237151387
45.45	2482.80405246	-277.712271729	34.3392508404
45.5	2386.69005951	-276.441829711	33.0099141536
45.55	2289.76181818	-275.145772112	31.6693157326
45.6	2265.05513128	-274.763103771	31.327601646
45.65	2450.11304497	-277.329000118	33.8871069407
45.7	2213.74825322	-273.968099404	30.6179847296
45.75	2455.38331559	-277.404307432	33.9599991791
45.8	2419.31842275	-276.913358312	33.4611916311
45.85	2421.63978278	-276.900932522	33.4932979764
45.9	2654.60735846	-280.190043948	36.7154338558
45.95	2520.38413823	-278.320745607	34.8590147705
46.0	2394.11704735	-276.615452457	33.1126355899
46.05	2490.26164356	-277.840577333	34.4423955455
46.1	2083.32029517	-272.024144149	28.8140572857
46.15	2339.152748	-275.701919662	32.3524334867
46.2	2312.01376346	-275.326008494	31.9770786951
46.25	2473.20732353	-277.656418361	34.2065200752
46.3	1991.06650124	-270.799169928	27.538110371
46.35	2387.45896237	-276.325872935	33.0205487215
46.4	2172.62051145	-273.383261602	30.0491537582
46.45	2481.5782158	-277.764262092	34.3222964971
46.5	2238.25944124	-274.324052155	30.9569949036
46.55	2273.02056716	-274.816188806	31.4377702678
46.6	2456.97349199	-277.37410318	33.981992645
46.65	2440.80009316	-277.034510463	33.7583010498
46.7	2304.42899024	-275.229407825	31.8721749554
46.75	2220.66900047	-274.169896832	30.7137044365
46.8	2339.53286518	-275.67296455	32.3576908243
46.85	2323.44010066	-275.468727318	32.1351144688
46.9	2511.97390424	-278.256828877	34.7426942199
46.95	2308.56711639	-275.218073894	31.9294086914
47.0	2621.18102538	-279.682198541	36.2531197899
47.05	2511.88321109	-278.259306329	34.7414398579
47.1	2406.61901912	-276.840986915	33.2855482868
47.15	2355.3995378	-275.996832591	32.5771401403
47.2	2509.84070609	-278.155497627	34.7131903103
47.25	2434.50993049	-277.067631155	33.6713028537
47.3	2243.02867656	-274.382820104	31.0229574059
47.35	2265.54686922	-274.723542722	31.3344027918
47.4	2402.11259822	-276.684312835	33.2232207272
47.45	2289.19507356	-274.980672366	31.6614771817
47.5	2229.6889816	-274.128760359	30.8384582986
47.55	2340.79236222	-275.765943948	32.3751107188
47.6	2279.17323289	-274.952050109	31.5228667665
47.65	2111.080103	-272.5414847	29.1979985812
47.7	2332.05465825	-275.64918558	32.2542609852
47.75	2149.50029979	-273.126577833	29.7293819473
47.8	2386.473961	-276.405863002	33.006925331
47.85	2092.39578012	-272.17789168	28.939578812
47.9	2320.52454575	-275.428735553	32.0947899126
47.95	2354.54790344	-275.922207743	32.5653613268
48.0	2070.51256265	-271.967622089	28.6369156626
48.05	2098.366318	-272.352415798	29.0221563307
48.1	2263.55616102	-274.669613648	31.3068696371
48.15	2174.92708631	-273.463128125	30.0810556122
48.2	2295.82908337	-275.168677293	31.7532310706
48.25	2156.61670882	-273.175591231	29.8278078198
48.3	2068.70275983	-271.847344912	28.6118845801
48.35	2412.74748613	-276.790366846	33.3703100971
48.4	1978.22627556	-270.616449739	27.3605193404
48.45	2113.44594434	-272.484240938	29.2307201402
48.5	2059.82480833	-271.70039458	28.4890951062
48.55	2219.61283169	-273.960984211	30.6990967412
48.6	2387.64447404	-276.427984114	33.0231145025
48.65	2519.01982666	-278.252076206	34.8401452035
48.7	2096.47295225	-272.310948913	28.9959695032
48.75	2154.52078714	-273.169465274	29.7988194749
48.8	2287.65018012	-274.992109699	31.640110017
48.85	2439.05065833	-277.089781698	33.7341049069
48.9	2202.69000205	-273.784305385	30.4650398927
48.95	2384.8958934	-276.353952217	32.9850993398
49.0	2261.98683203	-274.630885148	31.2851645083
49.05	2229.87029101	-274.184177481	30.8409659589
49.1	2497.10284434	-277.925752027	34.5370150581
49.15	2204.72547041	-273.771893337	30.4931921178
49.2	2521.93533919	-278.294433371	34.8804691735
49.25	2302.59137436	-275.207527197	31.8467591951
49.3	2396.49763998	-276.598930017	33.1455611715
49.35	2226.50543992	-274.234181068	30.7944272619
49.4	2394.22086071	-276.506387292	33.1140714153
49.45	2281.96652909	-274.92718281	31.5615003828
49.5	2465.1300149	-277.578216643	34.0948041598
49.55	2435.33001515	-277.14469529	33.6826453085
49.6	2418.59079831	-276.923149326	33.4511279782
49.65	2261.10319734	-274.627923682	31.2729431034
49.7	2417.96154005	-276.923229508	33.4424248116
49.75	2183.18769962	-273.607479665	30.1953067841
49.8	2334.81258215	-275.671810497	32.292405373
49.85	2561.02774595	-278.925891308	35.4211497642
49.9	2157.78394855	-273.159105433	29.8439517188
49.95	2482.43715124	-277.757949136	34.3341762906
50.0	2404.5825095	-276.631224349	33.2573816602
50.05	2434.53933625	-277.019312231	33.6717095599
50.1	2294.18779919	-275.116249299	31.7305307414
50.15	2541.60444367	-278.590639129	35.1525092936
50.2	2547.39687257	-278.621442508	35.2326234165
50.25	2560.82295019	-278.755734175	35.418317268
50.3	2343.30697086	-275.759896512	32.4098898537
50.35	2464.62676217	-277.504447913	34.0878437548
50.4	2238.28773512	-274.231062043	30.9573862316
50.45	2319.16410668	-275.42679319	32.0759739056
50.5	2378.56452609	-276.244896805	32.8975312492
50.55	2370.47441791	-276.158246594	32.7856383055
50.6	2482.35551039	-277.77642816	34.3330471295
50.65	2416.99842605	-276.816165481	33.4291041417
50.7	2335.01590859	-275.764693382	32.2952175473
50.75	2348.68955286	-275.874857037	32.4843354521
50.8	2403.11252523	-276.683067518	33.2370505517
50.85	2426.54012488	-277.028600668	33.5610737947
50.9	2140.28059709	-272.944463645	29.6018657693
50.95	2106.33315353	-272.502848644	29.1323443108
51.0	2340.1115573	-275.762448755	32.3656946191
51.05	2302.34112429	-275.20356389	31.8432980278
51.1	2264.16470633	-274.590484702	31.3152863263
51.15	2158.75606716	-273.088380033	29.85739693
51.2	2172.59207506	-273.443852843	30.0487604592
51.25	2504.68755988	-278.211192678	34.6419180001
51.3	2482.34932327	-277.83288141	34.3329615565
51.35	2259.11181814	-274.53979018	31.2454006682
51.4	2360.35676499	-275.972798197	32.645702727
51.45	2257.47774151	-274.525311216	31.2228000254
51.5	2389.75338171	-276.41294245	33.0522824546
51.55	2221.83531128	-274.093650632	30.7298354877
51.6	2300.43361752	-275.180411951	31.8169156183
51.65	2260.14583173	-274.654434905	31.2597019385
51.7	2207.18972486	-273.848120861	30.5272748123
51.75	2454.78218375	-277.392017218	33.9516850244
51.8	2483.695847	-277.780869812	34.3515851028
51.85	2213.73147052	-273.952895369	30.617752611
51.9	2532.84533179	-278.558208672	35.0313634708
51.95	2486.03341978	-277.875708417	34.383915684
52.0	2345.34387566	-275.882332605	32.4380619459
52.05	2433.24317783	-277.054947845	33.6537826079
52.1	2402.63807943	-276.579759595	33.2304885707
52.15	2340.82851342	-275.839064864	32.3756107202
52.2	2596.03948099	-279.370579172	35.9053912616
52.25	2378.34205688	-276.26957141	32.8944543145
52.3	2331.46201716	-275.611385073	32.2460642646
52.35	2289.44329271	-274.96002322	31.6649102595
52.4	2483.56048177	-277.754791505	34.3497128888
52.45	2087.56383008	-272.189302648	28.8727489129
52.5	2464.78272694	-277.563692064	34.0900008777
52.55	2340.59057642	-275.730911121	32.3723198529
52.6	2479.99260458	-277.757994284	34.3003661713
52.65	2104.4333403	-272.483918534	29.1060683093
52.7	2378.0151951	-276.246606437	32.8899335435
52.75	2415.01553841	-276.753500532	33.4016791518
52.8	2478.33827413	-277.655819559	34.2774854015
52.85	2277.74310843	-274.867945793	31.5030869524
52.9	2379.47935664	-276.331657434	32.9101841188
52.95	2272.10072773	-274.816365263	31.4250481213
53.0	2584.66619367	-279.285566489	35.748089212
53.05	2318.67251806	-275.516996602	32.0691748249
53.1	2419.20109441	-276.870685291	33.4595688822
53.15	2245.86392032	-274.435083094	31.0621711918
53.2	2369.71290235	-276.304025362	32.7751059102
53.25	2354.10875149	-275.974629015	32.5592874891
53.3	2309.78330819	-275.269574001	31.9462296383
53.35	2244.6030421	-274.404127344	31.0447321944
53.4	2351.64984367	-275.896349384	32.525278743
53.45	2123.20171755	-272.639960083	29.3656506206
53.5	2412.50639787	-276.707848794	33.3669756453
53.55	2759.75947691	-281.565959527	38.1697753566
53.6	2255.31916965	-274.58576785	31.1929451762
53.65	2236.91751553	-274.343839933	30.9384349519
53.7	2439.50843644	-277.171556544	33.74043636
53.75	2417.63932549	-276.814523799	33.4379683155
53.8	2415.54002186	-276.796394499	33.4089331954
53.85	2496.10811423	-277.956199779	34.523257111
53.9	2094.01507087	-272.273200254	28.9619749538
53.95	2496.20728927	-277.879246787	34.5246287846
54.0	2512.82394681	-278.126039528	34.7544510175
54.05	2228.80655718	-274.211440573	30.8262536329
54.1	2496.36981798	-277.980988812	34.5268766922
54.15	2301.08088679	-275.281345467	31.8258678922
54.2	2303.69620933	-275.396293974	31.8620399842
54.25	2282.73347509	-275.032735699	31.5721078855
54.3	2269.58970485	-274.824776146	31.3903185805
54.35	2327.00493531	-275.554499196	32.1844191053
54.4	2364.61566201	-275.936019846	32.7046068249
54.45	2350.09977788	-275.769854957	32.5038400403
54.5	2248.97956021	-274.406739509	31.1052630902
54.55	2488.07989508	-277.852963501	34.4122201443
54.6	2395.39270987	-276.464296603	33.1302790665
54.65	2480.38812865	-277.67696563	34.3058365991
54.7	2355.1988558	-275.969844982	32.5743645409
54.75	2260.76815787	-274.594055121	31.2683092281
54.8	2561.70454286	-278.888446691	35.4305104301
54.85	2440.46364982	-277.138758375	33.7536477577
54.9	2451.44151484	-277.366516971	33.9054807871
54.95	2228.08564614	-274.173804707	30.8162828319
55.0	2172.49420754	-273.298394442	30.0474068697
55.05	2361.58900193	-276.03014054	32.6627455916
55.1	2324.08456643	-275.538836724	32.1440279679
55.15	2206.61150558	-273.930111682	30.5192775573
55.2	2496.83803492	-278.029213732	34.533352523
55.25	2191.12212699	-273.667647306	30.3050465325
55.3	2514.94827189	-278.224180173	34.7838322053
55.35	2154.66470788	-273.103154693	29.8008100187
55.4	2247.47791085	-274.399032918	31.084494027
55.45	2132.09519094	-272.800172823	29.4886547752
55.5	2187.37812338	-273.636107965	30.2532638398
55.55	2369.60781566	-276.269127108	32.7736524736
55.6	2264.43053247	-274.771314229	31.3189629234
55.65	2310.93068084	-275.387616825	31.9620987591
55.7	2317.00767613	-275.46167181	32.0461486725
55.75	1988.1073616	-270.80231941	27.4971830016
55.8	2102.34030058	-272.404422256	29.0771198243
55.85	2230.55973872	-274.197611745	30.8505015958
55.9	2266.73912806	-274.794434944	31.350892726
55.95	2299.93685932	-275.215365586	31.8100450381
56.0	2344.82961254	-275.74333655	32.4309492581
56.05	2381.38546802	-276.404415005	32.9365472289
56.1	2126.66195308	-272.78754447	29.413508564
56.15	2180.98029671	-273.543089659	30.1647765608
56.2	2489.84204948	-277.88093574	34.4365922093
56.25	2254.60199508	-274.582886855	31.1830260538
56.3	2456.23388741	-277.438775118	33.9717632968
56.35	2217.6416468	-274.136978839	30.6718336101
56.4	2372.75517702	-276.3122704	32.8171831063
56.45	2115.35320154	-272.534281309	29.2570990981
56.5	2283.23676483	-274.920774575	31.5790688024
56.55	2189.59533637	-273.613911621	30.2839297447
56.6	2112.68661602	-272.544636561	29.2202179963
56.65	2046.67014475	-271.538414026	28.3071551372
56.7	2415.01969994	-276.728737104	33.4017367092
56.75	2319.07666064	-275.422947685	32.0747644539
56.8	2530.57499231	-278.448120317	34.9999627821
56.85	2155.50144082	-273.152711885	29.8123827331
56.9	2293.57154754	-275.119413284	31.7220074671
56.95	2489.23996203	-277.981040177	34.4282648378
57.0	2383.6146781	-276.478093291	32.9673790637
57.05	2546.04739706	-278.617000383	35.2139590446
57.1	2475.78312244	-277.626050924	34.2421455225
57.15	2518.64821344	-278.348054497	34.8350054828
57.2	2171.70370963	-273.274282681	30.0364736243
57.25	2277.94564672	-274.903847268	31.505888226
57.3	2155.97059696	-273.151796026	29.8188715538
57.35	2144.23233061	-272.9868213	29.6565215398
57.4	2243.79258797	-274.338848987	31.0335229378
57.45	2367.69166092	-276.09609117	32.7471504554
57.5	2385.91812662	-276.379245343	32.9992376779
57.55	2080.01401956	-272.101221444	28.7683287365
57.6	2509.9671195	-278.155234241	34.7149387131
57.65	2422.81197852	-276.923268446	33.5095104212
57.7	2352.76022529	-275.844494169	32.540636247
57.75	2280.39626968	-274.810907477	31.5397823853
57.8	2245.07081536	-274.402874915	31.0512018888
57.85	2484.97676613	-277.763974976	34.3693012827
57.9	2382.16484338	-276.317923604	32.9473266403
57.95	2118.86017077	-272.6580086	29.3056034075
58.0	2241.78667492	-274.337521565	31.0057794873
58.05	2557.43889836	-278.812680193	35.3715130088
58.1	2249.95374763	-274.4903917	31.1187369146
58.15	2358.09647378	-276.056817881	32.6144410143
58.2	2508.40590849	-278.22054058	34.6933458628
58.25	2490.48293221	-277.936945644	34.445456152
58.3	2493.59743283	-277.918380686	34.4885322933
58.35	2340.29303487	-275.792628602	32.3682046052
58.4	2317.75480001	-275.502634242	32.0564820189
58.45	2571.86788523	-278.999002051	35.5710779318
58.5	2178.68640171	-273.358814818	30.1330500798
58.55	2306.91376675	-275.331694324	31.906541487
58.6	2309.02496302	-275.33538085	31.9357410922
58.65	2440.39119568	-277.168173989	33.7526456565
58.7	2239.0262217	-274.312627287	30.9676001169
58.75	2475.06382053	-277.625506863	34.2321969771
58.8	2408.04476018	-276.662849201	33.3052674749
58.85	2095.28935014	-272.131298726	28.9795992988
58.9	2534.20548577	-278.502860894	35.0501755347
58.95	2470.39062985	-277.475125925	34.1675628523
59.0	2494.37168189	-277.911010027	34.4992408035
59.05	2423.01959058	-276.989155098	33.5123818691
59.1	2578.47223497	-279.26236908	35.662421597
59.15	2431.53319274	-277.096484811	33.6301320878
59.2	2319.61357661	-275.349432321	32.0821904497
59.25	2592.48781459	-279.274913631	35.8562687531
59.3	2233.92381735	-274.212740484	30.8970296091
59.35	2151.4591459	-273.076954334	29.7564744228
59.4	2618.29072443	-279.69855163	36.2131445172
59.45	2144.66450038	-272.974884502	29.6624988082
59.5	2703.69586698	-280.819271093	37.3943688711
59.55	2312.87790744	-275.363346945	31.989030527
59.6	2283.58231469	-275.004101501	31.5838480452
59.65	2502.12981157	-278.045940724	34.6065422077
59.7	2166.77466231	-273.301267954	29.9683007888
59.75	2421.38837268	-276.880644535	33.4898207651
59.8	2539.32947562	-278.557880031	35.1210445881
59.85	2487.46570548	-277.826995432	34.4037253898
59.9	2348.25110087	-275.869699236	32.4782712954
59.95	2415.94514275	-276.797872084	33.4145363551
60.0	2772.86505562	-281.771809738	38.351036441
60.05	2459.24040504	-277.432738885	34.0133459433
60.1	2376.1800622	-276.289671103	32.8645521249
60.15	2349.64738342	-275.820525585	32.4975830477
60.2	2399.96097412	-276.615461575	33.1934619713
60.25	2438.40929465	-277.122720418	33.7252343123
60.3	2213.00606647	-273.950914543	30.6077196679
60.35	2287.412682	-275.012732279	31.6368252199
60.4	2384.35165283	-276.434938004	32.9775720389
60.45	2501.69860121	-278.161345049	34.6005782088
60.5	2330.14298332	-275.612865867	32.2278209265
60.55	2326.18405585	-275.592985063	32.1730656577
60.6	2361.58824924	-276.104661573	32.6627351813
60.65	2412.9730893	-276.809176676	33.373430377
60.7	2483.68730362	-277.791519507	34.3514669407
60.75	2292.64674293	-275.11647825	31.709216648
60.8	2401.07373266	-276.64082729	33.2088523501
60.85	2430.5050479	-277.057217825	33.6159119871
60.9	2232.56781233	-274.182287926	30.8782749286
60.95	2336.34636993	-275.620136493	32.3136189373
61.0	2547.89429007	-278.570226906	35.2395031154
61.05	2420.34595999	-276.823794681	33.4754033281
61.1	2455.34906534	-277.29521025	33.9595254697
61.15	2581.64683006	-279.096666901	35.7063288949
61.2	2199.63966927	-273.705675329	30.4228512463
61.25	2505.20785651	-278.027088369	34.6491141364
61.3	2504.55199959	-278.099196556	34.6400430883
61.35	2430.40712726	-277.096406355	33.614557663
61.4	2342.41634013	-275.831325798	32.3975716878
61.45	2272.91484658	-274.852145164	31.436308064
61.5	2138.0341551	-272.915819668	29.5707956029
61.55	2276.27099074	-274.857859077	31.4827263369
61.6	2365.93138172	-276.034320453	32.7228043258
61.65	2343.36455515	-275.773962907	32.4106862924
61.7	2567.9843508	-279.014503875	35.5173654115
61.75	2159.92579693	-273.128682493	29.8735752682
61.8	2308.93090697	-275.307562081	31.9344402186
61.85	2079.0203678	-272.081789817	28.7545857038
61.9	2555.90727113	-278.867216191	35.3503293267
61.95	2175.4077	-273.45333985	30.0877029004
62.0	2260.10783124	-274.593605651	31.2591763601
