# 	 t 	 T	E	K
2.05	2746.03278653	-280.522451587	37.9799237798
2.1	2231.42446007	-273.135995706	30.8624614133
2.15	2285.16826588	-274.001516995	31.605783073
2.2	2338.77036319	-274.759411629	32.3471447859
2.25	2225.35755262	-273.148463633	30.7785510231
2.3	2482.58340763	-276.903951897	34.3361991384
2.35	2389.03393638	-275.599456591	33.0423319257
2.4	2364.60634867	-275.134046662	32.7044780136
2.45	2279.06841414	-273.990466001	31.5214170358
2.5	2408.93775614	-275.819712318	33.3176183538
2.55	2377.65552898	-275.253987232	32.884959061
2.6	2276.1922627	-273.910120727	31.4816374625
2.65	2583.03407053	-278.149039659	35.7255155877
2.7	2423.24396686	-275.859733071	33.5154851802
2.75	2422.22638138	-275.854824469	33.5014111243
2.8	2494.34597017	-276.833803876	34.4988851889
2.85	2569.14115042	-277.892340369	35.5333649152
2.9	2227.14088951	-273.10636861	30.8032160598
2.95	2288.59135623	-274.081168024	31.6531272675
3.0	2310.65491821	-274.37035709	31.9582847319
3.05	2053.11066319	-270.702706821	28.396232879
3.1	2320.88104753	-274.505027478	32.0997206296
3.15	2102.15337532	-271.483604718	29.0745344921
3.2	2263.42247611	-273.745493938	31.3050206633
3.25	2503.51008942	-277.033324765	34.6256326016
3.3	2371.21240542	-275.138040111	32.7958452883
3.35	2343.19529054	-274.799272499	32.4083452217
3.4	2210.53971389	-272.984416084	30.5736079547
3.45	2267.10904939	-273.759725743	31.3560090465
3.5	2601.37203594	-278.511601329	35.9791449442
3.55	2316.75512323	-274.451536144	32.0426556552
3.6	2089.79269109	-271.255210972	28.9035759196
3.65	2373.16523018	-275.252224359	32.8228544835
3.7	2498.54474841	-277.075525544	34.5569577941
3.75	2382.01735004	-275.520630688	32.9452866844
3.8	2267.7402504	-273.795442321	31.3647390829
3.85	2289.67537173	-274.085654902	31.668120106
3.9	2369.0749465	-275.283956479	32.7662824487
3.95	2436.33440023	-276.272227441	33.6965367918
4.0	2278.37851947	-273.968742138	31.5118752171
4.05	2108.27545	-271.469823501	29.159207891
4.1	2559.68835498	-277.805426023	35.40262487
4.15	2201.01607193	-272.887298757	30.4418880431
4.2	2385.51404841	-275.390833021	32.9936489392
4.25	2170.51759479	-272.319824062	30.0200686668
4.3	2377.47004524	-275.291425134	32.8823936662
4.35	2374.50446298	-275.233685226	32.8413771901
4.4	2490.16285738	-276.888885244	34.4410292501
4.45	2332.2863142	-274.708332769	32.2574649803
4.5	2309.24758889	-274.327063471	31.9388201937
4.55	2498.86181679	-277.058264118	34.5613431142
4.6	2232.78426365	-273.187687671	30.8812686309
4.65	2319.06813116	-274.50864192	32.0746464841
4.7	2493.86477117	-277.006292904	34.4922298055
4.75	2522.81298629	-277.381810421	34.892607765
4.8	2260.8216504	-273.545691163	31.2690490745
4.85	2622.48430764	-278.794009863	36.2711452706
4.9	2321.19020524	-274.518724236	32.1039965386
4.95	2412.75502729	-275.69126724	33.3704143976
5.0	2237.00439128	-273.288148554	30.9396365159
5.05	2300.27958624	-274.193552796	31.8147852372
5.1	2449.24476888	-276.265713899	33.8750979582
5.15	2352.9610456	-274.910764612	32.5434137593
5.2	2386.03574937	-275.51861855	33.0008644986
5.25	2364.37500513	-275.217255504	32.7012783396
5.3	2340.99662634	-274.777725868	32.377935862
5.35	2412.81519706	-275.762285102	33.3712465957
5.4	2350.01464806	-274.861678892	32.502662624
5.45	2434.36252959	-276.055218989	33.6692641762
5.5	2178.53568332	-272.408112789	30.1309655187
5.55	2209.55417807	-272.945133178	30.5599771722
5.6	2499.26429096	-276.951768989	34.5669096677
5.65	2239.47656964	-273.338177324	30.9738288046
5.7	2327.90995453	-274.637287214	32.1969362758
5.75	2282.12555403	-274.055688171	31.5636998302
5.8	2080.61364402	-271.15489932	28.7766220428
5.85	2542.87584586	-277.6907765	35.1700938463
5.9	2422.74687524	-275.968424307	33.5086099885
5.95	2324.50723693	-274.582991121	32.1498738534
6.0	2133.59540945	-271.843612907	29.5094040484
6.05	2482.83808011	-276.839263616	34.3397214713
6.1	2286.05895307	-274.089328764	31.6181020197
6.15	2445.73287826	-276.292878688	33.8265255819
6.2	2309.49431911	-274.36117827	31.9422326783
6.25	2525.06130043	-277.405028302	34.9237038248
6.3	2428.22253925	-276.032950127	33.5843429888
6.35	2407.56954761	-275.716112769	33.2986948886
6.4	2516.59176411	-277.315416287	34.8065630733
6.45	2361.64140108	-275.174494753	32.6634703156
6.5	2376.09408412	-275.333153983	32.8633629764
6.55	2413.45756654	-275.821650698	33.3801311013
6.6	2361.49006986	-275.123583253	32.6613772785
6.65	2640.36231678	-279.078152166	36.5184130483
6.7	2388.3564774	-275.448316336	33.0329621028
6.75	2468.70431742	-276.590069321	34.1442397449
6.8	2243.16121114	-273.365307254	31.0247904697
6.85	2587.36818928	-278.285098951	35.7854600649
6.9	2482.77617679	-276.744058751	34.3388652966
6.95	2234.94444155	-273.217969026	30.911145693
7.0	2587.1906397	-278.232825607	35.7830044061
7.05	2235.9173238	-273.322860162	30.924601466
7.1	2375.94248274	-275.256611749	32.8612662028
7.15	2385.93764826	-275.391724649	32.9995076784
7.2	2458.26310064	-276.450979475	33.9998290082
7.25	2326.17782476	-274.579307145	32.1729794765
7.3	2475.04130127	-276.66145085	34.231885517
7.35	2263.24350349	-273.696497115	31.3025453226
7.4	2184.05078813	-272.502306952	30.2072440181
7.45	2359.84260644	-275.04144207	32.6385914854
7.5	2215.40667027	-272.994244534	30.6409220207
7.55	2329.23382852	-274.486629315	32.2152465574
7.6	2419.30337968	-275.92959409	33.4609835728
7.65	2301.95055254	-274.309874701	31.8378960948
7.7	2501.04166294	-277.011285026	34.5914922045
7.75	2469.88044229	-276.725982148	34.1605065329
7.8	2553.25861086	-277.823107893	35.3136961461
7.85	2380.00644396	-275.393435863	32.9174741761
7.9	2198.66805751	-272.888840358	30.4094130452
7.95	2252.30298308	-273.528695896	31.1512288004
8.0	2478.12985913	-276.681267933	34.2746028481
8.05	2533.11154857	-277.442287856	35.0350454708
8.1	2595.02529791	-278.437009232	35.8913642637
8.15	2322.89732754	-274.485830876	32.1276074638
8.2	2440.95335998	-276.179892247	33.7604208577
8.25	2206.17837599	-272.913966342	30.5132870139
8.3	2424.57152106	-276.020517598	33.533846362
8.35	2439.79991322	-276.183942023	33.7444677269
8.4	2524.94564242	-277.497335995	34.922104178
8.45	2343.97655238	-274.844382286	32.4191507246
8.5	2393.15790695	-275.486827336	33.0993698782
8.55	2271.88366604	-273.783383171	31.4220459771
8.6	2425.44462105	-276.031268939	33.5459220632
8.65	2395.78803508	-275.704897746	33.1357467439
8.7	2471.94371255	-276.68370549	34.1890432814
8.75	2393.9845973	-275.562979596	33.1108036953
8.8	2636.84521245	-278.923185982	36.4697685619
8.85	2405.03708277	-275.637681507	33.2636687877
8.9	2595.97041163	-278.360223698	35.9044359748
8.95	2707.86760195	-280.033413908	37.4520674453
9.0	2470.53077117	-276.671287398	34.1695011236
9.05	2312.20079223	-274.416444132	31.979665459
9.1	2468.24093534	-276.581816902	34.1378307843
9.15	2306.88255479	-274.34033777	31.9061097995
9.2	2530.86970561	-277.473789366	35.0040389129
9.25	2277.20990938	-273.924311547	31.4957123649
9.3	2233.4727352	-273.296947415	30.8907907667
9.35	2534.56094338	-277.503410207	35.05509181
9.4	2406.9620147	-275.677008229	33.2902922018
9.45	2528.58341867	-277.390899071	34.9724176577
9.5	2391.74590499	-275.486882354	33.0798407134
9.55	2390.60909701	-275.435365214	33.0641177109
9.6	2202.29676041	-272.781099574	30.459601033
9.65	2349.56051843	-275.014909745	32.4963816324
9.7	2540.03992802	-277.586140148	35.1308707374
9.75	2343.36943573	-274.954997723	32.4107537949
9.8	2386.1464617	-275.495142523	33.0023957425
9.85	2348.03070102	-274.815164569	32.4752229816
9.9	2357.18102109	-275.040979783	32.6017795401
9.95	2556.08382799	-277.894958189	35.3527712554
10.0	2240.20336544	-273.408127044	30.9838809966
10.05	2266.6678254	-273.769132229	31.3499065507
10.1	2662.86251926	-279.363237523	36.8296096149
10.15	2164.69169126	-272.259896545	29.9394915619
10.2	2508.22490178	-277.11957604	34.6908423889
10.25	2437.80395027	-276.195567542	33.7168618946
10.3	2688.41613271	-279.610937824	37.1830374021
10.35	2438.98982361	-276.139973761	33.733263512
10.4	2574.94304308	-278.08043025	35.6136099297
10.45	2214.42362834	-273.07697599	30.6273257308
10.5	2451.62389875	-276.382332321	33.9080033087
10.55	2245.34747816	-273.399949015	31.0550283661
10.6	2240.58090676	-273.363549188	30.9891027081
10.65	2470.25941053	-276.639315149	34.1657479796
10.7	2364.92570161	-275.147096859	32.7088949312
10.75	2406.93246783	-275.688861793	33.289883544
10.8	2370.94196763	-275.178450722	32.7921049082
10.85	2464.28343115	-276.618801716	34.0830952005
10.9	2416.88164371	-275.923052335	33.4274889446
10.95	2290.01376923	-274.082265417	31.6728004257
11.0	2077.99318374	-271.072617174	28.7403788916
11.05	2296.48112299	-274.128285713	31.7622493223
11.1	2322.81106538	-274.497576179	32.1264143862
11.15	2339.7378285	-274.905864039	32.3605256381
11.2	2501.7915476	-277.102621556	34.6018637348
11.25	2246.11827434	-273.459567971	31.0656891201
11.3	2276.585443	-273.914843871	31.487075474
11.35	2578.14731696	-278.186945388	35.65792771
11.4	2278.55501246	-273.873670899	31.5143162623
11.45	2191.74079366	-272.700251414	30.3136032085
11.5	2412.92204844	-275.854178398	33.3727244394
11.55	2461.4616107	-276.581790935	34.0440670701
11.6	2392.94461975	-275.602087537	33.0964199384
11.65	2441.19023775	-276.216250472	33.7636970748
11.7	2491.94995851	-276.835642643	34.4657463493
11.75	2289.30753166	-274.018619937	31.6630325711
11.8	2392.37283645	-275.357742035	33.0885116985
11.85	2178.35142073	-272.517401704	30.1284170134
11.9	2551.32087362	-277.689407732	35.2868956239
11.95	2400.09697	-275.588547047	33.1953429078
12.0	2466.08962844	-276.519560763	34.1080764155
12.05	2250.29597856	-273.645730831	31.123470254
12.1	2290.37320547	-274.117901795	31.6777717287
12.15	2382.54380003	-275.47854913	32.9525679268
12.2	2352.89752638	-274.964912189	32.5425352356
12.25	2131.57038377	-271.844720003	29.4813962543
12.3	2530.13530475	-277.440207624	34.9938815365
12.35	2287.95769614	-274.041458117	31.64436322
12.4	2289.07914158	-273.968207621	31.6598737457
12.45	2363.43045199	-275.032020653	32.6882143818
12.5	2188.46413559	-272.683994962	30.2682842945
12.55	2491.34329596	-276.918943305	34.4573557002
12.6	2447.83285774	-276.363198606	33.8555700496
12.65	2463.4093756	-276.425744215	34.0710062833
12.7	2296.88016293	-274.228693229	31.7677683776
12.75	2365.44584277	-275.190212014	32.7160889173
12.8	2441.75789868	-276.225612326	33.771548299
12.85	2335.29924993	-274.724678835	32.2991363943
12.9	2230.77936946	-273.205011134	30.8535392721
12.95	2430.48646816	-275.992182073	33.6156550138
13.0	2542.05304861	-277.604382783	35.1587138742
13.05	2308.54891948	-274.415255008	31.929157013
13.1	2261.96804189	-273.712774831	31.2849046249
13.15	2461.77469832	-276.503862205	34.048397333
13.2	2452.58810384	-276.352337003	33.9213390693
13.25	2378.89404664	-275.315296201	32.9020887933
13.3	2418.28395488	-275.85390078	33.4468840777
13.35	2275.23707176	-273.781273354	31.4684263751
13.4	2351.40172362	-274.917130709	32.5218470358
13.45	2205.80153105	-272.89846771	30.5080749341
13.5	2467.89704463	-276.572759609	34.1330744889
13.55	2182.05474337	-272.550566974	30.1796370543
13.6	2479.0604367	-276.74252614	34.2874735121
13.65	2374.22752231	-275.269175533	32.8375468697
13.7	2206.44100443	-272.968788931	30.5169193842
13.75	2508.36425565	-277.244449286	34.6927697692
13.8	2595.67824963	-278.420795516	35.9003951306
13.85	2335.13484839	-274.666251049	32.2968625839
13.9	2394.74955535	-275.616520117	33.1213837031
13.95	2359.07040038	-275.053228303	32.6279112315
14.0	2233.52295672	-273.299032421	30.8914853722
14.05	2142.31503768	-272.072409981	29.6300037795
14.1	2518.16875589	-277.29754858	34.8283741849
14.15	2501.71708779	-277.043033058	34.6008338936
14.2	1983.98448787	-269.712373241	27.4401602193
14.25	2469.85658852	-276.629516197	34.1601766153
14.3	2329.34096769	-274.587236552	32.2167283814
14.35	2527.7207538	-277.407914344	34.960486283
14.4	2358.41528799	-274.976453997	32.6188504807
14.45	2226.55737155	-273.115245678	30.7951455197
14.5	2432.73142547	-276.094724509	33.6467046458
14.55	2490.32471777	-276.856260639	34.4432679144
14.6	2473.55242228	-276.620117837	34.2112930788
14.65	2607.09090064	-278.496859587	36.0582416129
14.7	2372.1012225	-275.210485724	32.8081383699
14.75	2305.60981785	-274.381715936	31.888506786
14.8	2577.87732446	-278.190203048	35.6541934886
14.85	2513.54049995	-277.162680391	34.7643615452
14.9	2265.63257084	-273.737433681	31.3355881167
14.95	2285.94894998	-274.124449725	31.6165805852
15.0	2330.63978419	-274.739783382	32.2346920968
15.05	2387.85875459	-275.417155915	33.0260781813
15.1	2177.42064162	-272.497974346	30.115543562
15.15	2610.83818041	-278.593174974	36.1100696174
15.2	2183.46497566	-272.458247673	30.199141743
15.25	2480.6369283	-276.809138822	34.3092777058
15.3	2334.33059503	-274.746735578	32.2857390892
15.35	2447.69841113	-276.293217227	33.8537105408
15.4	2230.57089421	-273.183273514	30.8506558856
15.45	2650.57651024	-279.202815548	36.6596838629
15.5	2262.14169422	-273.751646064	31.2873063814
15.55	2210.9365735	-272.851712817	30.579096854
15.6	2594.64222512	-278.381477062	35.8860660475
15.65	2320.4168645	-274.570030378	32.0933005912
15.7	2291.09206814	-274.10276376	31.6877141989
15.75	2560.24788669	-277.880468684	35.4103636602
15.8	2197.98463833	-272.734022852	30.3999607879
15.85	2648.97132945	-279.118456317	36.6374828738
15.9	2380.74358313	-275.314261655	32.9276694256
15.95	2269.75688943	-273.813603292	31.3926308827
16.0	2206.22583762	-272.787866113	30.5139434478
16.05	2542.62445869	-277.66493909	35.1666169522
16.1	2714.68569348	-280.069495924	37.5463673377
16.15	2252.04448249	-273.512263248	31.1476535216
16.2	2463.68779819	-276.525254498	34.0748570999
16.25	2473.88820536	-276.711223697	34.2159372388
16.3	2505.22985787	-277.071283745	34.6494184336
16.35	2724.55199044	-280.180550509	37.6828264538
16.4	2411.97467849	-275.783124715	33.3596215229
16.45	2422.09243263	-275.900843166	33.4995585014
16.5	2407.33198014	-275.795375238	33.2954091325
16.55	2655.44368553	-279.250262995	36.7270009568
16.6	2466.1290707	-276.501854773	34.1086219349
16.65	2306.47828375	-274.254997386	31.9005183938
16.7	2279.91502798	-273.943967208	31.5331264113
16.75	2470.65789569	-276.595305046	34.1712593618
16.8	2284.5757252	-273.948369146	31.5975877411
16.85	2306.30332851	-274.343064989	31.898098617
16.9	2325.71343876	-274.66453156	32.1665566308
16.95	2203.66357133	-272.811749326	30.478505168
17.0	2473.40734609	-276.602164647	34.209286554
17.05	2432.6426874	-276.040564975	33.6454773243
17.1	2352.83564681	-274.902740838	32.5416793895
17.15	2647.02922264	-279.052503569	36.6106219169
17.2	2288.2275159	-274.132056992	31.6480950522
17.25	2388.10470872	-275.519464942	33.0294799321
17.3	2278.16334154	-273.997787538	31.5088991269
17.35	2521.35108127	-277.441939012	34.8723883992
17.4	2208.45711669	-272.953151334	30.5448038983
17.45	2233.77183624	-273.200521604	30.8949275836
17.5	2378.02649688	-275.309790866	32.8900898565
17.55	2464.79639744	-276.576286005	34.0901899522
17.6	2357.44475713	-275.077074399	32.6054272295
17.65	2131.09983125	-271.864000281	29.4748881205
17.7	2031.27336263	-270.345818423	28.0942047988
17.75	2494.57756514	-276.992331911	34.5020883406
17.8	2474.87697982	-276.747916122	34.2296128142
17.85	2505.46428831	-277.090946026	34.6526608021
17.9	2570.58220042	-278.043200855	35.5532958386
17.95	2238.85183422	-273.367576569	30.9651881926
18.0	2383.82037773	-275.427066094	32.9702240611
18.05	2215.77903943	-273.083692527	30.6460721967
18.1	2206.30101394	-272.966935984	30.514983199
18.15	2426.60116914	-276.000551759	33.5619180878
18.2	2516.5703482	-277.212458693	34.8062668735
18.25	2591.12127885	-278.261536277	35.837368424
18.3	2463.19957248	-276.701421115	34.0681045311
18.35	2554.7813179	-277.949558124	35.3347564545
18.4	2340.09755588	-274.769682038	32.3655009677
18.45	2223.53123849	-273.101191618	30.7532915755
18.5	2535.89676879	-277.475214686	35.0735673895
18.55	2566.22787206	-277.948954842	35.4930718456
18.6	2428.5686949	-275.98610487	33.5891306102
18.65	2375.44165771	-275.278255209	32.854339375
18.7	2453.08317998	-276.334347099	33.9281863853
18.75	2508.89283981	-277.209621072	34.700080529
18.8	2372.58088686	-275.338855833	32.814772528
18.85	2216.01741569	-273.051360472	30.6493691392
18.9	2386.36979242	-275.417494807	33.0054845927
18.95	2132.20083535	-271.769451468	29.4901159255
19.0	2401.29015346	-275.639792135	33.2118456303
19.05	2501.67887206	-277.157536269	34.6003053382
19.1	2256.32807553	-273.664995681	31.2068991861
19.15	2120.08079178	-271.678083988	29.3224856141
19.2	2894.56910372	-282.649763585	40.034304934
19.25	2465.0161179	-276.578359417	34.0932288693
19.3	2210.8313934	-273.003028271	30.5776421255
19.35	2197.69395313	-272.761177368	30.3959403693
19.4	2236.01721601	-273.252968088	30.9259830585
19.45	2320.30286336	-274.511425819	32.0917238603
19.5	2315.98808003	-274.450986879	32.032046808
19.55	2323.25235709	-274.571886597	32.1325178185
19.6	2118.57545319	-271.613404705	29.3016655259
19.65	2548.817219	-277.762055232	35.2522679923
19.7	2333.34357626	-274.67611153	32.2720877963
19.75	2596.22122428	-278.360066259	35.9079049229
19.8	2243.28664692	-273.404650973	31.0265253512
19.85	2397.08062967	-275.599311628	33.1536244053
19.9	2135.44458767	-271.917624781	29.5349797255
19.95	2601.83065842	-278.531121261	35.9854880756
20.0	2074.80516926	-270.949528039	28.6962859924
20.05	2433.28219752	-276.055959761	33.6543222827
20.1	2245.83779018	-273.410002539	31.0618097902
20.15	2323.0727166	-274.432356543	32.1300332408
20.2	2398.95850938	-275.556726987	33.1795970479
20.25	2433.85296138	-276.154327057	33.6622164229
20.3	2330.34434728	-274.75541012	32.2306059581
20.35	2279.90803719	-273.918265298	31.5330297229
20.4	2452.38433035	-276.399182875	33.918520712
20.45	2178.2476178	-272.469212611	30.1269813323
20.5	2585.01583889	-278.276522995	35.7529250971
20.55	2394.24899344	-275.533722791	33.1144605145
20.6	2422.26274853	-275.923203302	33.5019141123
20.65	2466.96070221	-276.629523427	34.1201240922
20.7	2415.55700658	-275.960573709	33.4091681082
20.75	2414.61642402	-275.967020737	33.3961590668
20.8	2491.14055479	-276.900021645	34.4545516207
20.85	2170.5368757	-272.341548217	30.0203353378
20.9	2554.12923038	-277.831675097	35.3257375402
20.95	2611.72671958	-278.689089576	36.1223588553
21.0	2523.11466444	-277.402777486	34.8967802254
21.05	2331.79507342	-274.648225253	32.2506707106
21.1	2263.35863368	-273.679058693	31.3041376692
21.15	2423.51539288	-276.100568481	33.5192392285
21.2	2246.76895189	-273.550187059	31.0746885334
21.25	2408.7505335	-275.798938333	33.3150289085
21.3	2366.1706912	-275.133331969	32.7261141756
21.35	2307.99941956	-274.368981605	31.9215569708
21.4	2270.1849215	-273.830965827	31.3985509233
21.45	2422.31516761	-275.976641963	33.502639112
21.5	2443.41164007	-276.247348208	33.7944209217
21.55	2563.38818074	-277.949268032	35.4537965462
21.6	2355.64412705	-275.046133139	32.5805230136
21.65	2449.91727559	-276.259781642	33.884399287
21.7	2415.36577676	-275.740519155	33.4065232403
21.75	2463.02591845	-276.562404937	34.065702751
21.8	2437.55009076	-276.200440468	33.7133508058
21.85	2340.00839282	-274.831755596	32.3642677682
21.9	2504.93775805	-277.160307132	34.6453784495
21.95	2371.75847639	-275.28810131	32.8033979053
22.0	2266.81943415	-273.734939102	31.3520034262
22.05	2275.42810701	-273.941976157	31.471068552
22.1	2351.25528266	-274.951559086	32.5198216353
22.15	2533.19574882	-277.528675834	35.0362100305
22.2	2506.00162466	-277.184535862	34.660092612
22.25	2532.34522696	-277.464480139	35.0244466039
22.3	2204.5051746	-272.801577803	30.490145243
22.35	2428.40828975	-275.998766516	33.5869120731
22.4	2297.16686795	-274.076394488	31.771733747
22.45	2352.06329234	-274.854570327	32.530997083
22.5	2621.73234877	-278.64017294	36.2607450523
22.55	2106.9935035	-271.472061708	29.1414775017
22.6	2218.93379052	-273.017893648	30.6897050356
22.65	2273.6393708	-273.826085887	31.4463288383
22.7	2460.65268148	-276.456949697	34.0328789044
22.75	2381.94308076	-275.363709448	32.9442594782
22.8	2274.01269423	-273.903249455	31.4514922127
22.85	2578.26226596	-278.167575007	35.6595175506
22.9	2495.2388508	-276.936113925	34.5112344728
22.95	2597.0942053	-278.379631497	35.9199789786
23.0	2278.75878869	-273.94196345	31.5171346576
23.05	2217.19440702	-273.041179658	30.665647911
23.1	2354.52131514	-274.939498137	32.5649935885
23.15	2418.8277152	-275.941061907	33.4544047363
23.2	2138.92060495	-271.969577207	29.5830559437
23.25	2294.90616251	-274.127387482	31.7404663053
23.3	2466.27144032	-276.584696165	34.1105910255
23.35	2299.32852408	-274.233850496	31.8016312543
23.4	2387.80975017	-275.450302166	33.0254004093
23.45	2436.6790779	-276.255984636	33.7013039716
23.5	2541.79677228	-277.732020925	35.1551693587
23.55	2368.17559555	-275.213671584	32.7538436749
23.6	2443.20395002	-276.225650375	33.7915483951
23.65	2558.56718819	-277.886261917	35.3871181982
23.7	2042.02297607	-270.596081108	28.2428809183
23.75	2371.2953824	-275.303703066	32.7969929292
23.8	2370.15173183	-275.260093643	32.7811752879
23.85	2653.10926425	-279.19997018	36.6947139634
23.9	2282.97679387	-273.963749266	31.5754731872
23.95	2380.70938652	-275.373453746	32.927196458
24.0	2456.6353442	-276.546815427	33.977315779
24.05	2345.53862463	-274.915556388	32.4407554867
24.1	2387.15468293	-275.536240315	33.0163402831
24.15	2434.61306641	-276.205260123	33.6727293095
24.2	2215.50635948	-273.04864334	30.6423008056
24.25	2159.53981903	-272.178076572	29.868236872
24.3	2581.16633949	-278.166225899	35.6996833097
24.35	2251.77030024	-273.493854322	31.1438613524
24.4	2225.59264682	-273.168507448	30.781802572
24.45	2263.76790174	-273.700320295	31.3097981878
24.5	2360.7438062	-275.079657003	32.6510558298
24.55	2532.09196577	-277.486068019	35.0209437903
24.6	2355.52747251	-275.035149411	32.5789095841
24.65	2138.32836547	-271.909794309	29.5748647777
24.7	2224.52447526	-273.127527078	30.7670288684
24.75	2290.08185401	-274.033163874	31.6737420949
24.8	2316.10435629	-274.432515558	32.0336550057
24.85	2165.35860473	-272.312854837	29.9487155314
24.9	2517.14595654	-277.234473359	34.8142280169
24.95	2856.55228181	-281.986901565	39.5085005789
25.0	2489.92013087	-276.921368809	34.43767214
25.05	2253.72686444	-273.621569233	31.1709222671
25.1	2537.1009707	-277.587464746	35.0902225063
25.15	2444.42389458	-276.339747898	33.8084212458
25.2	2244.61128524	-273.519320891	31.0448462039
25.25	2462.59800079	-276.444714473	34.0597842929
25.3	2451.86513526	-276.344429684	33.9113398108
25.35	2114.31639161	-271.515587005	29.242759152
25.4	2372.21062868	-275.265041615	32.8096515486
25.45	2474.30377093	-276.72849332	34.2216848571
25.5	2019.72853271	-270.333857683	27.9345301719
25.55	2209.90602729	-273.03914343	30.5648435404
25.6	2397.01792763	-275.599734221	33.1527571837
25.65	2434.2077821	-276.051627863	33.6671238894
25.7	2302.08451072	-274.202485615	31.8397488481
25.75	2543.09925617	-277.584571717	35.1731837972
25.8	2073.61602407	-270.949078779	28.6798391226
25.85	2581.92523479	-278.112659271	35.7101794646
25.9	2222.99146167	-273.195035802	30.7458260119
25.95	2332.83379485	-274.697648418	32.2650370943
26.0	2284.12818578	-273.987048056	31.5913978977
26.05	2567.16631936	-277.949668158	35.5060513544
26.1	2258.91416978	-273.494704979	31.2426670265
26.15	2381.49246112	-275.306261839	32.9380270327
26.2	2579.61471736	-278.04772406	35.6782230815
26.25	2176.703036	-272.371445234	30.1056184778
26.3	2389.10182626	-275.418335255	33.0432708993
26.35	2348.67323982	-274.890004129	32.4841098292
26.4	2766.09791901	-280.753208086	38.2574412974
26.45	2509.62651782	-277.229746453	34.7102279077
26.5	2478.24391843	-276.81878272	34.2761803834
26.55	2485.00804346	-276.769550741	34.3697338742
26.6	2595.73956508	-278.271260653	35.9012431744
26.65	2587.00470306	-278.247379631	35.7804327473
26.7	2595.99443688	-278.381189872	35.904768264
26.75	2438.47590382	-276.171349191	33.7261555726
26.8	2432.56465709	-276.112801005	33.6443981001
26.85	2571.24469771	-278.016950284	35.5624587286
26.9	2376.19828295	-275.289789584	32.864804133
26.95	2497.38396551	-276.968113412	34.5409031983
27.0	2400.73565098	-275.631176751	33.2041763984
27.05	2324.13958614	-274.571294705	32.1447889363
27.1	2585.40211642	-278.277540301	35.7582676374
27.15	2093.2833618	-271.276886473	28.951854807
27.2	2519.41161024	-277.318614751	34.8455638973
27.25	2409.13607992	-275.79048689	33.3203613371
27.3	2398.02517016	-275.720503952	33.166688188
27.35	2582.14964046	-278.235037559	35.7132831822
27.4	2218.90993063	-273.031313769	30.6893750333
27.45	2359.11148252	-275.091231479	32.6284794318
27.5	2475.45349628	-276.75263733	34.2375865178
27.55	2257.29898715	-273.567065218	31.2203277036
27.6	2464.17476468	-276.549723139	34.0815922526
27.65	2515.5399046	-277.265524656	34.792014979
27.7	2405.10219688	-275.610395648	33.2645693702
27.75	2356.02004506	-274.946984826	32.5857222732
27.8	2283.66640517	-273.977261895	31.5850110866
27.85	2523.05630858	-277.334923698	34.8959731152
27.9	2379.05380177	-275.293251882	32.90429834
27.95	2326.39264884	-274.659744511	32.1759506727
28.0	2425.26103585	-275.988084195	33.5433829267
28.05	2133.18194767	-271.87730298	29.5036855271
28.1	2423.14126163	-276.037275028	33.5140646812
28.15	2321.82281886	-274.626431681	32.1127461125
28.2	2455.86029792	-276.469047259	33.9665962426
28.25	2637.2315198	-278.994185877	36.4751115148
28.3	2401.33998732	-275.689780775	33.212534874
28.35	2182.13748477	-272.607534684	30.1807814368
28.4	2375.72516265	-275.310902304	32.8582604847
28.45	2597.11534345	-278.44552641	35.9202713367
28.5	2446.63588755	-276.24315882	33.8390149536
28.55	2131.96234762	-271.849120904	29.4868174412
28.6	2181.76651329	-272.581610654	30.1756505919
28.65	2231.45260172	-273.308433595	30.8628506358
28.7	2066.41647059	-270.872157919	28.5802632931
28.75	2261.99874175	-273.624017609	31.2853292296
28.8	2287.53025976	-273.999484291	31.6384514184
28.85	2350.02943074	-274.861785508	32.5028670807
28.9	2340.23689357	-274.696569478	32.3674281241
28.95	2249.06775192	-273.521822534	31.1064828551
29.0	2278.73272639	-273.933311848	31.5167741942
29.05	2248.43320855	-273.53837669	31.097706591
29.1	2432.73637654	-276.118443626	33.6467731233
29.15	2517.41940802	-277.29442465	34.8180100789
29.2	2409.12464051	-275.736305569	33.3202031205
29.25	2109.92704157	-271.530138593	29.18205078
29.3	2185.29667241	-272.603925134	30.2244756368
29.35	2630.77557949	-278.946959059	36.3858204756
29.4	2356.55751541	-275.005346393	32.5931559366
29.45	2518.06411674	-277.346919029	34.8269269383
29.5	2352.00074509	-274.970275632	32.5301320024
29.55	2525.60388263	-277.52642223	34.9312081891
29.6	2625.25151653	-278.832780161	36.3094180775
29.65	2490.86616582	-276.850090618	34.4507565925
29.7	2082.31671887	-271.177023759	28.8001769885
29.75	2452.80288071	-276.452522501	33.9243096125
29.8	2449.56310016	-276.435060796	33.8795007453
29.85	2602.77787846	-278.526662578	35.9985889189
29.9	2425.49998416	-276.058753959	33.5466877811
29.95	2228.89485209	-273.22093495	30.8274748251
30.0	2335.97911362	-274.65285057	32.3085394762
30.05	2279.14294846	-273.834784256	31.5224479076
30.1	2309.19873669	-274.312836069	31.938144527
30.15	2486.66326999	-276.843620894	34.3926270377
30.2	2357.89054018	-275.05165914	32.6115927809
30.25	2548.47459692	-277.680927629	35.2475292432
30.3	2412.33594925	-275.744024703	33.3646181988
30.35	2136.60005053	-271.867980387	29.5509607406
30.4	2402.26363299	-275.679901526	33.225309664
30.45	2364.59869103	-275.11380944	32.7043721021
30.5	2447.9552514	-276.239631365	33.857262856
30.55	2178.0060733	-272.46929262	30.1236405705
30.6	2419.86141333	-275.957124093	33.4687016436
30.65	2426.74505718	-275.979909246	33.5639081795
30.7	2563.13909712	-277.888121758	35.4503515119
30.75	2440.77926965	-276.225557443	33.7580130432
30.8	2366.84439674	-275.180001534	32.7354320851
30.85	2437.0716332	-276.131083157	33.7067333387
30.9	2413.9406012	-275.795654744	33.3868118737
30.95	2564.14253378	-277.933844945	35.4642298778
31.0	2487.01661171	-276.908426112	34.3975140484
31.05	2449.81169878	-276.3428497	33.8829390717
31.1	2362.05877784	-275.090954835	32.6692429843
31.15	2337.52556065	-274.733043316	32.3299281285
31.2	2518.40239566	-277.292417336	34.8316056179
31.25	2408.37475074	-275.746907036	33.3098315195
31.3	2444.06576171	-276.19791402	33.8034679695
31.35	2577.96766465	-278.066397253	35.6554429687
31.4	2371.77305567	-275.126360429	32.8035995488
31.45	2581.10828103	-278.24441694	35.6988803127
31.5	2420.7446689	-276.029907432	33.4809178049
31.55	2583.42772526	-278.331715618	35.730960161
31.6	2405.31418506	-275.768779706	33.2675013435
31.65	2320.07802514	-274.462779544	32.0886141601
31.7	2430.58758769	-276.061974077	33.6170535813
31.75	2321.76216024	-274.607552442	32.1119071533
31.8	2484.21012226	-276.851211564	34.3586979585
31.85	2329.10850915	-274.602826152	32.213513286
31.9	2507.90751872	-277.100513191	34.6864527165
31.95	2394.27656554	-275.545828258	33.1148418596
32.0	2224.80479217	-273.108069322	30.7709058851
32.05	2474.1064454	-276.711157975	34.2189556805
32.1	2212.12875351	-272.997677188	30.5955856979
32.15	2321.57069342	-274.456839815	32.1092590074
32.2	2162.96488966	-272.300831045	29.9156084555
32.25	2556.56985326	-277.864268549	35.3594933902
32.3	2304.0331781	-274.227772442	31.8667005434
32.35	2553.30301371	-277.746616529	35.3143102746
32.4	2545.49009671	-277.611229443	35.2062511161
32.45	2129.38882258	-271.81707428	29.4512234434
32.5	2163.27532356	-272.257258066	29.9199020153
32.55	2450.00572157	-276.331360523	33.8856225686
32.6	2095.9819174	-271.340353555	28.9891780817
32.65	2166.55483895	-272.307081027	29.9652604483
32.7	2397.36321647	-275.574170783	33.1575328164
32.75	2368.32857346	-275.255190105	32.7559594871
32.8	1976.36247247	-269.713955871	27.3347413891
32.85	2268.57356185	-273.847197409	31.3762644753
32.9	2281.86871422	-274.000859366	31.5601475215
32.95	2299.88504954	-274.283131599	31.8093284655
33.0	2476.08695767	-276.826789958	34.2463478171
33.05	2504.77447222	-277.265413844	34.6431200702
33.1	2273.49127231	-273.992538995	31.4442805127
33.15	2335.72277314	-274.806520631	32.3049940736
33.2	2415.12794681	-275.755829093	33.4032338537
33.25	2326.23971954	-274.536933761	32.1738355329
33.3	2315.81056674	-274.533071704	32.0295916513
33.35	2534.54767383	-277.615555781	35.0549082811
33.4	2329.08298327	-274.617257564	32.2131602417
33.45	2464.22453978	-276.493578544	34.0822806838
33.5	2377.28322031	-275.280276061	32.8798097217
33.55	2043.27555766	-270.510307683	28.2602051665
33.6	2459.13333937	-276.450486248	34.0118651358
33.65	2529.69288514	-277.462655383	34.9877625042
33.7	2266.14430475	-273.743168629	31.3426658235
33.75	2385.14995855	-275.437081355	32.9886132728
33.8	2499.36557501	-277.138842754	34.5683105105
33.85	2354.32901403	-275.091820806	32.5623339038
33.9	2488.99536999	-276.939913817	34.4248819257
33.95	2411.2804695	-275.718249434	33.3500200334
34.0	2164.90203535	-272.198499525	29.9424007961
34.05	2398.9697118	-275.557348048	33.1797519867
34.1	2470.21543977	-276.590584598	34.1651398274
34.15	2470.03371587	-276.65596388	34.1626264343
34.2	2306.40699189	-274.364772529	31.8995323679
34.25	2540.56213007	-277.669176473	35.1380932272
34.3	2208.32587358	-273.02742178	30.5429886967
34.35	2717.87991081	-280.167906602	37.5905460276
34.4	2509.97674744	-277.168632514	34.7150718755
34.45	2290.8005295	-274.112463447	31.6836819764
34.5	2244.2873605	-273.499099478	31.0403660546
34.55	2313.41518065	-274.378686487	31.9964614636
34.6	2191.54499655	-272.70412382	30.3108951711
34.65	2523.97819739	-277.396420048	34.9087236064
34.7	2384.28304745	-275.52180356	32.9766231693
34.75	2464.92432748	-276.58205954	34.0919593312
34.8	2226.4052005	-273.228336775	30.7930408671
34.85	2364.63005353	-275.085459308	32.7048058716
34.9	2436.1516674	-276.102842879	33.6940094444
34.95	2189.16179397	-272.71135478	30.2779334917
35.0	2411.35128608	-275.771959568	33.3509994858
35.05	2350.88866153	-274.975887671	32.5147509592
35.1	2384.37999699	-275.496398427	32.9779640622
35.15	2116.17920217	-271.651732641	29.2685233757
35.2	2382.81542865	-275.381067907	32.9563247772
35.25	2359.90135368	-275.093719205	32.6394040088
35.3	2288.96071112	-274.059426529	31.6582357537
35.35	2152.60276709	-272.146898766	29.7722916578
35.4	2418.51396275	-275.908031105	33.4500652783
35.45	2499.79428458	-277.099584006	34.5742399215
35.5	2094.48315245	-271.315471803	28.9684489124
35.55	2224.25751049	-273.182845474	30.763336523
35.6	2479.79731583	-276.756523849	34.2976651651
35.65	2157.76492489	-272.253259744	29.8436886057
35.7	2307.62694357	-274.355952091	31.9164053172
35.75	2318.69766773	-274.505650191	32.0695226659
35.8	2329.44877554	-274.658749322	32.2182194539
35.85	2245.85165535	-273.428055684	31.0620015571
35.9	2502.33705965	-277.027456143	34.6094086215
35.95	2260.67722785	-273.699925029	31.2670515902
36.0	2242.42096398	-273.402742179	31.0145522341
36.05	2417.15138959	-275.834763578	33.4312197551
36.1	2190.50151306	-272.755049448	30.2964629242
36.15	2450.27862462	-276.410009245	33.8893970454
36.2	2418.7160801	-275.979277689	33.4528607298
36.25	2372.99824041	-275.259357083	32.8205448758
36.3	2184.63118009	-272.619618615	30.215271323
36.35	2314.65521458	-274.4338233	32.0136121671
36.4	2374.26052818	-275.334949912	32.8380033684
36.45	2088.61235527	-271.316910116	28.8872508908
36.5	2274.52740032	-273.97570841	31.4586110272
36.55	2223.24847924	-273.220994554	30.7493807792
36.6	2326.55902972	-274.553653188	32.178251859
36.65	2160.26404756	-272.257604272	29.8782535566
36.7	2380.57106868	-275.378842526	32.9252834069
36.75	2431.90791421	-276.24795323	33.6353147983
36.8	2606.99099642	-278.557006815	36.0568598541
36.85	2425.8541378	-276.020186099	33.5515860213
36.9	2302.83793192	-274.287575454	31.8501692918
36.95	2445.62378275	-276.246083482	33.8250167
37.0	2332.82435198	-274.699309988	32.2649064915
37.05	2564.07734194	-277.921004457	35.4633282204
37.1	2313.05370222	-274.3922908	31.9914619155
37.15	2439.56550432	-276.195364466	33.7412256564
37.2	2138.87214298	-271.911457875	29.5823856742
37.25	2501.21511598	-277.000921436	34.5938912048
37.3	2359.08782562	-275.077185717	32.6281522372
37.35	2210.07273721	-272.938557065	30.5671492776
37.4	2349.63178224	-274.900348743	32.4973672704
37.45	2305.53445675	-274.314138482	31.8874644791
37.5	2650.4597133	-279.126332333	36.6580684639
37.55	2267.61769138	-273.698489475	31.3630439895
37.6	2289.39844348	-273.913711483	31.6642899573
37.65	2227.12807274	-273.073958797	30.803038793
37.7	2411.4729164	-275.731424305	33.3526817346
37.75	2444.79170209	-276.322661773	33.8135083304
37.8	2330.3324848	-274.615072196	32.23044189
37.85	2184.84616977	-272.567892637	30.2182448096
37.9	2253.30418546	-273.490365802	31.1650762643
37.95	2357.0490684	-274.927043471	32.5999545243
38.0	2204.74265607	-272.793966016	30.49342981
38.05	2428.95689165	-276.026713528	33.5944996949
38.1	2252.30776027	-273.637225583	31.1512948729
38.15	2396.26080825	-275.670855251	33.1422855912
38.2	2180.12599381	-272.613624575	30.1529608393
38.25	2379.85664838	-275.326188352	32.9154023783
38.3	2307.41727375	-274.31851834	31.9135054087
38.35	2351.02752645	-274.914602114	32.5166715769
38.4	2356.40323575	-274.967716385	32.5910221201
38.45	2302.88114048	-274.220215119	31.8507669022
38.5	2421.20628552	-275.917326147	33.4873023477
38.55	2310.57381848	-274.272404432	31.957163055
38.6	2286.63409343	-274.057168748	31.6260566905
38.65	1827.27234554	-267.527302065	25.2727005843
38.7	2302.1983454	-274.369433863	31.8413232768
38.75	2463.80920624	-276.515479254	34.0765362745
38.8	2308.07335802	-274.274651731	31.9225796014
38.85	2330.50064314	-274.654573368	32.2327676601
38.9	2377.94140971	-275.27121186	32.8889130299
38.95	2583.7626396	-278.201317312	35.7355923056
39.0	2356.44905923	-275.053578553	32.5916558971
39.05	2424.4093701	-276.002967474	33.5316036791
39.1	2330.16058842	-274.656569596	32.2280644197
39.15	2153.70360335	-272.170967424	29.7875171414
39.2	2225.36274269	-273.221190884	30.7786228061
39.25	2341.13199074	-274.919681804	32.3798080645
39.3	2296.82779178	-274.278709687	31.7670440408
39.35	2089.21589841	-271.268460831	28.8955983958
39.4	2227.64557773	-273.211395494	30.8101963188
39.45	2536.10205883	-277.488150177	35.076406722
39.5	2396.62809196	-275.564380063	33.1473654312
39.55	2397.29405406	-275.551262615	33.1565762426
39.6	2473.82357107	-276.777583524	34.2150432926
39.65	2060.91418907	-270.94571642	28.5041621505
39.7	2102.73326901	-271.417553685	29.0825549054
39.75	2367.96392268	-275.112800399	32.7509160626
39.8	2372.42423848	-275.236702292	32.8126059502
39.85	2357.1147391	-275.055581821	32.6008628048
39.9	2278.1699709	-273.856124998	31.5089908164
39.95	2515.71427793	-277.325637514	34.7944267076
40.0	2222.14863876	-273.099232612	30.734169068
40.05	2330.93669241	-274.573365436	32.2387985852
40.1	2243.64166143	-273.375711139	31.031435498
40.15	2158.03289788	-272.220022569	29.8473948956
40.2	2319.64078851	-274.437933296	32.0825668128
40.25	2364.49270619	-275.083325704	32.7029062434
40.3	2262.87142243	-273.722467744	31.2973991312
40.35	2146.24654316	-272.040652737	29.6843797794
40.4	2165.2071656	-272.303196443	29.9466210019
40.45	2496.63522188	-277.068217425	34.5305474495
40.5	2310.14452679	-274.397198412	31.9512255929
40.55	2315.2388862	-274.527962659	32.0216848325
40.6	2426.29693159	-276.112877029	33.5577102288
40.65	2399.3428995	-275.706058646	33.1849134838
40.7	2223.29190865	-273.17047926	30.7499814442
40.75	2577.43088056	-278.230898407	35.648018797
40.8	2237.15543363	-273.284086555	30.9417255576
40.85	2459.80118069	-276.555167841	34.0211019383
40.9	2237.53055948	-273.395578771	30.9469138609
40.95	2197.58197377	-272.811009484	30.3943916013
41.0	2438.33191037	-276.079170156	33.7241640232
41.05	2706.95719544	-280.004047134	37.4394757639
41.1	2378.24981327	-275.268986148	32.8931785085
41.15	2449.98472087	-276.385944957	33.8853321114
41.2	2454.93061069	-276.419844826	33.9537378928
41.25	2358.26906042	-275.007978502	32.6168280315
41.3	2365.47112661	-275.1540687	32.7164386139
41.35	2642.29170772	-279.135760741	36.5450981342
41.4	2397.67921069	-275.635095552	33.16190328
41.45	2488.87027185	-276.779886679	34.4231517142
41.5	2350.58778248	-274.853304002	32.510589551
41.55	2550.90164784	-277.881699677	35.2810973817
41.6	2122.30426271	-271.758077058	29.3532380716
41.65	2508.83532037	-277.106993483	34.6992849871
41.7	2403.65474123	-275.608949501	33.2445498513
41.75	2413.93117954	-275.821561425	33.3866815643
41.8	2557.04167511	-277.86361497	35.3660190799
41.85	2560.3326326	-277.89947585	35.4115357669
41.9	2341.54673209	-274.871562174	32.3855442833
41.95	2663.97774128	-279.439107228	36.8450340656
42.0	2296.57844344	-274.222321669	31.7635953454
42.05	2475.81449434	-276.696930208	34.2425794219
42.1	2359.26244929	-275.101631702	32.6305674281
42.15	2517.47099351	-277.235816662	34.8187235493
42.2	2579.79303145	-278.172039474	35.6806893139
42.25	2184.03733825	-272.644537935	30.2070579951
42.3	2181.72950133	-272.520901995	30.1751386856
42.35	2357.19944217	-274.979394355	32.602034319
42.4	2173.73819998	-272.424737828	30.0646123227
42.45	2403.39710956	-275.726330463	33.2409865904
42.5	2370.2739225	-275.288097389	32.7828652868
42.55	2278.19072795	-273.967934182	31.5092779037
42.6	2337.24771694	-274.709375542	32.3260853182
42.65	2541.3307651	-277.600170852	35.1487240908
42.7	2420.5593648	-275.930767167	33.4783548947
42.75	2279.94840605	-273.922470081	31.5335880578
42.8	2531.3453125	-277.405489664	35.0106169529
42.85	2258.21926865	-273.625911078	31.2330559643
42.9	2265.36252878	-273.836150337	31.3318532098
42.95	2266.76952258	-273.789118461	31.3513131075
43.0	2503.13454624	-277.225815591	34.6204385261
43.05	2209.7363084	-272.942972235	30.5624961867
43.1	2231.57374437	-273.279903396	30.8645261397
43.15	2412.48782397	-275.851288487	33.3667187529
43.2	2400.1182919	-275.62263124	33.1956378074
43.25	2130.83729899	-271.855139306	29.4712570803
43.3	2212.71939998	-273.005556655	30.6037548313
43.35	2522.81239651	-277.38227468	34.8925996079
43.4	2461.96358069	-276.504317894	34.0510097337
43.45	2293.91424958	-274.238486663	31.7267473221
43.5	2469.61780331	-276.615187797	34.1568740166
43.55	2363.03126246	-275.181881223	32.6826932576
43.6	2284.35400116	-274.062097289	31.5945211128
43.65	2162.97288832	-272.401830101	29.9157190836
43.7	2305.06838051	-274.414147971	31.8810182561
43.75	2314.13603699	-274.470849614	32.0064315082
43.8	2353.7365564	-275.04286842	32.5541397206
43.85	2431.51929672	-276.229822843	33.6299398943
43.9	2167.66542467	-272.333386034	29.9806207752
43.95	2369.46545918	-275.228781111	32.7716835647
44.0	2394.39956594	-275.505023721	33.1165430577
44.05	2464.63433051	-276.559719895	34.0879484314
44.1	2339.4651612	-274.839454236	32.3567544218
44.15	2416.81654421	-275.91132758	33.4265885641
44.2	2402.03500306	-275.688936165	33.2221475215
44.25	2443.55852431	-276.172468196	33.7964524532
44.3	2357.83058606	-274.968248848	32.6107635654
44.35	2500.58662372	-277.177802157	34.5851986326
44.4	2438.76275078	-276.230648181	33.7301229054
44.45	2467.83455554	-276.562851587	34.1322102126
44.5	2356.33787832	-275.060880964	32.5901181723
44.55	2388.1432927	-275.51477916	33.0300135806
44.6	2418.30515828	-275.802613739	33.4471773383
44.65	2134.36010788	-271.884030289	29.5199804656
44.7	2479.50648732	-276.736080531	34.2936427642
44.75	2461.65866662	-276.53539945	34.0467925178
44.8	2208.57712791	-272.929862086	30.5464637536
44.85	2481.40214378	-276.681795058	34.3198612742
44.9	2532.78915736	-277.502320986	35.0305865316
44.95	2622.37830268	-278.801840184	36.2696791336
45.0	2443.79883422	-276.262739294	33.7997761397
45.05	2182.92492727	-272.535546002	30.1916724235
45.1	2401.05166496	-275.613883129	33.2085471353
45.15	2180.04854662	-272.524820477	30.1518896799
45.2	2241.70020531	-273.399864181	31.0045835405
45.25	2329.71256123	-274.619819698	32.2218678301
45.3	2430.87382046	-276.020015994	33.6210124193
45.35	2240.92129265	-273.384632268	30.9938105287
45.4	2597.77772267	-278.413116168	35.9294325938
45.45	2281.45630329	-273.97552378	31.5544435344
45.5	2439.85848378	-276.169255349	33.7452778066
45.55	2431.08353068	-276.109903941	33.6239128865
45.6	2211.94559459	-273.020557568	30.5930524573
45.65	2221.5653443	-273.134376854	30.7261016191
45.7	2152.09325099	-272.138533762	29.7652446252
45.75	2255.10099074	-273.63276723	31.18992758
45.8	2432.92780949	-276.117256135	33.6494208007
45.85	2193.85760916	-272.698314772	30.3428805323
45.9	2209.87263408	-272.9495138	30.5643816844
45.95	2445.89719317	-276.266334045	33.8287981942
46.0	2072.34086996	-270.987706185	28.6622026777
46.05	2428.10448442	-275.993391999	33.582710192
46.1	2462.50720215	-276.543982386	34.058528472
46.15	2399.3449631	-275.535206994	33.1849420251
46.2	2209.47445173	-272.813962956	30.5588744904
46.25	2369.99160026	-275.13882369	32.7789605348
46.3	2351.55925234	-274.971660495	32.5240257895
46.35	2583.28546948	-278.209435116	35.7289926449
46.4	2204.06645411	-272.84048815	30.4840773728
46.45	2454.42929868	-276.39975212	33.9468043296
46.5	2619.25560271	-278.648076333	36.2264895885
46.55	2154.00915735	-272.229571897	29.7917432081
46.6	2347.36972262	-274.999399404	32.466081099
46.65	2570.71174661	-278.111570788	35.5550875704
46.7	2345.04056668	-274.882208173	32.4338669298
46.75	2167.7583468	-272.298965478	29.9819059657
46.8	2737.92029073	-280.335822557	37.8677211967
46.85	2101.73208794	-271.359938539	29.0687077362
46.9	2295.23259343	-274.085988944	31.7449811172
46.95	2480.76403592	-276.745177017	34.3110357102
47.0	2185.5292413	-272.540537598	30.2276922586
47.05	2813.55789824	-281.474731847	38.9138523944
47.1	2471.1503667	-276.662741696	34.1780706466
47.15	2343.29085761	-274.771490012	32.4096669941
47.2	2436.87561043	-276.107951758	33.7040221803
47.25	2364.18124669	-275.159767466	32.6985984988
47.3	2138.65104664	-271.923337546	29.5793277274
47.35	2529.70901847	-277.50723275	34.9879856417
47.4	2319.1966657	-274.544438657	32.0764242241
47.45	2364.19277656	-275.152668421	32.6987579664
47.5	2401.77434709	-275.686401978	33.2185424319
47.55	2313.90901415	-274.469343124	32.0032915929
47.6	2342.46122366	-274.815038372	32.3981924645
47.65	2492.48181417	-277.027891284	34.4731023567
47.7	2139.99025162	-272.001188282	29.5978500492
47.75	2318.65713748	-274.430303565	32.0689620987
47.8	2421.75243832	-275.892803755	33.4948560965
47.85	2430.10082646	-276.032228945	33.6103212674
47.9	2569.26687042	-278.069343368	35.5351037276
47.95	2230.02979528	-273.276644589	30.843172036
48.0	2423.69960784	-276.029387681	33.5217870751
48.05	2298.1164787	-274.183780855	31.7848676558
48.1	2322.42235767	-274.538527837	32.1210382344
48.15	2380.73384453	-275.27790907	32.9275347326
48.2	2250.7371562	-273.468221208	31.1295721086
48.25	2442.83326573	-276.239033072	33.7864215222
48.3	2238.39540301	-273.418882113	30.9588753683
48.35	2316.68527592	-274.435839874	32.0416896088
48.4	2424.30309652	-275.97441786	33.5301338268
48.45	2292.47757454	-274.104342697	31.7068769081
48.5	2190.6341267	-272.64325083	30.2982970815
48.55	2359.73787326	-275.139000807	32.6371429382
48.6	2197.63055361	-272.887958315	30.395063501
48.65	2381.61822381	-275.435082565	32.9397664357
48.7	2316.82616937	-274.601820905	32.0436382826
48.75	2310.24842794	-274.369363996	31.9526626325
48.8	2401.25331834	-275.609298302	33.2113361698
48.85	2506.97001994	-277.212319756	34.6734863264
48.9	2423.07235457	-275.878433404	33.5131116391
48.95	2330.9974737	-274.677136658	32.2396392412
49.0	2323.45753548	-274.647127173	32.1353556069
49.05	2522.93461708	-277.327418499	34.8942900202
49.1	2618.04355834	-278.808701322	36.209726004
49.15	2279.95034664	-273.943873149	31.5336148978
49.2	2352.58581361	-274.887217111	32.538223988
49.25	2281.82758682	-273.922323485	31.5595786953
49.3	2417.33284642	-275.856498405	33.4337294544
49.35	2366.78821484	-275.167333041	32.7346550426
49.4	2499.02254991	-276.973330184	34.5635661873
49.45	2331.60405841	-274.694313937	32.2480288137
49.5	2518.79281048	-277.322984751	34.8370053805
49.55	2302.10031506	-274.231202897	31.8399674354
49.6	2455.20494744	-276.423591975	33.9575321989
49.65	2300.34469341	-274.232338809	31.8156857237
49.7	2432.43400853	-276.104461595	33.6425911215
49.75	2375.61594529	-275.231386304	32.8567499175
49.8	2355.4828743	-274.950749539	32.5782927537
49.85	2498.16436392	-277.017004422	34.5516967593
49.9	2371.57029878	-275.281537185	32.800795252
49.95	2537.61168573	-277.499802962	35.0972861211
50.0	2584.72293685	-278.187634068	35.7488740175
50.05	2274.15406038	-273.863421205	31.4534474244
50.1	2258.78252532	-273.642258532	31.2408462738
50.15	2456.82530017	-276.422499696	33.9799430285
50.2	2640.88240504	-279.054269734	36.5256063027
50.25	2443.09449813	-276.273788658	33.790034584
50.3	2369.98064123	-275.200920469	32.7788089622
50.35	2412.55958649	-275.863309612	33.3677112883
50.4	2453.74948841	-276.543525085	33.9374019866
50.45	2495.56260415	-277.001268005	34.5157122516
50.5	2439.67580741	-276.288063874	33.7427512401
50.55	2527.4700305	-277.531158233	34.9570185707
50.6	2338.37726078	-274.821084727	32.3417078517
50.65	2308.65917468	-274.352476457	31.9306819343
50.7	2151.69547606	-272.147862649	29.7597430661
50.75	2321.84219879	-274.534860316	32.1130141531
50.8	2318.0793205	-274.514954162	32.0609704079
50.85	2439.71980694	-276.211497198	33.7433597903
50.9	2317.154296	-274.356984075	32.0481765476
50.95	2279.87134747	-273.904675564	31.5325222735
51.0	2504.3353581	-277.088799264	34.6370467557
51.05	2591.80851229	-278.322732953	35.8468734356
51.1	2141.98667759	-272.0011094	29.6254622856
51.15	2471.24712405	-276.653392652	34.1794088814
51.2	2409.2501433	-275.826318016	33.3219389288
51.25	2216.92000813	-272.990563729	30.6618527455
51.3	2250.4875897	-273.452844692	31.1261203957
51.35	2488.59340512	-276.878104381	34.4193224164
51.4	2338.12565283	-274.932582441	32.3382279038
51.45	2269.95415487	-273.846592042	31.3953592283
51.5	2449.86351646	-276.312135096	33.8836557534
51.55	2173.47812527	-272.397510996	30.0610152726
51.6	2426.56585771	-276.016737249	33.5614297013
51.65	2632.11672089	-278.857068633	36.4043695798
51.7	2392.93609248	-275.494227501	33.0963019992
51.75	2434.23468016	-276.079031213	33.667495912
51.8	2734.29998061	-280.341525876	37.8176492882
51.85	2293.94516465	-274.196892189	31.7271749033
51.9	2201.8521251	-272.784177334	30.4534513558
51.95	2318.36171811	-274.449005501	32.0648762024
52.0	2380.38832253	-275.434056623	32.9227558752
52.05	2455.46584536	-276.379459567	33.9611406347
52.1	2335.12922014	-274.633497229	32.2967847406
52.15	2271.00562578	-273.752485195	31.4099019479
52.2	2154.54077013	-272.158639971	29.7990958562
52.25	2484.98641026	-276.802232349	34.3694346691
52.3	2279.21557669	-273.875014182	31.5234524166
52.35	2448.07575691	-276.405778863	33.8589295477
52.4	2321.53033837	-274.622816076	32.1087008635
52.45	2229.83567141	-273.25978603	30.840487141
52.5	2368.43787256	-275.21626191	32.7574711848
52.55	2413.40652327	-275.752487964	33.3794251303
52.6	2400.27319947	-275.629755411	33.1977803083
52.65	2239.96481185	-273.361591125	30.9805816016
52.7	2333.99063691	-274.673595754	32.2810371849
52.75	2505.48073218	-277.180659818	34.6528882345
52.8	2351.4873438	-274.847194747	32.5230312343
52.85	2395.5246501	-275.49319349	33.1321039099
52.9	2225.83350154	-273.116233421	30.7851337937
52.95	2254.97458622	-273.583869055	31.1881793
53.0	2349.28494307	-274.897557541	32.4925701953
53.05	2462.15108318	-276.466811798	34.0536030496
53.1	2423.55728437	-275.919218899	33.5198186227
53.15	2426.33281086	-275.940673721	33.558206469
53.2	2401.20609738	-275.677742853	33.2106830645
53.25	2258.99013749	-273.665469845	31.2437177233
53.3	2277.64105184	-273.919152922	31.5016754247
53.35	2320.32144738	-274.472071905	32.0919808928
53.4	2308.28774528	-274.366308115	31.925544756
53.45	2568.00438777	-278.011790618	35.5176425395
53.5	2323.73088165	-274.576131582	32.1391362124
53.55	2195.79004594	-272.735461285	30.3696077449
53.6	2241.19640558	-273.449412251	30.99761557
53.65	2322.15296408	-274.484091123	32.1173122964
53.7	2464.08753637	-276.490589655	34.0803858123
53.75	2116.26378532	-271.661835892	29.2696932312
53.8	2583.11327564	-278.215708521	35.7266110605
53.85	2437.47649975	-276.223164393	33.7123329808
53.9	2434.88027332	-276.122788266	33.6764250039
53.95	2200.3525518	-272.936899266	30.4327110063
54.0	2403.4052242	-275.676712711	33.2410988227
54.05	2307.90843358	-274.315433348	31.9202985588
54.1	2635.88747681	-278.97400822	36.4565222792
54.15	2432.8804658	-276.161775397	33.648765998
54.2	2337.93203288	-274.837542643	32.3355499785
54.25	2446.24308499	-276.319051153	33.8335821665
54.3	2569.30397905	-278.025159849	35.5356169709
54.35	2567.06005229	-278.015720062	35.5045815922
54.4	2506.05016175	-277.122771732	34.6607639204
54.45	2459.03736588	-276.47650339	34.0105377423
54.5	2362.58565135	-275.141625782	32.6765300843
54.55	2500.27469757	-277.089789363	34.5808844338
54.6	2370.65663874	-275.236479967	32.7881585715
54.65	2407.23026792	-275.825339317	33.2940023676
54.7	2431.33716407	-276.108587657	33.6274208479
54.75	2428.41244469	-275.970670755	33.5869695394
54.8	2467.15779394	-276.552199974	34.1228500352
54.85	2402.97418239	-275.672800892	33.2351371548
54.9	2127.1167166	-271.719433511	29.4197983227
54.95	2551.76151537	-277.757244031	35.2929900668
55.0	2493.90591393	-276.997768079	34.4927988441
55.05	2287.22205698	-274.082106543	31.6341887169
55.1	2222.1642365	-273.155621285	30.7343847978
55.15	2637.26248172	-279.028299876	36.4755397439
55.2	2825.95227031	-281.562161971	39.0852768978
55.25	2253.88602896	-273.560579484	31.1731236452
55.3	2352.52269884	-274.950735022	32.537351058
55.35	2209.2900992	-272.950042283	30.5563247412
55.4	2284.78148767	-274.054532143	31.6004336077
55.45	2329.28377911	-274.646421919	32.2159374156
55.5	2436.03518523	-276.134594649	33.6923983989
55.55	2363.74749389	-275.105913564	32.6925993357
55.6	2376.44927651	-275.356345868	32.8682755833
55.65	2066.45975236	-271.009333501	28.5808619161
55.7	2215.69360593	-273.03803088	30.6448905802
55.75	2392.52743876	-275.490879891	33.0906499773
55.8	2395.61885746	-275.656798699	33.1334068764
55.85	2343.06024654	-274.895911066	32.4064774506
55.9	2342.16373771	-274.878560299	32.3940779857
55.95	2344.85312456	-274.831324246	32.4312744489
56.0	2346.17956951	-274.829066458	32.449620289
56.05	2270.73832613	-273.722415763	31.4062049708
56.1	2530.7295257	-277.572752842	35.0021001079
56.15	2379.81459353	-275.432933223	32.9148207245
56.2	2139.75086349	-271.970409293	29.5945391118
56.25	2433.25312617	-276.084371826	33.6539202017
56.3	2522.0136128	-277.40415376	34.8815517628
56.35	2400.25325227	-275.677012127	33.197504422
56.4	2137.38671646	-271.824580303	29.5618409865
56.45	2438.00953156	-276.114326926	33.7197052553
56.5	2433.48553386	-276.096009686	33.6571345938
56.55	2263.94687113	-273.776050421	31.3122734837
56.6	2588.23101042	-278.367486678	35.7973936009
56.65	2259.72244559	-273.689263582	31.2538461551
56.7	2374.99605721	-275.294844223	32.8481763484
56.75	2539.35682053	-277.603809046	35.121422791
56.8	2488.03212184	-276.900035513	34.4115594005
56.85	2227.07414986	-273.252153195	30.8022929947
56.9	2358.88591137	-275.095811599	32.6253595947
56.95	2487.77563126	-276.881803659	34.4080119218
57.0	2123.91462679	-271.746476823	29.37551075
57.05	2442.580607	-276.247178174	33.7829270412
57.1	2175.83356003	-272.569678095	30.0935928998
57.15	2375.41611093	-275.356126161	32.8539860417
57.2	2436.5887745	-276.1123313	33.7000550002
57.25	2279.25397849	-273.912604318	31.5239835455
57.3	2307.51725843	-274.363589955	31.9148882802
57.35	2584.53954064	-278.322128891	35.7463374949
57.4	2396.58663657	-275.612912799	33.1467920686
57.45	2384.82442641	-275.401709682	32.9841108918
57.5	2335.31808501	-274.708247591	32.2993968992
57.55	2136.07926699	-271.943891759	29.5437578699
57.6	2264.35243237	-273.655997399	31.3178827339
57.65	2345.19305289	-274.787738059	32.4359759413
57.7	2247.2551757	-273.55581577	31.0814134142
57.75	2486.53985707	-276.884291972	34.3909201341
57.8	2442.96058486	-276.23761952	33.7881824519
57.85	2439.53140308	-276.186533542	33.7407540078
57.9	2405.45875254	-275.710544046	33.2695008323
57.95	2447.24993502	-276.232795831	33.8475077422
58.0	2524.47229781	-277.363172593	34.9155574272
58.05	2465.5955768	-276.604300973	34.1012432693
58.1	2290.25957223	-274.060954037	31.6762000862
58.15	2428.10325528	-276.041105224	33.5826931919
58.2	2195.86472533	-272.703518859	30.3706406231
58.25	2468.32612352	-276.688373228	34.1390090078
58.3	2164.73751261	-272.383793749	29.9401253093
58.35	2301.14546042	-274.301934978	31.8267609993
58.4	2411.60108424	-275.79078354	33.3544544028
58.45	2320.78070525	-274.485676206	32.0983328122
58.5	2389.39143712	-275.395618481	33.047276459
58.55	2375.59111473	-275.207300346	32.8564064902
58.6	2304.65784736	-274.245371408	31.8753402402
58.65	2382.04627295	-275.311528818	32.9456867123
58.7	2466.62925055	-276.615021961	34.1155398394
58.75	2373.64318438	-275.323361894	32.8294649887
58.8	2664.33783625	-279.462122933	36.8500144794
58.85	2524.61650998	-277.414868796	34.9175520019
58.9	2265.83926221	-273.715810949	31.3384468307
58.95	2368.23611759	-275.141969929	32.7546807453
59.0	2369.40018818	-275.126473053	32.7707808124
59.05	2428.82987547	-276.011118895	33.5927429553
59.1	2484.12594044	-276.867232391	34.3575336537
59.15	2488.37711055	-276.824211064	34.416330882
59.2	2145.32140607	-271.98093376	29.6715843618
59.25	2281.84772265	-273.983617731	31.5598571905
59.3	2539.7114763	-277.600513452	35.126327976
59.35	2432.62852368	-276.175289219	33.6452814283
59.4	2454.26620743	-276.34403737	33.9445486415
59.45	2430.41751169	-276.028249481	33.6147012884
59.5	2336.41801511	-274.755959004	32.31460985
59.55	2598.91465654	-278.450179262	35.9451573375
59.6	2242.42401875	-273.400880991	31.0145944841
59.65	2481.6951646	-276.745575529	34.3239139965
59.7	2179.80738769	-272.425114627	30.1485542509
59.75	2514.04766177	-277.197990549	34.7713760161
59.8	2653.67791887	-279.166054672	36.7025789311
59.85	2305.07373879	-274.31089401	31.8810923656
59.9	2414.59615173	-275.812917417	33.3958786843
59.95	2368.40933768	-275.171944041	32.7570765236
60.0	2328.64989166	-274.655946567	32.2071702235
60.05	2648.5428267	-279.162881177	36.6315563234
60.1	2538.98232236	-277.643606959	35.1162431689
60.15	2151.98404627	-272.128843966	29.7637342327
60.2	2249.05029784	-273.449584762	31.1062414506
60.25	2513.30397877	-277.226399999	34.7610902599
60.3	2529.07346242	-277.383642807	34.9791953715
60.35	2486.01161923	-276.753744503	34.3836141642
60.4	2330.53291471	-274.630096434	32.2332140029
60.45	2146.83250475	-272.158975929	29.692484117
60.5	2279.21901514	-273.976283589	31.5234999733
60.55	2227.33805704	-273.183013544	30.8059430511
60.6	2282.04963618	-273.935204029	31.562649823
60.65	2121.02686704	-271.586405626	29.3355706241
60.7	2276.71083706	-273.862144481	31.4888097784
60.75	2125.12672525	-271.714597872	29.3922750826
60.8	2185.27595597	-272.614037295	30.2241891112
60.85	2205.92107732	-272.923583365	30.5097283586
60.9	2289.72363843	-274.143660747	31.6687876748
60.95	2591.98047025	-278.277671547	35.8492517577
61.0	2218.62613635	-273.005216031	30.6854499218
61.05	2073.28551756	-270.974477471	28.6752679418
61.1	2432.61114945	-276.069089057	33.6450411282
61.15	2410.95125622	-275.894514647	33.3454667392
61.2	2382.8173348	-275.369639534	32.9563511408
61.25	2381.13263047	-275.434505797	32.9330502748
61.3	2495.84513486	-276.962314555	34.5196198871
61.35	2282.63186076	-274.056891581	31.5707024746
61.4	2179.27396496	-272.530086633	30.1411765696
61.45	2357.74631883	-275.102026713	32.6095980793
61.5	2224.75125733	-273.106064849	30.7701654536
61.55	2467.54602152	-276.544359746	34.1282195465
61.6	2311.50784239	-274.35759742	31.9700813847
61.65	2417.64253776	-275.784679479	33.4380127438
61.7	2473.53911913	-276.562485074	34.211109085
61.75	2393.65955484	-275.50307123	33.1063080869
61.8	2301.62953316	-274.330531022	31.8334561291
61.85	2610.55535533	-278.695543399	36.1061579108
61.9	2508.05567735	-277.195368563	34.6885018739
61.95	2353.2031908	-274.95816476	32.5467628295
62.0	2189.64311097	-272.732241916	30.2845905074
