# 	 t 	 T	E	K
2.05	2487.82766413	-274.797192479	34.4087315798
2.1	2570.31744419	-275.965165804	35.549634039
2.15	2294.36740578	-272.099708715	31.7330148504
2.2	2376.56517702	-273.296213687	32.8698785841
2.25	2433.19983901	-274.03585323	33.6531831959
2.3	2558.43963391	-275.799555348	35.3853540161
2.35	2290.87462489	-272.053347993	31.6847067775
2.4	2602.83090161	-276.391177698	35.9993222732
2.45	2042.27689743	-268.581443208	28.2463928626
2.5	2525.69864387	-275.290186604	34.9325188161
2.55	2464.88594576	-274.473878589	34.0914284801
2.6	2262.89699669	-271.639003798	31.2977528446
2.65	2599.63687478	-276.444585079	35.9551462181
2.7	2396.87744093	-273.63398365	33.1508141354
2.75	2510.90888965	-275.133163983	34.7279641798
2.8	2313.04187767	-272.352613341	31.9912983721
2.85	2395.35355237	-273.498238134	33.1297374857
2.9	2294.50682005	-272.10672288	31.734943066
2.95	2422.73044554	-273.875568862	33.508382752
3.0	2462.32001032	-274.341231926	34.0559394528
3.05	2580.18279947	-276.035596109	35.6860801308
3.1	2429.35655486	-274.005545575	33.6000273704
3.15	2425.18262474	-273.865704809	33.5422984356
3.2	2410.39424119	-273.662105353	33.3377627568
3.25	2265.38273222	-271.75978616	31.3321326402
3.3	2340.91289996	-272.833851011	32.3767778563
3.35	2420.17472099	-273.84531474	33.4730349499
3.4	2206.9804909	-270.946808282	30.5243809321
3.45	2521.66233263	-275.303319401	34.8766932652
3.5	2233.0535134	-271.233563359	30.8849925795
3.55	2402.49720516	-273.60204956	33.228540162
3.6	2068.04174728	-268.952111581	28.6027422252
3.65	2402.2500424	-273.506682851	33.2251216949
3.7	2372.99220332	-273.056177737	32.8204613778
3.75	2508.78324456	-275.057103488	34.6985647353
3.8	2144.80041071	-269.884894302	29.6643785615
3.85	2224.39996051	-271.136422645	30.7653067256
3.9	2531.74475926	-275.480090022	35.0161416348
3.95	2533.62258724	-275.432121205	35.0421135619
4.0	2203.21871303	-270.756255989	30.4723524066
4.05	2317.19458716	-272.401737521	32.048733808
4.1	2417.7174002	-273.819225356	33.4390481538
4.15	2357.40502722	-272.986076617	32.6048777317
4.2	2523.10490833	-275.264719039	34.8966452903
4.25	2500.26910479	-274.93179251	34.580807081
4.3	2420.69491979	-273.841090079	33.4802297332
4.35	2686.17787507	-277.683155615	37.152080432
4.4	2407.59837477	-273.746244787	33.2990935923
4.45	2311.64898857	-272.393810429	31.9720335542
4.5	2618.10611321	-276.638021388	36.21059119
4.55	2319.96675613	-272.419461073	32.0870752169
4.6	2534.88657534	-275.381707293	35.0595955715
4.65	2407.1024042	-273.565029469	33.2922339057
4.7	2247.36328811	-271.427964322	31.082908699
4.75	2459.4995907	-274.407670032	34.0169306971
4.8	2726.57824257	-278.110980391	37.7108512108
4.85	2531.69273622	-275.466540324	35.0154221126
4.9	2427.31173255	-273.934538039	33.5717457724
4.95	2508.47975784	-275.051972272	34.6943672608
5.0	2521.02485362	-275.206275395	34.8678763987
5.05	2450.22500039	-274.215857371	33.8886553776
5.1	2532.14005593	-275.392419598	35.0216089173
5.15	2326.01245402	-272.465419893	32.1706922612
5.2	2277.46562795	-271.735355085	31.4992491659
5.25	2454.16980607	-274.28026324	33.9432153304
5.3	2221.25565703	-270.981183347	30.721818386
5.35	2384.52769273	-273.219029639	32.9800068176
5.4	2382.27377214	-273.254241815	32.9488332159
5.45	2444.63387439	-274.213531154	33.8113254417
5.5	2230.04355674	-271.183740312	30.8433623686
5.55	2629.62912536	-276.85928413	36.3699640588
5.6	2491.64861795	-274.98700329	34.4615785581
5.65	2669.19747859	-277.334126381	36.9172273862
5.7	2481.68821387	-274.642462237	34.323817862
5.75	2448.13379631	-274.263525484	33.8597322811
5.8	2396.27275847	-273.509402946	33.1424508728
5.85	2357.22799855	-272.909115969	32.6024292776
5.9	2377.8812956	-273.221246378	32.8880816017
5.95	2599.61157551	-276.315704596	35.9547963081
6.0	2402.0370082	-273.67044342	33.2221752541
6.05	2233.82069005	-271.33046048	30.8956032725
6.1	2624.9626385	-276.718240186	36.3054226534
6.15	2400.52830403	-273.461428721	33.2013086171
6.2	2745.31681134	-278.385174324	37.9700212458
6.25	2356.80610768	-273.004301027	32.596594175
6.3	2265.27312694	-271.705217819	31.3306167078
6.35	2754.72395423	-278.555612163	38.1001298781
6.4	2357.8536509	-272.995403749	32.6110825714
6.45	2603.20572641	-276.35099361	36.0045064128
6.5	2700.82078415	-277.712345508	37.3546040776
6.55	2337.76023623	-272.65666923	32.3331738874
6.6	2344.25468912	-272.731428438	32.4229975876
6.65	2307.6526448	-272.272423742	31.9167607866
6.7	2342.92160578	-272.810393664	32.4045599332
6.75	2889.10828678	-280.491199671	39.9587772811
6.8	2495.55494351	-274.936750116	34.5156062986
6.85	2468.82588017	-274.488553592	34.1459210591
6.9	2465.19633766	-274.45621287	34.095721459
6.95	2501.29658453	-274.940600224	34.5950179828
7.0	2723.10747944	-278.029711635	37.6628476619
7.05	2736.30749592	-278.312427525	37.8454148993
7.1	2475.37044291	-274.676972702	34.2364378203
7.15	2436.57797463	-274.155973546	33.699905629
7.2	2568.12582824	-275.989776616	35.5193221626
7.25	2321.86139375	-272.420636075	32.1132796354
7.3	2568.48203013	-275.946207265	35.5242487318
7.35	2362.57543724	-273.018651962	32.6763888147
7.4	2587.4573072	-276.278462966	35.78669264
7.45	2450.34358936	-274.26489108	33.890295562
7.5	2389.29616817	-273.354430892	33.0459588101
7.55	2227.19204649	-271.077885659	30.8039236034
7.6	2217.79635345	-270.97613695	30.6739733322
7.65	2614.34328502	-276.526567367	36.1585481377
7.7	2705.56841616	-277.836533254	37.4202677881
7.75	2480.46318275	-274.631457167	34.3068746599
7.8	2340.7261638	-272.663958199	32.3741951395
7.85	2436.21500741	-274.15925467	33.6948854896
7.9	2417.68705366	-273.917840194	33.4386284359
7.95	2469.75869293	-274.545823177	34.1588226375
8.0	2341.2289245	-272.674571085	32.3811487394
8.05	2388.83447319	-273.333050806	33.0395731834
8.1	2515.40358768	-275.078646499	34.7901296023
8.15	2112.88101094	-269.396567445	29.2229066401
8.2	2551.10201934	-275.747164595	35.2838686867
8.25	2458.49328933	-274.36646225	34.0030127099
8.3	2534.15225469	-275.425537587	35.0494393046
8.35	2474.7120633	-274.534239446	34.2273318812
8.4	2383.7949363	-273.31941076	32.9698721849
8.45	2320.81555627	-272.553285833	32.0988148308
8.5	2488.2060599	-274.808641918	34.413965109
8.55	2303.18178249	-272.136988808	31.854925032
8.6	2635.43406711	-276.900657483	36.4502512449
8.65	2344.40399482	-272.884733861	32.4250626101
8.7	2309.85715199	-272.415604576	31.9472509597
8.75	2214.95306061	-270.946825177	30.6346482207
8.8	2156.8607375	-270.138294886	29.83118294
8.85	2328.15498583	-272.541673086	32.2003252631
8.9	2108.45206263	-269.439255651	29.161650591
8.95	2578.30636218	-276.088616255	35.6601274381
9.0	2386.77403989	-273.308177874	33.0110756723
9.05	2356.27754385	-272.902544046	32.5892836963
9.1	2321.4678379	-272.454065641	32.1078364299
9.15	2445.00356428	-274.316839265	33.8164385612
9.2	2165.40193088	-270.2390216	29.9493147682
9.25	2495.88236547	-274.867788265	34.5201348174
9.3	2313.51023468	-272.244386363	31.9977761401
9.35	2254.97873731	-271.450394607	31.1882367131
9.4	2380.04915104	-273.267434827	32.9180648506
9.45	2414.0416836	-273.765897055	33.3882099275
9.5	2463.69035544	-274.484525029	34.0748924688
9.55	2514.55752474	-275.122760226	34.7784278463
9.6	2704.41500899	-277.76204458	37.404315205
9.65	2331.17885183	-272.69174525	32.242147852
9.7	2426.40635017	-273.983865943	33.559223579
9.75	2575.98505117	-275.950389118	35.6280217707
9.8	2360.02162633	-272.914397021	32.6410674797
9.85	2499.02985445	-274.908424005	34.5636672151
9.9	2607.935927	-276.54659866	36.0699290322
9.95	2359.73879246	-273.083429063	32.6371556515
10.0	2209.19361094	-270.851829977	30.5549902281
10.05	2361.47259149	-272.951373976	32.6611355382
10.1	2413.79665641	-273.822789439	33.3848209971
10.15	2147.21821257	-269.963812137	29.6978187777
10.2	2615.29764947	-276.579137098	36.171747794
10.25	2252.58665456	-271.523895764	31.1551522135
10.3	2469.83345796	-274.598370834	34.1598567003
10.35	2482.68305528	-274.83691015	34.3375773486
10.4	2333.34399369	-272.641311899	32.2720935698
10.45	2687.18766474	-277.637584835	37.1660466654
10.5	2293.0547428	-272.069656254	31.7148596266
10.55	2468.75235974	-274.534178709	34.1449042102
10.6	2408.7045652	-273.74297132	33.3143931286
10.65	2409.3148425	-273.741068277	33.3228337727
10.7	2590.60591847	-276.264102705	35.83024056
10.75	2213.80536152	-270.900868914	30.6187745851
10.8	2533.91002956	-275.474087363	35.0460891289
10.85	2459.66915666	-274.290120225	34.0192759357
10.9	2316.90469288	-272.49417218	32.0447243283
10.95	2313.10265198	-272.391551826	31.9921389316
11.0	2468.18343249	-274.59550106	34.1370354719
11.05	2329.66316241	-272.613663234	32.2211846032
11.1	2128.00725428	-269.724804699	29.4321152016
11.15	2383.60781835	-273.318692908	32.9672841876
11.2	2585.31439849	-276.122448052	35.7570544253
11.25	2377.19843401	-273.239811086	32.8786370563
11.3	2304.71620707	-272.225661518	31.8761474037
11.35	2433.19406079	-274.052564632	33.6531032782
11.4	2583.39868401	-276.15836587	35.7305584962
11.45	2342.13525854	-272.73365028	32.3936840951
11.5	2524.66781216	-275.245110069	34.9182615537
11.55	2207.13211299	-270.81270555	30.5264779921
11.6	2391.16232586	-273.4791455	33.0717693274
11.65	2236.17894978	-271.276268324	30.9282199715
11.7	2366.09830209	-273.050932567	32.7251129739
11.75	2398.27655612	-273.565085413	33.1701650655
11.8	2499.93896983	-274.990342894	34.5762410391
11.85	2353.17551963	-272.921376367	32.5463801141
11.9	2336.38182738	-272.696835468	32.3141093434
11.95	2601.01197882	-276.476199144	35.9741650539
12.0	2470.19440033	-274.61152574	34.1648488344
12.05	2602.26292484	-276.446865107	35.9914666807
12.1	2267.97617557	-271.751521669	31.3680021248
12.15	2519.93789508	-275.283776501	34.8528428556
12.2	2264.39221691	-271.77487721	31.3184329874
12.25	2576.10383849	-276.076956069	35.6296646984
12.3	2452.45225212	-274.207401709	33.9194601267
12.35	2411.2274268	-273.650912428	33.3492864087
12.4	2351.70748664	-272.855746054	32.5260759934
12.45	2289.24899518	-271.89622605	31.6622229627
12.5	2335.14689363	-272.669900324	32.2970291796
12.55	2494.10982672	-274.934925002	34.4956191281
12.6	2770.14819444	-278.771846669	38.3134599849
12.65	2541.3441844	-275.565341643	35.1489096909
12.7	2463.82931669	-274.447759248	34.0768144188
12.75	2511.33114272	-275.165973787	34.7338042919
12.8	2415.53056008	-273.809780874	33.4088023311
12.85	2427.32992107	-273.963520799	33.5719973348
12.9	2574.06763569	-275.989984406	35.6015023154
12.95	2339.38033241	-272.678002015	32.355581169
13.0	2503.28238623	-274.983866094	34.6224832765
13.05	2289.01085983	-271.934751231	31.6589293522
13.1	2347.6323707	-272.792986359	32.4697137411
13.15	2321.55543783	-272.433062914	32.1090480099
13.2	2610.62429641	-276.511020765	36.1071114234
13.25	2335.23688647	-272.599195911	32.2982738557
13.3	2641.33396252	-276.967093141	36.5318517193
13.35	2592.08740081	-276.29286772	35.8507306964
13.4	2432.67762316	-274.012738837	33.6459605151
13.45	2436.21230662	-274.062322498	33.6948481354
13.5	2522.83754679	-275.185037703	34.8929474572
13.55	2298.55611834	-272.021136458	31.7909482387
13.6	2425.6736959	-273.848047973	33.5490903593
13.65	2598.03986228	-276.268396263	35.9330582033
13.7	2653.28311902	-277.124491255	36.6971185198
13.75	2361.75694093	-273.043786264	32.665068328
13.8	2498.01080159	-274.950464671	34.5495728642
13.85	2381.3715634	-273.328813601	32.9363549164
13.9	2346.05339698	-272.755586436	32.4478752177
13.95	2500.90554251	-274.95975754	34.5896095454
14.0	2573.54654275	-275.967972554	35.5942951654
14.05	2468.61375074	-274.509037286	34.1429871322
14.1	2451.57743608	-274.247518652	33.9073606912
14.15	2368.42286328	-273.048952446	32.7572635939
14.2	2519.21665219	-275.192713055	34.8428674649
14.25	2375.2353283	-273.154050479	32.851485667
14.3	2450.42011073	-274.233577399	33.8913539164
14.35	2140.51244519	-269.828710185	29.6050724218
14.4	2239.56104067	-271.368166712	30.9749971094
14.45	2406.58464883	-273.698076402	33.2850729171
14.5	2508.64714768	-275.191074947	34.6966824019
14.55	2468.93484119	-274.534333154	34.1474280808
14.6	2465.44388771	-274.435342163	34.0991452827
14.65	2491.50049446	-274.878737475	34.4595298866
14.7	2162.26427189	-270.284888883	29.9059183273
14.75	2543.58318828	-275.597264847	35.1798769819
14.8	2635.4554225	-276.856009551	36.4505466078
14.85	2287.26216582	-271.926229943	31.6347434556
14.9	2561.95837476	-275.841135199	35.4340211368
14.95	2374.89377568	-273.116932159	32.8467617095
15.0	2330.33704772	-272.591396915	32.230504999
15.05	2591.49161402	-276.200316424	35.8424904682
15.1	2162.16303689	-270.182232356	29.9045181629
15.15	2622.06840259	-276.614642256	36.2653929568
15.2	2533.51609382	-275.38923178	35.040640669
15.25	2429.43674154	-274.003564609	33.6011364192
15.3	2514.70379423	-275.115043552	34.7804508753
15.35	2302.8165331	-272.142042081	31.8498733282
15.4	2367.46802826	-273.135201621	32.7440574292
15.45	2354.73091646	-273.011115205	32.5678925496
15.5	2650.33190532	-277.158333937	36.6563007729
15.55	2483.86194322	-274.762402148	34.353882352
15.6	2292.87382676	-272.122704882	31.7123574068
15.65	2560.78722585	-275.767249077	35.4178231706
15.7	2496.56898311	-274.874468044	34.5296313121
15.75	2408.82233431	-273.667386815	33.3160219736
15.8	2420.23882815	-273.831651714	33.4739216054
15.85	2660.51272535	-277.186229174	36.7971100053
15.9	2411.31238785	-273.749463015	33.3504614909
15.95	2467.87168711	-274.473221368	34.1327237733
16.0	2468.3529972	-274.482931491	34.1393806932
16.05	2568.21877871	-275.908689516	35.520607745
16.1	2363.17110617	-272.970667866	32.6846274128
16.15	2494.22381436	-274.876125626	34.4971956722
16.2	2745.39985845	-278.435641256	37.9711698566
16.25	2601.00423707	-276.334299991	35.9740579791
16.3	2687.95581018	-277.573133339	37.1766707576
16.35	2300.94473477	-272.215558716	31.8239847962
16.4	2472.79891881	-274.497320462	34.2008714973
16.45	2575.43458965	-276.0168482	35.6204084288
16.5	2628.03887771	-276.718316199	36.3479696075
16.55	2395.05759578	-273.469934314	33.1256441591
16.6	2408.84388705	-273.675997047	33.3163200661
16.65	2388.00904556	-273.472070799	33.0281568308
16.7	2507.8434329	-275.110521933	34.6855663562
16.75	2276.65269417	-271.790676741	31.4880056138
16.8	2738.30352464	-278.345074027	37.8730216413
16.85	2379.60281684	-273.380998437	32.9118916764
16.9	2559.96782358	-275.831526707	35.4064901538
16.95	2176.16070754	-270.330189113	30.0981176228
17.0	2539.4380772	-275.525458225	35.1225466385
17.05	2584.94723363	-276.081165089	35.7519762291
17.1	2528.82505898	-275.223476984	34.9757597447
17.15	2377.58706287	-273.145239982	32.8840121177
17.2	2579.96024153	-276.042617851	35.6830019688
17.25	2416.30326629	-273.884681286	33.4194895024
17.3	2411.79091945	-273.800492688	33.357079982
17.35	2590.2265134	-276.299537282	35.8249930715
17.4	2304.09382841	-272.140246967	31.8675393876
17.45	2367.21328277	-273.140795808	32.7405340866
17.5	2316.1519254	-272.333945477	32.0343129262
17.55	2404.9029643	-273.609752234	33.2618138174
17.6	2464.03036568	-274.587383209	34.079595094
17.65	2425.45451567	-273.993374927	33.546058914
17.7	2180.07818341	-270.47519085	30.1522995814
17.75	2444.3988713	-274.117189279	33.808075153
17.8	2661.33223407	-277.244040972	36.8084444944
17.85	2458.54834215	-274.530048464	34.0037741363
17.9	2346.20432037	-272.839067093	32.449962614
17.95	2312.64905133	-272.31447321	31.9858652562
18.0	2698.01722597	-277.73837043	37.3158285298
18.05	2105.43165084	-269.426390335	29.1198757768
18.1	2473.12109895	-274.639885513	34.2053275173
18.15	2445.60790192	-274.281816093	33.8247970549
18.2	2705.33194822	-277.874936167	37.4169972393
18.25	2349.928633	-272.927005745	32.5014729639
18.3	2615.72655488	-276.635871273	36.1776799136
18.35	2420.60188514	-273.860069112	33.4789429864
18.4	2626.8873683	-276.791791999	36.3320432719
18.45	2601.97376364	-276.477032449	35.9874673402
18.5	2308.20556786	-272.17340712	31.9244081737
18.55	2256.64656255	-271.445529774	31.2113041272
18.6	2352.55733328	-272.862522173	32.5378300813
18.65	2371.23676865	-273.098123546	32.7961822521
18.7	2332.60261553	-272.558414863	32.2618396915
18.75	2508.61851643	-275.047452946	34.6962864079
18.8	2492.96999707	-274.873963839	34.4798543334
18.85	2544.32208848	-275.662858629	35.1900965881
18.9	2195.09814732	-270.665761203	30.3600382098
18.95	2450.02795698	-274.249247158	33.8859301029
19.0	2473.039421	-274.528030719	34.204197843
19.05	2324.15882712	-272.404498638	32.1450550552
19.1	2266.32750549	-271.678289856	31.3451996425
19.15	2574.93865772	-276.026918291	35.6135492765
19.2	2513.97952019	-275.13700975	34.7704335612
19.25	2260.46821205	-271.634598727	31.2641607273
19.3	2722.87886743	-278.090564357	37.659685767
19.35	2450.28593352	-274.265916151	33.8894981336
19.4	2463.66710309	-274.570607926	34.0745708694
19.45	2200.53943999	-270.800793393	30.4352958258
19.5	2307.24790978	-272.23860727	31.9111629637
19.55	2477.27129186	-274.585094481	34.2627281467
19.6	2380.18848799	-273.250625176	32.9199919968
19.65	2580.34086477	-276.167608105	35.6882663057
19.7	2585.3264111	-276.217126428	35.7572205697
19.75	2503.64956239	-274.995336687	34.6275616291
19.8	2497.98778228	-274.857144393	34.5492544879
19.85	2314.66125653	-272.260987241	32.0136957324
19.9	2635.03376139	-276.877856763	36.4447146828
19.95	2588.18781641	-276.25215202	35.7967961917
20.0	2759.46622649	-278.529979905	38.1657194587
20.05	2523.76258607	-275.24986863	34.905741522
20.1	2300.96420384	-272.167284821	31.8242540696
20.15	2580.87948479	-276.093536188	35.6957158698
20.2	2448.94274227	-274.312421343	33.8709206783
20.25	2465.51081972	-274.512906018	34.1000710081
20.3	2551.776741	-275.705982394	35.29320065
20.35	2471.41147619	-274.527203326	34.1816820086
20.4	2545.67351765	-275.689683554	35.2087879806
20.45	2215.05467446	-270.963418333	30.636053625
20.5	2647.52771025	-276.991693067	36.6175164162
20.55	2542.74089159	-275.492525189	35.1682273163
20.6	2599.91207514	-276.307416273	35.9589524686
20.65	2633.36770558	-276.820996775	36.4216717415
20.7	2063.65540031	-268.886146289	28.5420753882
20.75	2240.39527194	-271.301427321	30.9865352237
20.8	2460.59486383	-274.398690836	34.0320792381
20.85	2417.33881681	-273.893636873	33.4338120298
20.9	2440.66600948	-274.201762757	33.7564465606
20.95	2336.58924312	-272.667740895	32.3169780761
21.0	2380.09005387	-273.287211396	32.9186305708
21.05	2585.69875744	-276.214902574	35.7623704302
21.1	2442.24867332	-274.124940681	33.7783361216
21.15	2322.49505197	-272.433642817	32.1220436571
21.2	2391.19032016	-273.410369678	33.0721565119
21.25	2474.15033219	-274.657036914	34.2195626714
21.3	2358.36826726	-272.969713516	32.6182001448
21.35	2331.91145555	-272.576311813	32.2522803725
21.4	2405.19312148	-273.566535141	33.2658269333
21.45	2573.9234965	-276.102374749	35.5995087502
21.5	2551.86733704	-275.696355071	35.2944536688
21.55	2433.88145924	-274.000001367	33.6626105721
21.6	2344.82270252	-272.642781476	32.4308536867
21.65	2515.5758079	-275.069021053	34.7925115516
21.7	2404.34993229	-273.553070442	33.2541649234
21.75	2457.96908131	-274.332384036	33.9957624757
21.8	2415.42689648	-273.698061182	33.407368577
21.85	2350.93149116	-272.796917506	32.5153433287
21.9	2279.95774876	-271.875321098	31.5337172754
21.95	2514.76487863	-275.28863848	34.7812957234
22.0	2413.93856958	-273.786509096	33.3867837746
22.05	2417.84018015	-273.856614937	33.4407463029
22.1	2132.58685656	-269.776353919	29.4954549208
22.15	2160.66971642	-270.140717797	29.8838642953
22.2	2605.12368601	-276.494321431	36.0310333938
22.25	2544.0215532	-275.711682356	35.1859399344
22.3	2710.83603644	-277.956742249	37.4931233701
22.35	2350.81926277	-272.852829806	32.5137911164
22.4	2413.11982616	-273.671332265	33.3754598702
22.45	2514.17447371	-275.101530479	34.773129931
22.5	2445.95963098	-274.185605093	33.8296617611
22.55	2531.45805605	-275.372585898	35.0121762902
22.6	2351.35848042	-272.825389586	32.5212489463
22.65	2694.2947821	-277.673383741	37.2643440262
22.7	2316.6408831	-272.410536533	32.041075619
22.75	2588.42026862	-276.269292651	35.8000111996
22.8	2575.73369853	-276.076980891	35.6245453541
22.85	2498.35776169	-274.893869825	34.5543716118
22.9	2345.38488471	-272.805150724	32.4386291353
22.95	2283.22321608	-271.883099989	31.5788814119
23.0	2525.30949376	-275.296440087	34.9271365456
23.05	2307.33971465	-272.240486863	31.9124327017
23.1	2499.55456841	-274.947494166	34.5709244469
23.15	2314.29831485	-272.291748411	32.0086759462
23.2	2548.85213831	-275.639184168	35.2527509555
23.25	2333.0384824	-272.686406204	32.2678680938
23.3	2357.49698562	-273.002459714	32.6061495931
23.35	2550.32765704	-275.633352124	35.2731586101
23.4	2517.26984034	-275.214765772	34.8159414332
23.45	2588.68520356	-276.20629327	35.8036754709
23.5	2489.14135098	-274.980414561	34.4269009647
23.55	2436.14656477	-274.17344534	33.6939388708
23.6	2475.05033029	-274.681274948	34.2320103958
23.65	2467.06951438	-274.652437116	34.1216290553
23.7	2245.85120167	-271.455111599	31.0619952823
23.75	2519.54517934	-275.215515983	34.8474112693
23.8	2150.38982621	-270.085338017	29.7416848397
23.85	2610.83702105	-276.562457815	36.1100535826
23.9	2415.65992456	-273.715439192	33.4105915497
23.95	2484.12656796	-274.670888307	34.3575423328
24.0	2081.4584174	-269.081623761	28.7883059633
24.05	2707.12074478	-277.917375976	37.4417377876
24.1	2329.60556383	-272.538093942	32.2203879668
24.15	2407.21925845	-273.655175108	33.2938500975
24.2	2453.68924608	-274.311272779	33.9365687849
24.25	2298.37679018	-272.153733157	31.7884679806
24.3	2570.92054535	-275.935888252	35.5579754311
24.35	2262.50641296	-271.581503213	31.2923507458
24.4	2471.64837504	-274.566088221	34.1849585172
24.45	2283.11425785	-271.87839468	31.5773744287
24.5	2296.76936607	-272.107379714	31.7662359646
24.55	2300.66373707	-272.156767116	31.8200983635
24.6	2307.37955351	-272.207094064	31.9129837063
24.65	2250.09725098	-271.485353063	31.1207216857
24.7	2676.57689759	-277.482387804	37.0192909057
24.75	2433.83999729	-274.03078399	33.6620371187
24.8	2450.79634555	-274.299602265	33.8965575577
24.85	2513.45826437	-275.103861704	34.7632241585
24.9	2455.72604366	-274.281365409	33.9647393942
24.95	2437.06424898	-274.037855533	33.7066312088
25.0	2699.0940172	-277.76525687	37.3307214505
25.05	2473.89445985	-274.655088957	34.2160237436
25.1	2345.16593182	-272.995526691	32.4356008342
25.15	2549.16162489	-275.690281004	35.257031413
25.2	2554.37501211	-275.814832799	35.3291369065
25.25	2383.5348533	-273.335686557	32.9662750201
25.3	2683.34799264	-277.563302212	37.1129407978
25.35	2635.3767761	-276.90646677	36.4494588624
25.4	2255.67649528	-271.382657008	31.1978872877
25.45	2401.12420117	-273.597343003	33.2095503717
25.5	2373.87276384	-273.311725145	32.8326402642
25.55	2583.46642616	-276.23904466	35.7314954267
25.6	2652.50916321	-277.169478267	36.6864140655
25.65	2367.93444059	-273.087419316	32.7505083007
25.7	2420.97312337	-273.93035513	33.4840775207
25.75	2559.20696189	-275.822170247	35.3959668021
25.8	2576.69949628	-276.065787036	35.6379031424
25.85	2291.39880513	-272.082277104	31.6919566274
25.9	2654.93703514	-277.130048023	36.7199935593
25.95	2418.74757959	-273.696299344	33.453296394
26.0	2378.17818438	-273.127428513	32.8921878212
26.05	2439.34584142	-274.081541131	33.7381875353
26.1	2394.77752147	-273.621911651	33.121770498
26.15	2417.78489429	-273.802063307	33.4399816535
26.2	2499.51621293	-275.066773789	34.5703939586
26.25	2566.02112495	-275.904260134	35.4902123606
26.3	2278.8720273	-271.808113506	31.5187008419
26.35	2538.10176383	-275.514104803	35.1040643101
26.4	2624.20027727	-276.852477989	36.2948785618
26.45	2345.67309641	-272.88537992	32.4426153435
26.5	2389.46956541	-273.495934108	33.0483570385
26.55	2494.57565237	-274.856015807	34.5020618854
26.6	2328.5345263	-272.459336782	32.2055746244
26.65	2584.93293125	-276.089080522	35.7517784153
26.7	2727.5673611	-278.162917264	37.724531545
26.75	2468.54242047	-274.507685251	34.1420005751
26.8	2553.76594395	-275.694983984	35.3207129858
26.85	2416.45743748	-273.790928672	33.4216218185
26.9	2561.959994	-275.849074466	35.4340435324
26.95	2485.94043485	-274.760779906	34.3826296248
27.0	2592.08421375	-276.22673951	35.8506866167
27.05	2749.60994142	-278.467965585	38.0293988156
27.1	2132.99153953	-269.771728906	29.5010520237
27.15	2612.20837172	-276.605174281	36.1290205061
27.2	2286.41464941	-271.915570409	31.6230215967
27.25	2315.440262	-272.356117549	32.0244700278
27.3	2525.11009384	-275.382954526	34.9243786783
27.35	2390.27791367	-273.49657241	33.059537169
27.4	2226.22408466	-271.134234986	30.7905358839
27.45	2283.31435587	-271.848884204	31.5801419513
27.5	2362.7122115	-273.058480645	32.6782805167
27.55	2237.37407717	-271.295343504	30.9447495801
27.6	2449.12647811	-274.308661599	33.8734618983
27.65	2378.80588979	-273.24672011	32.9008695106
27.7	2472.33424292	-274.576417107	34.1944446421
27.75	2504.00393446	-275.067973013	34.6324628904
27.8	2413.57705534	-273.757906173	33.3817837311
27.85	2430.35837222	-274.03827141	33.6138833402
27.9	2284.52919845	-271.988570582	31.5969442374
27.95	2453.45118219	-274.263597275	33.9332761627
28.0	2367.50079115	-273.138553409	32.7445105673
28.05	2518.56357821	-275.301657605	34.833834907
28.1	2583.37705179	-276.118542951	35.7302593046
28.15	2423.29960743	-273.813697788	33.5162547357
28.2	2275.65908937	-271.917971516	31.4742632307
28.25	2449.01206316	-274.341930364	33.871879444
28.3	2786.66924084	-279.125624992	38.541959836
28.35	2453.055331	-274.353832513	33.9278012107
28.4	2489.84085363	-274.934943031	34.4365756697
28.45	2488.43407777	-274.79343272	34.4171187863
28.5	2504.26035806	-275.036813465	34.6360094426
28.55	2433.82643617	-274.056918808	33.6618495571
28.6	2743.81526926	-278.368608729	37.9492536665
28.65	2300.77308867	-272.068590634	31.8216107874
28.7	2533.7019853	-275.4503456	35.0432117034
28.75	2515.68962207	-275.144207111	34.7940856965
28.8	2395.19995485	-273.459297227	33.1276131038
28.85	2482.35095719	-274.62525324	34.332984155
28.9	2586.18412822	-276.223528942	35.7690835128
28.95	2330.14642449	-272.582192783	32.2278685208
29.0	2460.1420747	-274.37418859	34.0258167867
29.05	2273.96235054	-271.760209375	31.4507959175
29.1	2441.19303648	-274.187676556	33.7637357836
29.15	2568.28410561	-275.984747853	35.5215112706
29.2	2446.7218884	-274.233162154	33.840204417
29.25	2826.91260752	-279.548854136	39.0985591624
29.3	2337.45500976	-272.67541828	32.3289523508
29.35	2243.47940004	-271.28132958	31.0291912876
29.4	2185.38256042	-270.522632903	30.2256635396
29.45	2540.39155381	-275.465016923	35.1357340153
29.5	2641.06363394	-276.868664354	36.5281128494
29.55	2297.83171113	-272.088085613	31.7809290827
29.6	2295.35914525	-272.060012596	31.7467314344
29.65	2647.29755069	-277.046329703	36.6143331176
29.7	2317.43913771	-272.352183881	32.052116146
29.75	2425.44941432	-273.983725974	33.5459883581
29.8	2465.8917315	-274.612561872	34.1053393357
29.85	2304.26070839	-272.246708635	31.8698474771
29.9	2382.33438266	-273.339855131	32.94967151
29.95	2251.22401526	-271.527610314	31.1363057754
30.0	2321.21756929	-272.513359856	32.1043750062
30.05	2497.42825348	-275.032912546	34.5415157379
30.1	2216.59108227	-271.048474217	30.6573034265
30.15	2697.08637175	-277.813574827	37.3029540394
30.2	2440.20874413	-274.165024708	33.7501221994
30.25	2458.57791258	-274.36552007	34.00418312
30.3	2373.91353793	-273.158526811	32.8332042038
30.35	2387.23794792	-273.393500757	33.0174919072
30.4	2119.86648282	-269.663995834	29.3195215424
30.45	2295.92379214	-272.042229562	31.7545409718
30.5	2196.29718491	-270.704225288	30.3766218997
30.55	2576.34214945	-276.027852905	35.6329607377
30.6	2315.26057623	-272.335244383	32.0219848238
30.65	2406.85589985	-273.795193299	33.288824545
30.7	2453.37445442	-274.412577915	33.9322149537
30.75	2351.86925346	-272.796760162	32.5283133635
30.8	2655.62018526	-277.150010377	36.7294420953
30.85	2504.99316887	-275.050994363	34.6461448274
30.9	2528.64649849	-275.429031378	34.9732901041
30.95	2209.33621321	-270.86363929	30.5569625365
31.0	2663.4436648	-277.299162022	36.8376473425
31.05	2434.46468722	-274.053430563	33.6706771016
31.1	2502.13148279	-274.989693799	34.606565322
31.15	2421.38602456	-273.961672617	33.4897882886
31.2	2510.1708948	-275.160389801	34.7177570954
31.25	2303.61071918	-272.207468342	31.8608575841
31.3	2343.1231216	-272.793775379	32.407347065
31.35	2319.1745791	-272.470777385	32.0761187479
31.4	2328.81441648	-272.510140217	32.2094457391
31.45	2450.10473784	-274.365069397	33.8869920463
31.5	2357.3961328	-272.987512163	32.6047547145
31.55	2217.52829005	-271.025105028	30.6702657917
31.6	2617.49847957	-276.641596477	36.2021871099
31.65	2514.35917234	-275.128803201	34.775684467
31.7	2329.38049639	-272.581267084	32.2172750964
31.75	2222.74063344	-271.063723344	30.7423568482
31.8	2611.44262528	-276.607224223	36.1184295942
31.85	2181.52622911	-270.510791782	30.1723272612
31.9	2467.94223423	-274.559573591	34.1336994988
31.95	2406.95743229	-273.651378721	33.2902288233
32.0	2452.61979213	-274.277538572	33.9217773448
32.05	2513.60548954	-275.125108459	34.7652604054
32.1	2442.45413291	-274.187149598	33.7811777991
32.15	2373.39514942	-273.196141411	32.8260344584
32.2	2497.87778709	-274.989332718	34.5477331627
32.25	2623.66473096	-276.698262352	36.2874715097
32.3	2483.51874548	-274.740534154	34.3491356411
32.35	2609.57648255	-276.433098384	36.0926192838
32.4	2563.54241245	-275.750069026	35.4559296993
32.45	2454.47029633	-274.320127483	33.9473713613
32.5	2145.08636034	-270.070362568	29.6683334833
32.55	2597.4989986	-276.360209131	35.9255776074
32.6	2378.77326173	-273.259030458	32.9004182373
32.65	2599.73924379	-276.333039027	35.956562067
32.7	2262.69245734	-271.673678443	31.2949238948
32.75	2478.45208702	-274.713815858	34.2790595286
32.8	2558.14604074	-275.84309831	35.3812933778
32.85	2422.92095965	-273.828163267	33.511017721
32.9	2533.04790523	-275.393035773	35.0341652304
32.95	2726.08521503	-278.128419823	37.7040322286
33.0	2406.34227469	-273.702651416	33.2817206805
33.05	2655.33990637	-277.202656315	36.7255656044
33.1	2609.54598682	-276.537506759	36.0921975024
33.15	2606.30730373	-276.496004817	36.047403814
33.2	2273.17051112	-271.800315922	31.4398441178
33.25	2576.70341233	-276.041130038	35.6379573047
33.3	2399.45063793	-273.582477462	33.1864035962
33.35	2508.00829138	-275.112711572	34.6878464864
33.4	2328.19616598	-272.504098109	32.2008948189
33.45	2248.58818113	-271.548030175	31.0998499911
33.5	2533.14163423	-275.514547379	35.0354615806
33.55	2405.26259469	-273.718829612	33.2667878057
33.6	2878.33021938	-280.355524276	39.8097076195
33.65	2195.55977964	-270.636019533	30.3664229699
33.7	2392.15183802	-273.433171414	33.0854551058
33.75	2507.42677283	-275.029669391	34.6798035998
33.8	2630.49491184	-276.900575796	36.3819386079
33.85	2578.56304037	-276.199808035	35.6636775114
33.9	2468.65298875	-274.550273849	34.1435298266
33.95	2305.35528894	-272.269360957	31.884986439
34.0	2352.01687047	-272.884057599	32.5303550298
34.05	2573.07405876	-276.051477525	35.5877603177
34.1	2314.07218328	-272.378687054	32.005548358
34.15	2481.52197731	-274.745611958	34.3215186717
34.2	2615.4405563	-276.732219065	36.1737243147
34.25	2535.96658972	-275.500761027	35.0745330713
34.3	2391.79037738	-273.502108962	33.0804558037
34.35	2497.88136554	-274.900112981	34.5477826556
34.4	2609.17858199	-276.459714543	36.0871159871
34.45	2360.9407203	-273.017302858	32.653779316
34.5	2821.71750106	-279.587372493	39.0267065071
34.55	2431.00144242	-273.958071853	33.6227775373
34.6	2395.30916383	-273.521391359	33.1291235551
34.65	2691.37889031	-277.693094265	37.2240148108
34.7	2211.03491256	-270.870619446	30.5804569653
34.75	2448.54627942	-274.176594911	33.8654372665
34.8	2697.5778598	-277.825518918	37.3097517292
34.85	2419.33413976	-273.874633747	33.4614090104
34.9	2635.46233081	-276.917902813	36.4506421554
34.95	2250.55007773	-271.467913807	31.1269846573
35.0	2357.03082896	-272.866927743	32.5997022577
35.05	2383.72754307	-273.383994377	32.9689400803
35.1	2593.10024907	-276.278484369	35.8647392327
35.15	2419.41775738	-273.757849844	33.4625655119
35.2	2264.00659623	-271.594443465	31.3130995317
35.25	2373.96546308	-273.307543274	32.8339223719
35.3	2451.8855936	-274.339444822	33.9116227667
35.35	2415.74687822	-273.71750255	33.4117941914
35.4	2457.00588589	-274.283016448	33.9824406797
35.45	2582.48025524	-276.179453591	35.7178558603
35.5	2373.43694217	-273.191891697	32.826612487
35.55	2601.52816315	-276.346123492	35.9813043137
35.6	2697.08456267	-277.781495882	37.3029290184
35.65	2565.749143	-275.928648026	35.4864506234
35.7	2164.03751348	-270.168062295	29.9304437375
35.75	2614.26065415	-276.686064907	36.1574052838
35.8	2369.01902158	-273.175267428	32.7655089605
35.85	2607.50625667	-276.424892574	36.0639863331
35.9	2621.23131073	-276.693331331	36.2538152782
35.95	2497.49933428	-274.924591977	34.5424988447
36.0	2257.58840649	-271.434511219	31.2243306144
36.05	2642.67843407	-276.975233698	36.5504468822
36.1	2621.127561	-276.681525641	36.252380333
36.15	2374.92782826	-273.147811358	32.847232685
36.2	2366.01085117	-273.027795304	32.7239034547
36.25	2553.82926917	-275.756613534	35.3215888264
36.3	2357.55160741	-273.03942899	32.606905058
36.35	2660.28175975	-277.316026255	36.7939155584
36.4	2202.14980015	-270.77116063	30.4575684499
36.45	2694.95728139	-277.705620175	37.273506944
36.5	2589.23414804	-276.252080845	35.8112678309
36.55	2662.5795188	-277.383728362	36.8256954825
36.6	2448.71485398	-274.222587662	33.8677687932
36.65	2411.75108171	-273.689763627	33.3565289929
36.7	2519.0992807	-275.180952275	34.8412441192
36.75	2621.73892106	-276.652969236	36.2608359525
36.8	2486.79357833	-274.858384833	34.3944293107
36.85	2488.38807648	-274.958836893	34.4164825501
36.9	2611.86356591	-276.56887663	36.1242515542
36.95	2537.11519182	-275.500143617	35.0904191962
37.0	2278.00019353	-271.89153656	31.5066426538
37.05	2249.1170309	-271.438146245	31.1071644245
37.1	2481.0886115	-274.688806898	34.3155248611
37.15	2701.25818615	-277.754010358	37.3606537121
37.2	2692.32871256	-277.603513822	37.2371516447
37.25	2491.69951314	-274.877962302	34.4622824809
37.3	2659.44034034	-277.138141506	36.7822780262
37.35	2414.39474935	-273.77955051	33.3930931214
37.4	2867.48480946	-280.129845603	39.6597065546
37.45	2433.50131045	-273.907870788	33.6573527973
37.5	2340.47830564	-272.648619801	32.3707670544
37.55	2449.57070357	-274.194853303	33.8796059069
37.6	2277.74114415	-271.765943803	31.5030597848
37.65	2609.06075911	-276.499102228	36.0854863985
37.7	2359.69409315	-272.981626435	32.6365374228
37.75	2519.60093866	-275.275663307	34.8481824672
37.8	2311.65017802	-272.326707651	31.9720500052
37.85	2511.3951944	-275.123321766	34.7346901801
37.9	2277.32628484	-271.868404032	31.4973219345
37.95	2448.49035578	-274.287036789	33.8646637959
38.0	2510.16750591	-275.206249128	34.7177102243
38.05	2201.95469133	-270.808362059	30.4548699322
38.1	2363.51010705	-272.996550568	32.6893160777
38.15	2226.4743273	-271.053088899	30.7939969485
38.2	2474.12453264	-274.631784864	34.2192058421
38.25	2210.56590035	-270.884811588	30.5739701352
38.3	2252.91340133	-271.489746438	31.1596713939
38.35	2514.48224533	-275.201092086	34.7773866693
38.4	2417.46345641	-273.823958685	33.4355358995
38.45	2525.32778912	-275.297562603	34.9273895856
38.5	2173.50733498	-270.333611614	30.0614192673
38.55	2440.92918836	-274.167234793	33.760086544
38.6	2485.12993677	-274.792670134	34.3714197603
38.65	2555.42392736	-275.776563044	35.3436442793
38.7	2385.16996823	-273.372137556	32.9888900234
38.75	2536.2713424	-275.444596542	35.078748055
38.8	2556.68993364	-275.79810859	35.361154202
38.85	2637.36881551	-276.917605305	36.4770104289
38.9	2133.11674577	-269.725017079	29.5027837305
38.95	2510.22615788	-275.112234881	34.71852143
39.0	2133.20057234	-269.749551004	29.5039431219
39.05	2683.10677119	-277.636240947	37.109604504
39.1	2396.31144224	-273.55258189	33.1429859015
39.15	2085.22396608	-269.009145481	28.8403866422
39.2	2567.38269233	-275.951664874	35.5090439731
39.25	2571.84892641	-276.011551671	35.5708157155
39.3	2499.07975117	-274.964816889	34.5643573285
39.35	2384.25819496	-273.312811868	32.9762794386
39.4	2605.13688439	-276.436618922	36.0312159384
39.45	2559.99028034	-275.693364956	35.4068007496
39.5	2582.51302816	-276.098512192	35.7183091371
39.55	2522.11162192	-275.340473234	34.8829073107
39.6	2468.88789035	-274.677917674	34.1467787117
39.65	2390.08156227	-273.441800202	33.0568214654
39.7	2506.63352678	-275.116466162	34.6688323453
39.75	2340.26719924	-272.702234848	32.3678472768
39.8	2408.80864213	-273.585461582	33.3158325993
39.85	2217.64059185	-270.905919689	30.6718190193
39.9	2271.29419134	-271.718110924	31.4138930503
39.95	2302.28152898	-272.088587517	31.842473775
40.0	2510.59573108	-275.027850479	34.7236329356
40.05	2511.74736258	-275.133552934	34.7395609597
40.1	2532.19358117	-275.403746051	35.0223492161
40.15	2460.10273465	-274.421114085	34.025272681
40.2	2323.68953297	-272.502166598	32.1385643256
40.25	2359.92589089	-273.009683906	32.6397433788
40.3	2782.85883955	-278.89280441	38.4892588081
40.35	2739.76483776	-278.206638685	37.8932328205
40.4	2734.29476824	-278.130863969	37.8175771968
40.45	2598.89721217	-276.278957154	35.9449160673
40.5	2436.84029328	-274.072974566	33.7035337147
40.55	2450.792332	-274.275106989	33.896502047
40.6	2489.36974806	-274.851096768	34.4300598867
40.65	2287.01574492	-272.018113025	31.631335249
40.7	2429.99163538	-273.991679788	33.6088110637
40.75	2369.7631431	-273.135853403	32.7758007817
40.8	2455.76111723	-274.431264461	33.9652244909
40.85	2547.37985037	-275.608593592	35.2323879853
40.9	2520.69799097	-275.238766229	34.8633556156
40.95	2231.76885971	-271.188093873	30.8672247476
41.0	2448.20897535	-274.263298885	33.8607720698
41.05	2370.35808901	-273.112798123	32.7840293799
41.1	2495.21729101	-274.905025252	34.510936283
41.15	2497.65844575	-274.997613885	34.5446994891
41.2	2502.64434925	-274.998135315	34.6136586929
41.25	2528.41832892	-275.38203367	34.9701343286
41.3	2394.78810981	-273.43201453	33.1219169434
41.35	2484.53453911	-274.702713941	34.3631849141
41.4	2553.53979975	-275.721178005	35.317585223
41.45	2561.14338031	-275.752564591	35.4227490839
41.5	2489.74780007	-274.807922543	34.4352886614
41.55	2222.085139	-271.054258129	30.7332908135
41.6	2434.22828246	-274.097006691	33.6674074264
41.65	2724.23121347	-278.244990327	37.6783898408
41.7	2286.26445692	-272.079565489	31.6209443093
41.75	2445.88487279	-274.27760821	33.828627793
41.8	2097.7503923	-269.258566656	29.0136375645
41.85	2454.57743354	-274.311322029	33.9488531582
41.9	2402.18733302	-273.58517235	33.2242543719
41.95	2355.21948591	-273.036543937	32.5746498725
42.0	2511.60168349	-275.10111261	34.7375460964
42.05	2453.59619094	-274.269720079	33.9352817547
42.1	2341.66993142	-272.782636312	32.3872482329
42.15	2602.1516834	-276.404795733	35.9899281189
42.2	2331.60111847	-272.652633188	32.2479881518
42.25	2443.31792725	-274.181889752	33.7931247952
42.3	2357.91955211	-273.059578789	32.6119940401
42.35	2489.92665977	-274.96596677	34.4377624402
42.4	2553.97531827	-275.679698053	35.3236088073
42.45	2568.50770721	-275.924031222	35.5246038671
42.5	2730.61366265	-278.197614105	37.7666644362
42.55	2439.37515733	-274.137970226	33.7385929987
42.6	2432.79308263	-274.120685489	33.6475574159
42.65	2547.76992408	-275.64978686	35.23778303
42.7	2406.5744367	-273.646090072	33.2849316749
42.75	2305.35612903	-272.303227001	31.8849980581
42.8	2344.67682123	-272.818496446	32.4288360269
42.85	2499.56855972	-275.089748823	34.5711179584
42.9	2224.98437754	-271.094403298	30.7733897006
42.95	2365.55469667	-273.174249251	32.7175944575
43.0	2292.31962455	-272.09347629	31.704692328
43.05	2351.92698517	-272.782049302	32.5291118412
43.1	2289.69632322	-271.977667705	31.6684098826
43.15	2105.44710443	-269.434173068	29.1200895128
43.2	2447.53456181	-274.187931006	33.8514443681
43.25	2442.36238314	-274.091646859	33.7799088231
43.3	2458.22309008	-274.371897312	33.9992756288
43.35	2272.82573805	-271.798044565	31.4350756188
43.4	2504.150246	-275.12583675	34.6344865011
43.45	2262.56508176	-271.770870647	31.2931621842
43.5	2144.56243135	-269.986042908	29.6610871084
43.55	2484.29278775	-274.682120414	34.3598412912
43.6	2497.95121673	-275.026734567	34.5487487559
43.65	2261.82088997	-271.572926894	31.2828693911
43.7	2486.48857787	-274.758732009	34.3902109
43.75	2422.15444974	-273.89305302	33.5004162498
43.8	2379.63166839	-273.307317587	32.9122907174
43.85	2469.13988927	-274.586557482	34.1502640669
43.9	2576.76188598	-276.135894873	35.638766044
43.95	2277.84758762	-271.867164719	31.5045319867
44.0	2669.2468841	-277.334416154	36.9179107056
44.05	2261.51739642	-271.538614047	31.2786718222
44.1	2441.55812601	-274.207621331	33.7687852763
44.15	2370.52250042	-273.124056236	32.7863033267
44.2	2529.1081083	-275.442835057	34.9796745528
44.25	2241.6580347	-271.404364212	31.0040002858
44.3	2295.13360958	-272.122837672	31.7436120879
44.35	2380.52057837	-273.418098889	32.9245850837
44.4	2284.99201294	-271.926085329	31.6033453477
44.45	2547.54695712	-275.581188667	35.234699211
44.5	2580.98842765	-276.104534843	35.6972226405
44.55	2545.13988034	-275.473585009	35.2014073316
44.6	2750.86984678	-278.463921033	38.0468243574
44.65	2447.6541058	-274.28842744	33.8530977611
44.7	2258.55718914	-271.596652391	31.2377296866
44.75	2263.77943357	-271.621078628	31.3099576826
44.8	2583.90107103	-276.080565943	35.7375069278
44.85	2574.81952968	-276.013565286	35.6119016364
44.9	2536.37567569	-275.492267012	35.0801910713
44.95	2344.19787239	-272.729267527	32.4222117649
45.0	2262.81188653	-271.655275857	31.2965757
45.05	2422.64966741	-273.890109904	33.5072655232
45.1	2009.43795563	-268.113107765	27.792202908
45.15	2848.19744397	-279.939755958	39.3929462032
45.2	2308.76951317	-272.258383028	31.9322080078
45.25	2534.87550989	-275.48209485	35.0594425272
45.3	2447.06909742	-274.240869411	33.8450066073
45.35	2162.10175503	-270.165355629	29.9036705837
45.4	2702.49265535	-277.867574331	37.3777274508
45.45	2435.25610174	-274.159834584	33.6816230244
45.5	2298.29069911	-272.193549163	31.7872772694
45.55	2628.79921099	-276.815212331	36.358485651
45.6	2452.70361945	-274.183030727	33.9229367466
45.65	2551.21381232	-275.572672589	35.2854148769
45.7	2541.02321438	-275.647170371	35.1444704077
45.75	2445.12721225	-274.198548347	33.8181487159
45.8	2467.65159836	-274.610142684	34.1296797622
45.85	2354.63868097	-273.037030643	32.5666168558
45.9	2392.3499008	-273.402500745	33.0881944793
45.95	2404.94338314	-273.57831646	33.2623728437
46.0	2648.21393031	-277.1378107	36.627007412
46.05	2371.38461786	-273.182311361	32.7982271301
46.1	2383.69864801	-273.291986852	32.9685404376
46.15	2265.00717508	-271.678997119	31.3269383718
46.2	2276.24837028	-271.778832745	31.4824134772
46.25	2497.62240309	-274.926298582	34.544200989
46.3	2240.38931828	-271.355099257	30.9864528795
46.35	2799.11335044	-279.221295399	38.7140722508
46.4	2628.33990434	-276.695760612	36.3521330569
46.45	2341.20481772	-272.717314235	32.3808153224
46.5	2378.14011152	-273.233391351	32.8916612417
46.55	2337.92085732	-272.665886196	32.3353954111
46.6	2588.0460114	-276.248712359	35.7948349101
46.65	2338.69452358	-272.747760073	32.3460958608
46.7	2475.40392538	-274.679932528	34.2369009108
46.75	2323.68757416	-272.449644002	32.1385372337
46.8	2390.57856285	-273.489413669	33.063695398
46.85	2798.21755729	-279.169786313	38.7016826845
46.9	2693.28864924	-277.65970618	37.2504283696
46.95	2447.83783296	-274.19732097	33.8556388611
47.0	2287.08739941	-272.058928194	31.6323262904
47.05	2408.34577491	-273.766519619	33.3094307596
47.1	2458.17419979	-274.39373567	33.9985994354
47.15	2280.35732269	-271.848324862	31.5392437161
47.2	2306.75706482	-272.292448615	31.9043741685
47.25	2524.68581407	-275.369050763	34.9185105352
47.3	2538.06779595	-275.535948216	35.103594506
47.35	2254.00145479	-271.492119093	31.1747200808
47.4	2121.5877281	-269.593781376	29.3433278003
47.45	2451.1420943	-274.251031232	33.9013395513
47.5	2489.5171246	-274.825592046	34.4320982272
47.55	2490.13667554	-274.7717111	34.4406671335
47.6	2486.30554179	-274.808949775	34.3876793583
47.65	2471.24622228	-274.59897786	34.1793964092
47.7	2561.23478928	-275.845028239	35.4240133463
47.75	2307.47028992	-272.263818182	31.9142386665
47.8	2480.82513633	-274.653459405	34.3118807799
47.85	2485.57389882	-274.820668812	34.3775601258
47.9	2514.93046686	-275.250959614	34.7835859467
47.95	2318.57928714	-272.44450149	32.0678853636
48.0	2364.3214559	-273.150539663	32.700537709
48.05	2407.05538409	-273.658943558	33.2915835783
48.1	2610.76838409	-276.594538615	36.1091042762
48.15	2169.83338153	-270.324060876	30.0106054268
48.2	2612.26149979	-276.554115766	36.1297553117
48.25	2474.3809845	-274.61892839	34.2227527852
48.3	2238.7807297	-271.358777369	30.9642047578
48.35	2422.19217113	-273.908102945	33.500937968
48.4	2230.13443599	-271.185457999	30.8446193043
48.45	2397.14432087	-273.576716531	33.1545053076
48.5	2394.58518149	-273.556148282	33.1191102755
48.55	2488.88128289	-274.819326116	34.4233040061
48.6	2762.08815691	-278.689944896	38.2019829433
48.65	2608.80113839	-276.520869795	36.0818956274
48.7	2371.1301589	-273.220572633	32.7947077504
48.75	2154.54364551	-270.174796824	29.7991356252
48.8	2670.76594135	-277.530453198	36.9389205343
48.85	2602.92199624	-276.417487548	36.0005821879
48.9	2416.31544228	-273.76984268	33.4196579065
48.95	2560.98392853	-275.933604705	35.4205437328
49.0	2691.66860394	-277.747554773	37.2280217919
49.05	2329.78409988	-272.628855538	32.2228572692
49.1	2526.98479651	-275.384706115	34.9503073798
49.15	2466.5844648	-274.640511845	34.1149204151
49.2	2375.65175944	-273.238664093	32.8572452571
49.25	2245.72733174	-271.399963898	31.0602820579
49.3	2615.75533594	-276.636820136	36.1780779797
49.35	2505.4382638	-275.024376489	34.6523008614
49.4	2313.19294363	-272.375653376	31.9933877403
49.45	2546.6729405	-275.637635455	35.2226108322
49.5	2358.95446727	-273.063872472	32.62630778
49.55	2228.42496708	-271.188059936	30.8209759236
49.6	2586.77022614	-276.22335498	35.7771897359
49.65	2684.62886344	-277.552825131	37.1306563093
49.7	2472.1153879	-274.584915093	34.1914176947
49.75	2889.01364223	-280.518431777	39.957468268
49.8	2388.28595485	-273.44184622	33.0319867172
49.85	2399.39646271	-273.638686097	33.1856543077
49.9	2484.81024079	-274.689139924	34.3669980984
49.95	2394.53411769	-273.422731789	33.1184040206
50.0	2586.46225977	-276.164015974	35.7729303042
50.05	2412.47618615	-273.851750315	33.3665577921
50.1	2226.15167782	-271.187099792	30.789534437
50.15	2363.49946908	-273.012831384	32.6891689457
50.2	2774.7007046	-278.84674112	38.3764249974
50.25	2392.45953836	-273.543804327	33.0897108582
50.3	2671.44963363	-277.355800603	36.9483765688
50.35	2478.85986051	-274.664667292	34.2846993761
50.4	2454.32876151	-274.311303715	33.9454138167
50.45	2441.7244865	-274.200878192	33.7710861806
50.5	2470.08271846	-274.606167481	34.1633041809
50.55	2720.23829721	-278.089185796	37.6231644785
50.6	2417.00618986	-273.75389322	33.4292115217
50.65	2562.5359486	-275.754772264	35.4420094649
50.7	2227.00531052	-271.063708762	30.8013408893
50.75	2252.98550846	-271.489224248	31.1606686956
50.8	2571.73343609	-276.015270123	35.5692183881
50.85	2547.60593499	-275.657738164	35.2355149242
50.9	2475.99802509	-274.737602978	34.2451178053
50.95	2386.45234405	-273.394157281	33.0066263505
51.0	2617.92333549	-276.70108924	36.2080632217
51.05	2454.08747852	-274.368980996	33.9420766716
51.1	2452.29879951	-274.291557357	33.917337749
51.15	2440.02064382	-274.100168753	33.7475206152
51.2	2322.83982879	-272.50066573	32.1268122082
51.25	2351.05751757	-272.94087396	32.5170863791
51.3	2337.40320459	-272.674201977	32.3282358421
51.35	2296.63229618	-272.060116478	31.7643401737
51.4	2172.59905551	-270.383770993	30.0488570047
51.45	2562.04871078	-275.912596364	35.4352705593
51.5	2322.55216631	-272.333074403	32.1228335961
51.55	2411.32309208	-273.671459746	33.3506095393
51.6	2563.88818347	-275.867517865	35.460712001
51.65	2288.43651812	-272.069530649	31.6509857273
51.7	2488.1385082	-274.918128673	34.4130308126
51.75	2303.74452937	-272.193437439	31.8627082906
51.8	2573.62920966	-275.997739878	35.5954385177
51.85	2358.73926314	-273.045204868	32.6233313274
51.9	2498.22358048	-274.960532764	34.5525157736
51.95	2416.41461183	-273.891419184	33.4210295042
52.0	2372.44534634	-273.151590122	32.8128978896
52.05	2520.12830826	-275.242733221	34.8554764287
52.1	2616.36242828	-276.623246021	36.186474573
52.15	2302.22174536	-272.206721287	31.8416469176
52.2	2455.23734772	-274.407218716	33.9579803218
52.25	2176.237841	-270.474937292	30.0991844429
52.3	2238.5318307	-271.264870097	30.9607622771
52.35	2306.11950754	-272.252784215	31.8955562196
52.4	2393.98519115	-273.443628414	33.1108119087
52.45	2142.73147372	-270.060504647	29.6357634373
52.5	2425.00098032	-273.905604676	33.5397861419
52.55	2189.52928834	-270.571412309	30.2830162454
52.6	2444.45412633	-274.187032691	33.8088393761
52.65	2383.36832572	-273.414633908	32.9639718048
52.7	2390.74174996	-273.542968426	33.0659524119
52.75	2421.81613109	-273.846566179	33.4957370206
52.8	2451.38332971	-274.40449951	33.9046760382
52.85	2494.57663851	-274.978734788	34.5020755244
52.9	2504.21953113	-275.052150334	34.6354447721
52.95	2430.29888037	-273.983009149	33.6130605183
53.0	2400.11651722	-273.595820323	33.1956132621
53.05	2309.7380007	-272.324937616	31.945602998
53.1	2419.66780413	-273.885604024	33.4660238669
53.15	2212.26377885	-270.849456084	30.5974532109
53.2	2740.79825789	-278.385005954	37.9075258829
53.25	2260.82525982	-271.693474691	31.2690989958
53.3	2415.08918879	-273.752645182	33.402697798
53.35	2453.65035602	-274.370336795	33.9360309029
53.4	2546.66973013	-275.591312899	35.2225664301
53.45	2572.39733745	-275.968609491	35.5784006975
53.5	2189.47998922	-270.580355019	30.2823343975
53.55	2437.7157171	-274.024178877	33.7156415563
53.6	2469.06464446	-274.552169899	34.1492233684
53.65	2310.29526986	-272.36012706	31.9533104953
53.7	2427.20825577	-274.001386344	33.5703146022
53.75	2251.14982118	-271.491789983	31.1352796095
53.8	2608.54112625	-276.472571249	36.0782994426
53.85	2456.74978489	-274.385060959	33.9788985893
53.9	2229.77625675	-271.132691934	30.8396653867
53.95	2474.37007312	-274.755711424	34.2226018717
54.0	2459.92655059	-274.398874412	34.0228359084
54.05	2417.96600678	-273.82003705	33.4424865903
54.1	2366.88014871	-273.080381572	32.7359265647
54.15	2389.78563344	-273.340169423	33.0527285229
54.2	2218.76413921	-271.058632956	30.6873586164
54.25	2443.072675	-274.176456049	33.7897327521
54.3	2625.95961132	-276.658439801	36.3192116191
54.35	2582.60625799	-276.060676789	35.7195985834
54.4	2341.77546203	-272.755833758	32.3887078093
54.45	2420.79852321	-273.894691271	33.4816626549
54.5	2497.79745295	-274.896062819	34.5466220746
54.55	2690.7266999	-277.656890359	37.2149944734
54.6	2716.04955656	-278.071709133	37.5652307017
54.65	2339.81285723	-272.683693333	32.3615633479
54.7	2482.03753048	-274.677261638	34.3286492022
54.75	2682.31317187	-277.548451415	37.0986283635
54.8	2590.44095423	-276.214334029	35.827958967
54.85	2509.24880723	-275.097829404	34.7050038552
54.9	2395.13179277	-273.670241896	33.1266703654
54.95	2288.17009568	-272.009318945	31.6473008827
55.0	2224.74889657	-271.003999144	30.7701328024
55.05	2445.55502187	-274.202147543	33.8240656796
55.1	2604.82433584	-276.5072649	36.0268931312
55.15	2487.00682961	-274.674493178	34.3973787537
55.2	2313.6551273	-272.369151864	31.999780126
55.25	2323.46195881	-272.489138116	32.1354167852
55.3	2328.24865461	-272.65759549	32.2016207806
55.35	2490.2581403	-274.941239002	34.4423470924
55.4	2416.52394573	-273.760528819	33.4225416831
55.45	2570.89297075	-275.946735682	35.5575940513
55.5	2534.35516482	-275.512750676	35.0522457208
55.55	2667.82146243	-277.40424716	36.898195935
55.6	2257.45705664	-271.569990815	31.2225139365
55.65	2691.83781553	-277.690391662	37.2303621293
55.7	2659.18913937	-277.204961997	36.7788037072
55.75	2619.40804599	-276.693184779	36.2285980062
55.8	2400.47558952	-273.608690423	33.2005795315
55.85	2489.26401111	-274.935126911	34.4285974565
55.9	2643.70182655	-277.064254708	36.5646012537
55.95	2493.48042112	-274.743701947	34.4869139237
56.0	2547.5461186	-275.6033457	35.2346876135
56.05	2529.43409837	-275.456400764	34.9841832674
56.1	2481.98206455	-274.858494239	34.3278820621
56.15	2448.87291552	-274.259887753	33.8699549162
56.2	2476.96840492	-274.694935892	34.2585389677
56.25	2406.78097222	-273.759552103	33.2877882334
56.3	2002.11245191	-267.933056693	27.6908850817
56.35	2564.64241571	-275.945252508	35.4711436618
56.4	2318.83856068	-272.411824496	32.0714713329
56.45	2318.85688469	-272.523829572	32.0717247692
56.5	2259.74389985	-271.60829348	31.2541428854
56.55	2556.86367778	-275.807146814	35.3635572284
56.6	2439.48086463	-274.095166933	33.7400550189
56.65	2122.32046213	-269.688392156	29.3534621231
56.7	2438.21878099	-274.046354479	33.7225993495
56.75	2437.89654455	-274.17392442	33.7181425508
56.8	2340.0922309	-272.712060506	32.3654273188
56.85	2383.62308132	-273.295214901	32.9674952872
56.9	2042.44898683	-268.471771487	28.2487730025
56.95	2607.18845063	-276.498501331	36.0595908106
57.0	2389.78543251	-273.485212538	33.0527257439
57.05	2323.48399205	-272.531825607	32.1357215232
57.1	2585.15073143	-276.2815617	35.7547907734
57.15	2457.67439124	-274.361844151	33.9916866663
57.2	2191.62809871	-270.669794193	30.3120445433
57.25	2330.56767964	-272.651228194	32.2336948309
57.3	2524.83665585	-275.353319713	34.9205968029
57.35	2450.19932582	-274.203223298	33.8883002769
57.4	2328.34925676	-272.400943456	32.2030121921
57.45	2683.90528376	-277.497899972	37.1206485988
57.5	2240.22921539	-271.311770581	30.984238523
57.55	2677.83167799	-277.605067661	37.0366455652
57.6	2458.60074452	-274.404994333	34.0044989048
57.65	2408.83591868	-273.731417543	33.3162098568
57.7	2506.12280922	-275.106552145	34.6617686955
57.75	2217.18682875	-271.065819163	30.6655430972
57.8	2413.48119616	-273.812931606	33.3804579188
57.85	2413.40042416	-273.836407117	33.3793407746
57.9	2558.79613913	-275.810268211	35.3902847807
57.95	2314.62408988	-272.262438315	32.0131816866
58.0	2444.70176043	-274.199952608	33.8122643623
58.05	2433.27447944	-274.031198585	33.6542155352
58.1	2276.4741583	-271.812759584	31.4855363137
58.15	2557.27372522	-275.68850379	35.3692285265
58.2	2667.30192357	-277.220724921	36.8910102792
58.25	2553.92050866	-275.720349209	35.3228507447
58.3	2259.84207056	-271.590730263	31.2555006683
58.35	2342.86270108	-272.745874766	32.4037452321
58.4	2587.18956478	-276.235028708	35.7829895391
58.45	2432.27367669	-274.017222611	33.6403735984
58.5	2407.05696482	-273.707425623	33.2916054411
58.55	2511.88607451	-275.182289928	34.7414794614
58.6	2268.63029189	-271.744269784	31.377049099
58.65	2500.82550013	-274.984344376	34.5885024927
58.7	2583.97732442	-276.071373515	35.7385615757
58.75	2493.2689216	-274.792545377	34.4839887089
58.8	2418.85312332	-273.825610589	33.4547561518
58.85	2371.44922371	-273.216900965	32.7991206828
58.9	2556.21252004	-275.743117012	35.3545511737
58.95	2538.31914931	-275.552401321	35.1070709325
59.0	2285.83101961	-271.960770369	31.6149495097
59.05	2417.7625511	-273.874737039	33.4396726285
59.1	2289.89187363	-271.995071742	31.6711145079
59.15	2462.99189855	-274.345837457	34.0652322275
59.2	2466.73478889	-274.460103114	34.1169995226
59.25	2557.5934231	-275.806091655	35.3736502148
59.3	2510.91074365	-275.170374059	34.7279898221
59.35	2350.8143884	-272.940458425	32.5137236999
59.4	2562.64291131	-275.876410236	35.4434888483
59.45	2644.05295809	-277.057587028	36.5694576958
59.5	2552.83265204	-275.836763274	35.3078047804
59.55	2618.16037086	-276.765743341	36.2113416185
59.6	2431.41237894	-274.1246991	33.6284611321
59.65	2663.70637174	-277.336882181	36.8412807986
59.7	2604.47682556	-276.411988474	36.0220867742
59.75	2260.90675294	-271.465088514	31.2702261135
59.8	2418.38222837	-273.769270927	33.448243282
59.85	2510.27743098	-275.135628791	34.7192305797
59.9	2550.46387868	-275.67097809	35.275042669
59.95	2726.18464587	-278.098616659	37.7054074401
60.0	2448.81104667	-274.183655065	33.8690992183
60.05	2449.75997077	-274.267157014	33.8822236301
60.1	2638.55937808	-276.95951795	36.4934769022
60.15	2589.64630381	-276.253555662	35.8169682889
60.2	2353.86616349	-272.888402783	32.5559322947
60.25	2322.50337802	-272.40731219	32.1221588134
60.3	2269.5095555	-271.666148301	31.3892100481
60.35	2326.37170187	-272.496006361	32.1756609586
60.4	2557.41278233	-275.732094246	35.3711518023
60.45	2729.08852349	-278.303716109	37.7455704895
60.5	2283.01698148	-271.867784998	31.5760290154
60.55	2511.75794993	-275.135628465	34.7397073917
60.6	2203.16962325	-270.789996026	30.471673454
60.65	2546.2112474	-275.657429776	35.2162252316
60.7	2208.83895032	-270.83760945	30.5500849759
60.75	2413.92494206	-273.752797261	33.3865952946
60.8	2520.0791108	-275.171994038	34.8547959867
60.85	2448.56260421	-274.237195535	33.8656630519
60.9	2482.21783418	-274.753211572	34.3311429527
60.95	2526.29653778	-275.368197767	34.9407881876
61.0	2392.08276483	-273.416314871	33.084499766
61.05	2315.59288085	-272.297861967	32.0265808737
61.1	2475.06852786	-274.734365166	34.2322620834
61.15	2425.92434557	-273.943754672	33.5525570533
61.2	2357.24445256	-272.981178173	32.6026568503
61.25	2338.23411583	-272.748834426	32.3397280376
61.3	2643.91164906	-276.910412614	36.567503274
61.35	2626.27502591	-276.763854741	36.323574066
61.4	2414.89931184	-273.827466166	33.4000716414
61.45	2497.12219672	-274.884903172	34.5372827177
61.5	2617.44707682	-276.754239699	36.201476167
61.55	2516.79372913	-275.26799106	34.809356418
61.6	2329.37307008	-272.523264221	32.2171723843
61.65	2345.81518011	-272.77947167	32.4445804796
61.7	2644.19363207	-277.142685983	36.5714033342
61.75	2673.78448488	-277.523284468	36.980669509
61.8	2610.05448646	-276.544201565	36.0992304765
61.85	2186.33239346	-270.558383892	30.2388005228
61.9	2486.70993752	-274.822690203	34.3932724885
61.95	2268.63230904	-271.794637693	31.377076998
62.0	2760.9599351	-278.660695943	38.1863786946
