# 	 t 	 T	E	K
2.05	2642.57315788	-271.995186461	36.5489908246
2.1	2833.6003354	-274.80351366	39.1910560169
2.15	2700.92188206	-272.901838358	37.3560023461
2.2	2586.54851479	-271.270205366	35.7741232831
2.25	2711.57187428	-272.920377493	37.5033006211
2.3	2591.68569308	-271.291899014	35.8451747435
2.35	2568.37342062	-270.913749763	35.5227465717
2.4	2736.69935386	-273.340673024	37.8508346215
2.45	2603.98822662	-271.494295564	36.0153290434
2.5	2698.45447422	-272.79283598	37.3218760377
2.55	2937.29504075	-276.14850683	40.6252402789
2.6	2695.51675275	-272.698226507	37.2812448996
2.65	2724.69528102	-273.161954014	37.684808282
2.7	2747.64660319	-273.523056085	38.0022442102
2.75	2483.45933119	-269.65460816	34.3483138918
2.8	2666.45674063	-272.387272108	36.8793206942
2.85	2515.47477289	-270.303044942	34.7911141531
2.9	2336.52712158	-267.681787417	32.3161188834
2.95	2658.49207843	-272.17754895	36.7691627731
3.0	2663.45366682	-272.285530768	36.8377856787
3.05	2615.14368678	-271.577920562	36.1696183617
3.1	2611.02347185	-271.576611844	36.1126323527
3.15	2423.53501696	-268.899278876	33.5195106458
3.2	2512.87895462	-270.121948651	34.7552118214
3.25	2747.43722594	-273.419726608	37.9993483483
3.3	2739.21534908	-273.374752719	37.8856329338
3.35	2487.46575759	-269.781731373	34.4037261105
3.4	2526.26265108	-270.37090269	34.9403195062
3.45	2776.14528797	-273.950045118	38.3964047902
3.5	2314.83562585	-267.499405771	32.0161074055
3.55	2776.19298726	-273.988501177	38.3970645112
3.6	2589.53061353	-271.268352732	35.8153681958
3.65	2636.37559864	-271.966294297	36.4632734112
3.7	2498.98135558	-270.076733272	34.5629964354
3.75	2758.00289203	-273.630023905	38.1454803226
3.8	2568.49767052	-271.000724447	35.5244650514
3.85	2744.02467004	-273.432747182	37.9521498539
3.9	2619.84830084	-271.65087196	36.2346870979
3.95	2727.4739319	-273.14818592	37.7232393412
4.0	2524.62919311	-270.372093606	34.91772742
4.05	2858.98302543	-275.037436569	39.5421197905
4.1	2564.12254913	-270.752341352	35.4639534734
4.15	2542.56561871	-270.520447997	35.165803146
4.2	2626.60071697	-271.737916545	36.3280786449
4.25	2658.89924755	-272.248789919	36.7747942616
4.3	2685.82418696	-272.544258633	37.1471886305
4.35	2596.69337563	-271.26035112	35.9144351698
4.4	2583.74416942	-271.130471326	35.7353368477
4.45	2694.7340844	-272.740869844	37.2704199435
4.5	2420.67919783	-268.831160022	33.4800122854
4.55	2696.31485612	-272.75035256	37.2922833347
4.6	2740.0352114	-273.368034139	37.8969723135
4.65	2716.62319385	-273.054005479	37.5731645839
4.7	2715.83167139	-273.12112359	37.5622171681
4.75	2621.31410896	-271.852765954	36.2549604468
4.8	2670.96878989	-272.396112444	36.9417260989
4.85	2624.51365413	-271.761637445	36.2992128251
4.9	2688.76964341	-272.710429797	37.1879267499
4.95	2577.02827914	-270.965200978	35.6424504836
5.0	2903.64335889	-275.553229472	40.1598094514
5.05	2651.07151756	-272.143541745	36.666530227
5.1	2521.51292512	-270.297938349	34.8746268346
5.15	2574.46612519	-270.962238567	35.6070137575
5.2	2805.24227581	-274.135118822	38.7988404006
5.25	2443.84374388	-269.126379794	33.8003972777
5.3	2289.11490193	-267.109248567	31.6603683413
5.35	2378.35660251	-268.211472784	32.8946554928
5.4	2691.28144346	-272.714385705	37.2226670395
5.45	2657.80124336	-272.388923414	36.7596079479
5.5	2677.28814272	-272.623735979	37.0291280192
5.55	2658.47565431	-272.277523729	36.7689356139
5.6	2601.19428946	-271.507435087	35.9766865622
5.65	2471.87750429	-269.611568237	34.1881275659
5.7	2793.50552224	-274.192236878	38.6365113096
5.75	2471.5224294	-269.679063694	34.1832165841
5.8	2457.88799616	-269.469049301	33.9946410005
5.85	2529.87252894	-270.451001025	34.9902471279
5.9	2430.45469573	-268.996993019	33.6152155747
5.95	2647.78404459	-272.184368223	36.6210617339
6.0	2617.8528256	-271.666639125	36.2070880111
6.05	2630.44369476	-271.735659568	36.3812302331
6.1	2570.32524995	-271.011790316	35.5497419993
6.15	2822.09735968	-274.648375267	39.0319602686
6.2	2621.67909279	-271.700710013	36.2600084777
6.25	2839.41771421	-274.826261654	39.2715152178
6.3	2633.56822894	-271.733950191	36.4244451468
6.35	2788.32629123	-273.839164714	38.5648782249
6.4	2620.67994092	-271.527944931	36.2461893739
6.45	2429.59465687	-268.997154848	33.6033205199
6.5	2642.90851254	-271.989765466	36.5536290593
6.55	2523.28404626	-270.298375091	34.8991229172
6.6	2860.33049877	-275.051712448	39.5607564707
6.65	2462.85428973	-269.541931147	34.0633289827
6.7	2564.19490899	-270.990971632	35.4649542707
6.75	2754.18147694	-273.486966113	38.0926269646
6.8	2546.48242903	-270.662910193	35.2199758996
6.85	2852.62236786	-274.97276832	39.4541465912
6.9	2173.31111022	-265.396583592	30.0587053152
6.95	2542.50322326	-270.47493281	35.164940165
7.0	2663.07656421	-272.264538951	36.8325700351
7.05	2678.24143121	-272.51871575	37.0423127941
7.1	2581.15079882	-271.143999564	35.6994683692
7.15	2543.63793827	-270.631344801	35.18063422
7.2	2491.22624579	-269.911887183	34.4557367987
7.25	2804.27916444	-274.306705832	38.785519767
7.3	2449.16658481	-269.178652806	33.8740166074
7.35	2575.99340782	-270.986396229	35.6281373501
7.4	2450.6519621	-269.28063249	33.8945606141
7.45	2511.53518168	-270.141507493	34.7366263208
7.5	2765.67984404	-273.758476637	38.251658972
7.55	2500.69826861	-270.068823196	34.5867427746
7.6	2471.44979556	-269.615852277	34.1822119974
7.65	2685.95670341	-272.630030131	37.1490214435
7.7	2581.83798982	-271.12257106	35.7089727939
7.75	2550.48200877	-270.691151642	35.2752934234
7.8	2749.36202349	-273.601054507	38.0259699038
7.85	3091.48482902	-278.313321852	42.7578136534
7.9	2711.8517274	-272.904646671	37.5071712232
7.95	2563.62986617	-270.930854945	35.4571392572
8.0	2787.42323449	-274.099717249	38.552388197
8.05	2572.81375482	-271.058984009	35.5841600972
8.1	2666.4745858	-272.373021021	36.8795675078
8.15	2532.9127731	-270.488589974	35.0322962404
8.2	2836.6503647	-274.679969434	39.233240466
8.25	2665.76577426	-272.279575155	36.8697640531
8.3	2589.89080907	-271.193958499	35.8203500006
8.35	2814.7021466	-274.503809389	38.9296783036
8.4	2703.02356458	-272.858127431	37.3850703682
8.45	2757.80524331	-273.691790398	38.142746676
8.5	2660.14582347	-272.287249777	36.7920354463
8.55	2622.33596621	-271.778058458	36.2690935849
8.6	2744.51590944	-273.39049654	37.9589441046
8.65	2734.51400278	-273.283217651	37.8206093933
8.7	2536.17265403	-270.597878804	35.0773831125
8.75	2571.39165934	-270.965275254	35.5644913305
8.8	2580.70353633	-271.058881427	35.6932823559
8.85	2568.16408311	-270.976517632	35.5198512593
8.9	2792.91000564	-274.132155927	38.6282748183
8.95	2591.77232413	-271.297180266	35.8463729232
9.0	2565.15928201	-270.84009873	35.4782923539
9.05	2833.18077779	-274.698613567	39.1852531852
9.1	2503.50756982	-270.130610206	34.6255977534
9.15	2604.55951751	-271.457061028	36.0232304728
9.2	2828.54247008	-274.592765193	39.1211015209
9.25	2555.9561711	-270.798722788	35.3510056542
9.3	2625.24384134	-271.797935511	36.3093119233
9.35	2812.60930596	-274.446960967	38.9007325721
9.4	2580.54446136	-271.206170242	35.6910822165
9.45	2592.04964943	-271.395109866	35.8502085634
9.5	2577.42721575	-271.160639895	35.6479681097
9.55	2607.98760216	-271.623836512	36.0706437427
9.6	2378.78155516	-268.233559056	32.9005329423
9.65	2622.69918135	-271.743731606	36.2741171532
9.7	2588.73024605	-271.338234615	35.804298446
9.75	2513.41341823	-270.135768781	34.7626038989
9.8	2814.6806297	-274.342792166	38.9293807069
9.85	2805.83405255	-274.288190226	38.8070251665
9.9	2705.79690147	-272.875624312	37.4234279305
9.95	3049.50131961	-277.707926926	42.1771467018
10.0	2651.59927954	-272.118287066	36.6738296154
10.05	2570.26171384	-271.014382581	35.5488632419
10.1	2663.25914474	-272.292801615	36.8350952761
10.15	2577.04777872	-271.016687756	35.6427201791
10.2	2393.52459272	-268.54665938	33.1044414483
10.25	2466.24846193	-269.621295967	34.1102732152
10.3	2610.89747637	-271.514832401	36.11088973
10.35	2557.63656638	-270.773544319	35.3742469224
10.4	2424.46163076	-268.971486783	33.5323264875
10.45	2391.168339	-268.433237527	33.0718524941
10.5	2302.54603304	-267.256361454	31.8461320867
10.55	2991.19255435	-277.007569129	41.3706878455
10.6	2435.27890551	-269.228480766	33.6819384195
10.65	2830.20961195	-274.720346566	39.1441594836
10.7	2325.56725698	-267.62814126	32.1645348149
10.75	2555.69768491	-270.743845353	35.3474305746
10.8	2661.23006701	-272.246250359	36.8070314388
10.85	2321.95013861	-267.452341434	32.1145070509
10.9	2811.92469445	-274.341385424	38.8912638239
10.95	2512.96531942	-270.1393707	34.7564063187
11.0	2638.63114583	-271.924889244	36.4944695101
11.05	2524.91232478	-270.211433192	34.9216433672
11.1	2662.64544358	-272.214896249	36.8266072772
11.15	2707.56835008	-272.856234443	37.4479285424
11.2	2525.29188842	-270.281976897	34.926893049
11.25	2751.99333404	-273.634291952	38.0623631233
11.3	2807.04058011	-274.264274564	38.8237124489
11.35	2572.57976289	-271.032747463	35.5809237935
11.4	2683.04354923	-272.63273751	37.1087300916
11.45	2882.164111	-275.422151284	39.8627335383
11.5	2166.89291467	-265.311820161	29.9699363176
11.55	2144.96627032	-265.017694319	29.6666725382
11.6	2690.90188512	-272.674085145	37.2174174312
11.65	2750.63453651	-273.516781699	38.0435698202
11.7	2790.16635068	-274.111898949	38.5903277818
11.75	2626.06214367	-271.766701595	36.3206297269
11.8	2977.49897663	-276.615983477	41.1812942444
11.85	2780.9331422	-273.929773247	38.4626248076
11.9	2538.36674892	-270.496067875	35.1077292748
11.95	2814.60648627	-274.490863172	38.9283552414
12.0	2850.19952657	-274.905138349	39.4206366754
12.05	2591.83862688	-271.177995318	35.8472899455
12.1	2500.59106295	-269.931287121	34.5852600309
12.15	2426.65692918	-268.935782959	33.5626892957
12.2	2602.93653835	-271.483360913	36.0007833174
12.25	2235.64954654	-266.309180988	30.9208978832
12.3	2461.0890457	-269.483550024	34.0389141854
12.35	2478.16651904	-269.651041603	34.2751098853
12.4	2627.28751243	-271.752438179	36.337577599
12.45	2383.01191942	-268.337502343	32.9590424083
12.5	2703.35725179	-272.911552409	37.3896855407
12.55	2601.95305087	-271.47262994	35.9871808653
12.6	2375.30460699	-268.262331319	32.8524438491
12.65	2494.10519772	-269.955162934	34.4955551051
12.7	2676.83995971	-272.488892509	37.0229292743
12.75	2585.54652754	-271.139713077	35.7602649636
12.8	2757.22008228	-273.527289144	38.1346534109
12.85	2477.93826905	-269.59259845	34.2719529976
12.9	2647.59491057	-272.038322838	36.6184458528
12.95	2447.17977082	-269.261559636	33.8465373128
13.0	2600.1430321	-271.449171636	35.962146796
13.05	2297.74813454	-267.02052039	31.7797731489
13.1	2788.59898785	-274.085646972	38.5686498466
13.15	2562.05296475	-270.922215531	35.4353293954
13.2	2775.47429956	-273.804836453	38.3871244608
13.25	2548.61223753	-270.590274919	35.2494329276
13.3	2795.70945779	-274.202944356	38.6669935765
13.35	2701.37886942	-272.85754633	37.3623228624
13.4	2601.71068794	-271.469883529	35.9838287839
13.45	2500.36537349	-270.004315017	34.5821385575
13.5	2836.05857743	-274.714536723	39.2250555545
13.55	2596.36323887	-271.315926649	35.909869103
13.6	2486.58840551	-269.726643635	34.3915915995
13.65	2675.58721531	-272.439810889	37.0056027744
13.7	2820.09572682	-274.473103105	39.0042760167
13.75	2732.08215748	-273.19588411	37.7869749445
13.8	2667.87804041	-272.386398274	36.8989784557
13.85	2504.1963795	-270.075959967	34.6351245657
13.9	2405.34936798	-268.696032698	33.2679879527
13.95	2588.23488581	-271.262461945	35.7974472008
14.0	2779.63487431	-273.957165856	38.4446686799
14.05	2832.96301301	-274.633762418	39.1822413166
14.1	2393.22329929	-268.596522112	33.1002743088
14.15	2674.72895468	-272.550654526	36.9937323141
14.2	2264.52644977	-266.670275952	31.3202895397
14.25	2709.345283	-272.821393328	37.4725050067
14.3	2494.56321033	-269.888525391	34.5018898016
14.35	2589.18695371	-271.254065501	35.810615094
14.4	2619.66922048	-271.66313295	36.2322102672
14.45	2672.3791031	-272.477622865	36.9612319068
14.5	2566.24793991	-270.895034794	35.4933494007
14.55	2805.65497274	-274.305317983	38.8045483433
14.6	2633.051814	-271.881773894	36.4173026974
14.65	2491.93696263	-269.922465097	34.4655666054
14.7	2568.61456042	-270.915859708	35.5260817362
14.75	2738.88293566	-273.216650699	37.881035379
14.8	2396.88106917	-268.423222056	33.1508643171
14.85	2582.26595358	-271.167718524	35.7148918896
14.9	2464.5034372	-269.498435021	34.0861380676
14.95	2741.41395463	-273.4419962	37.9160414823
15.0	2629.33784349	-271.782333796	36.3659353876
15.05	2870.16082013	-275.271241273	39.6967180141
15.1	2664.52381077	-272.501914148	36.8525866622
15.15	2633.35182671	-271.925865146	36.4214521234
15.2	2692.26356709	-272.738293561	37.2362506285
15.25	2326.93406983	-267.591443449	32.1834389765
15.3	2520.54429157	-270.245381281	34.8612298247
15.35	2662.03515397	-272.215904093	36.818166463
15.4	2679.46927789	-272.442597896	37.0592949377
15.45	3034.21086858	-277.595961779	41.965667011
15.5	2729.21198428	-273.279557496	37.7472780553
15.55	2576.36577906	-271.2353697	35.6332875549
15.6	2821.52693723	-274.575507565	39.0240708504
15.65	2652.42613174	-272.190369532	36.685265671
15.7	2756.26505858	-273.568475116	38.1214446365
15.75	2684.67158244	-272.564510747	37.1312471487
15.8	2575.15706652	-270.999085972	35.6165700524
15.85	2594.69394556	-271.184840307	35.8867813844
15.9	2789.17648378	-273.991587179	38.5766370971
15.95	2701.21434459	-272.736191052	37.3600473467
16.0	2684.9726419	-272.507429462	37.1354110521
16.05	2659.98201301	-272.219323129	36.789769811
16.1	2671.37173671	-272.495705963	36.9472991894
16.15	2379.76256093	-268.38580555	32.9141010703
16.2	2667.70475483	-272.330423149	36.8965817715
16.25	2775.82903811	-273.912028558	38.3920307909
16.3	2646.47806859	-271.951122706	36.6029989966
16.35	2711.9713841	-272.861530066	37.5088261752
16.4	2639.00977617	-271.909930455	36.4997062835
16.45	2684.72921042	-272.55379453	37.1320441917
16.5	2411.38011864	-268.530948504	33.3513982643
16.55	2611.38593031	-271.534823833	36.1176454554
16.6	2554.72250869	-270.815983471	35.333943074
16.65	2783.57700368	-274.011065724	38.499191617
16.7	2747.25904574	-273.542464771	37.9968839675
16.75	2656.20987683	-272.301477618	36.7375980215
16.8	2521.24447985	-270.19734516	34.8709140126
16.85	2607.0270654	-271.461160322	36.0573587182
16.9	2629.3281655	-271.773136995	36.365801533
16.95	2526.29371286	-270.368915728	34.9407491165
17.0	2839.96382523	-274.800644813	39.2790683887
17.05	2791.02979367	-274.046662421	38.6022699186
17.1	2700.70119215	-272.781346838	37.3529500206
17.15	2667.16896572	-272.293385991	36.8891713614
17.2	2557.58477107	-270.838341814	35.3735305501
17.25	2705.18568518	-272.929312033	37.4149742994
17.3	2583.6735014	-271.16553003	35.73435945
17.35	2561.71980397	-270.910975377	35.4307215039
17.4	2725.46395756	-273.222720039	37.6954397197
17.45	2591.50370324	-271.232149928	35.8426576723
17.5	2598.81638677	-271.347332197	35.9437981846
17.55	2531.16819263	-270.400417572	35.0081672373
17.6	2547.87234655	-270.69513554	35.2391996183
17.65	2527.55890952	-270.285644259	34.9582478415
17.7	2576.04344147	-271.077428893	35.6288293573
17.75	2728.34856259	-273.252596233	37.7353362131
17.8	2254.40614747	-266.60750585	31.1803173181
17.85	2786.35833391	-274.103427517	38.5376597339
17.9	2445.66574569	-269.338910509	33.8255970825
17.95	2692.40627516	-272.691417388	37.2382244002
18.0	2475.37442094	-269.696140588	34.2364928397
18.05	2588.42418296	-271.253147933	35.8000653382
18.1	2246.02403876	-266.473157995	31.0643857635
18.15	2353.93749821	-267.995882405	32.5569189134
18.2	2626.43548611	-271.920912648	36.3257933643
18.25	2761.17215752	-273.727535128	38.1893139077
18.3	2787.55091854	-274.057357632	38.5541541739
18.35	2757.83034522	-273.613290902	38.1430938563
18.4	2659.67036481	-272.193174917	36.7854594565
18.45	2702.0569316	-272.926130312	37.371701028
18.5	2481.55082529	-269.715417107	34.3219176635
18.55	2811.43164949	-274.415883275	38.8844446009
18.6	2463.31350931	-269.23655183	34.0696803725
18.65	2597.66242995	-271.2869991	35.9278379993
18.7	2842.14188989	-274.849416256	39.3091928396
18.75	2600.31203684	-271.388606495	35.9644842726
18.8	2718.43622152	-273.049157228	37.5982402687
18.85	2783.79663045	-273.888808027	38.5022292383
18.9	2626.54492264	-271.703429685	36.3273069628
18.95	2567.35232081	-270.871337594	35.5086239096
19.0	2565.16638927	-270.8939024	35.4783906532
19.05	2725.70150443	-273.242617097	37.698725191
19.1	2584.55448333	-271.155027987	35.7465441648
19.15	2898.33562816	-275.62190054	40.0863991086
19.2	2442.69574117	-269.238428908	33.7845194427
19.25	2823.13326627	-274.56108553	39.0462877207
19.3	2482.35404177	-269.72520476	34.3330268173
19.35	2472.36157729	-269.621037358	34.1948226993
19.4	2708.26748893	-272.925105706	37.4575982157
19.45	2500.26391816	-269.910369972	34.5807353456
19.5	2595.4399581	-271.226498552	35.89709936
19.55	2719.8000065	-273.059815169	37.6171025524
19.6	2580.86688298	-271.020409189	35.6955415763
19.65	2838.39044572	-274.825152513	39.2573072378
19.7	2994.50381254	-276.988522608	41.4164853081
19.75	2656.97763762	-272.202784159	36.7482167935
19.8	2713.78774648	-272.981649101	37.5339479818
19.85	2333.78276744	-267.628489728	32.2781621767
19.9	2394.45994563	-268.483132204	33.1173781591
19.95	2651.31039829	-272.07864	36.6698341469
20.0	2667.05194156	-272.254625814	36.8875528195
20.05	2428.46565762	-269.035152069	33.5877055185
20.1	2705.78216836	-272.873444964	37.4232241593
20.15	2846.29901062	-274.866494857	39.3666892866
20.2	2510.40649618	-269.963200114	34.721015659
20.25	2610.00795445	-271.459589388	36.0985869
20.3	2652.55349373	-272.158656347	36.6870271935
20.35	2568.81223659	-270.947743506	35.5288157626
20.4	2726.38141981	-273.205331743	37.7081289878
20.45	2165.82467294	-265.275747814	29.9551616434
20.5	2715.64183528	-273.035271171	37.5595915763
20.55	2239.20630031	-266.335575676	30.9700907543
20.6	2977.58055235	-276.695334974	41.1824225047
20.65	2706.53576485	-272.832190845	37.4336470274
20.7	2483.16348484	-269.837281574	34.34422209
20.75	2596.74631468	-271.434228723	35.915167361
20.8	2783.84852175	-274.083331813	38.5029469383
20.85	2887.32657275	-275.480730386	39.9341346901
20.9	2697.61906893	-272.771386027	37.3103216857
20.95	2305.43332892	-267.095811209	31.886065797
21.0	2626.42555976	-271.763966478	36.3256560746
21.05	2591.93442337	-271.16594822	35.8486148908
21.1	2727.49033063	-273.183735725	37.7234661493
21.15	2716.29597235	-273.02520855	37.5686388377
21.2	2537.91478003	-270.458909618	35.1014781682
21.25	2869.1545165	-275.207571262	39.6827999957
21.3	2652.41151994	-272.265771004	36.6850635776
21.35	2801.88237671	-274.240619657	38.7523701937
21.4	2611.30682337	-271.680440818	36.1165513405
21.45	2481.51050831	-269.762320475	34.321360046
21.5	2782.19170508	-273.955441055	38.480031782
21.55	2606.61255878	-271.482462804	36.0516257459
21.6	2503.15321681	-270.00325091	34.6206967558
21.65	2711.82298341	-272.921532041	37.5067736699
21.7	2415.92426913	-268.736311839	33.4142476555
21.75	2775.94703573	-273.806565024	38.3936627964
21.8	2439.44947091	-269.165487398	33.7396208175
21.85	2509.70712269	-270.083698102	34.7113427404
21.9	2639.41982743	-271.915348787	36.5053776345
21.95	2735.72010341	-273.261247162	37.8372907709
22.0	2488.14049808	-269.856799052	34.4130583343
22.05	2767.71870589	-273.834296212	38.2798581318
22.1	2694.68020594	-272.764124961	37.2696747595
22.15	2667.68235759	-272.37825411	36.896271999
22.2	2754.02642469	-273.651000474	38.0904824627
22.25	2486.70803818	-269.827089702	34.3932462191
22.3	2584.84318685	-271.208555931	35.7505371753
22.35	2555.01334907	-270.77919062	35.3379656391
22.4	2527.0117885	-270.372007759	34.9506807015
22.45	2731.88376855	-273.223933339	37.7842310602
22.5	2548.28083508	-270.643246856	35.2448493553
22.55	2451.25519023	-269.222868296	33.9029037623
22.6	2572.15942745	-270.874323869	35.5751102038
22.65	2605.07398456	-271.364432472	36.0303459813
22.7	2741.31886364	-273.367532753	37.9147262946
22.75	2560.34255921	-270.841268171	35.4116730601
22.8	2707.37619339	-273.034366805	37.445270855
22.85	2713.43238574	-273.006482699	37.5290330464
22.9	2799.13867109	-274.274579922	38.7144224565
22.95	2618.52892289	-271.668104259	36.2164390005
23.0	2720.65909189	-273.013926228	37.62898442
23.05	2730.7821053	-273.144193014	37.7689941385
23.1	2743.79461649	-273.494159693	37.9489680215
23.15	2720.82689803	-273.179005678	37.6313053188
23.2	2685.20637405	-272.637006348	37.1386437626
23.25	2851.06748077	-275.009136552	39.4326412058
23.3	2603.86470652	-271.410675478	36.0136206574
23.35	2463.64979036	-269.349725184	34.0743314199
23.4	2741.34905739	-273.376055822	37.9151438994
23.45	2574.55489828	-271.004487955	35.6082415633
23.5	2467.74773615	-269.600638005	34.1310094281
23.55	2787.21824681	-274.023806057	38.5495530464
23.6	2480.16591435	-269.734019506	34.3027631901
23.65	2631.61685015	-271.931782293	36.3974559505
23.7	2751.68985709	-273.586936828	38.058165784
23.75	2385.18098606	-268.483312358	32.9890424091
23.8	2658.40296446	-272.421641878	36.7679302526
23.85	2559.35725583	-270.902472651	35.3980454926
23.9	2679.44754834	-272.465485558	37.0589944
23.95	2365.02464655	-268.08998006	32.7102634222
24.0	2644.78229367	-272.174434906	36.5795450151
24.05	2614.26540263	-271.684859783	36.1574709593
24.1	2563.50998114	-270.869872733	35.4554811473
24.15	2638.28717548	-272.011502801	36.4897121133
24.2	2540.35387163	-270.561533241	35.1352128393
24.25	2860.97083529	-275.142581536	39.5696128588
24.3	2374.47917594	-268.206976995	32.8410274493
24.35	2629.10491428	-271.830457177	36.3627137824
24.4	2972.01547056	-276.735975422	41.1054527819
24.45	2465.14954566	-269.523810985	34.0950742866
24.5	2700.3606115	-272.85178503	37.348239506
24.55	2403.526612	-268.653854469	33.2427777172
24.6	2347.7064044	-267.83102769	32.470737689
24.65	2619.76090924	-271.603809741	36.2334783993
24.7	2634.09310438	-271.839687402	36.4317046119
24.75	2512.99917733	-270.238650182	34.7568746018
24.8	2677.16983992	-272.566648978	37.0274917928
24.85	2446.42063385	-269.239090205	33.8360378153
24.9	2641.22297002	-271.892039634	36.5303166004
24.95	2727.45952799	-273.092005045	37.7230401232
25.0	2885.28854559	-275.313394034	39.9059470746
25.05	2561.14917781	-270.618051426	35.4228292682
25.1	2453.41589856	-269.257343253	33.9327881607
25.15	2652.71178349	-272.200903527	36.689216473
25.2	2446.27494429	-269.17264263	33.8340228071
25.25	2370.61982327	-268.234835399	32.787649383
25.3	2661.20326304	-272.337995099	36.8066607175
25.35	2689.69331028	-272.527157243	37.2007018331
25.4	2643.62133399	-272.024206938	36.5634879745
25.45	2726.47203714	-273.259073641	37.7093823011
25.5	2643.87579091	-272.085262782	36.5670073259
25.55	2708.79025553	-273.016270083	37.4648285138
25.6	2854.48541047	-274.925240176	39.4799140244
25.65	2573.23420795	-270.872280399	35.5899753146
25.7	2594.43402004	-271.223734973	35.8831863976
25.75	2749.12511547	-273.305669551	38.0226932682
25.8	2757.65044543	-273.605872691	38.1406056922
25.85	2816.99571323	-274.465358568	38.961400243
25.9	2525.12139785	-270.299543918	34.9245350222
25.95	2632.38678545	-271.937981509	36.4081047979
26.0	2491.0933546	-269.886815071	34.4538988028
26.05	2876.81177278	-275.205919725	39.7887062365
26.1	2509.40312894	-270.042712349	34.7071382532
26.15	2575.21242881	-270.966249558	35.617335759
26.2	2978.5081028	-276.728555704	41.195251301
26.25	2694.9289606	-272.787161898	37.2731152438
26.3	2463.22058194	-269.479522304	34.0683951095
26.35	2721.63775251	-273.182407749	37.6425201125
26.4	2355.09480856	-267.992220187	32.5729254808
26.45	2642.45992068	-272.00646833	36.5474246597
26.5	2453.73546701	-269.331022562	33.9372080589
26.55	2772.13705348	-273.811622836	38.3409675642
26.6	2517.09106891	-270.240629342	34.8134688752
26.65	2802.61038053	-274.347300965	38.7624390936
26.7	2454.049905	-269.416539922	33.9415569986
26.75	2629.53813405	-271.880985387	36.3687055731
26.8	2921.31259685	-275.935247397	40.4041897496
26.85	2702.35380102	-272.871138135	37.3758069796
26.9	2527.28672964	-270.388409641	34.9544833669
26.95	2760.42968695	-273.719238102	38.1790449205
27.0	2881.80933686	-275.240977779	39.8578267161
27.05	2698.97258458	-272.6979065	37.3290419361
27.1	2677.66081622	-272.390583099	37.0342824044
27.15	2714.52237308	-272.886944108	37.5441084805
27.2	2718.78524282	-272.943535397	37.6030675245
27.25	2651.5985605	-272.066330692	36.6738196705
27.3	2556.95108052	-270.767381076	35.3647660812
27.35	2467.3481344	-269.43460275	34.1254826026
27.4	2775.55179349	-273.93351406	38.3881962666
27.45	2635.68006253	-271.984137686	36.4536535667
27.5	2927.59159998	-275.958243169	40.4910335999
27.55	2561.03341953	-270.821878854	35.4212282347
27.6	2769.32452098	-273.779292775	38.3020678938
27.65	2387.36092433	-268.544390245	33.0191927735
27.7	2411.11311879	-268.68596222	33.3477054336
27.75	2724.99798515	-273.120858278	37.6889949326
27.8	2634.84901664	-271.983814136	36.4421595089
27.85	2910.91265149	-275.822791541	40.2603498312
27.9	2635.63712386	-271.874174815	36.4530596891
27.95	2534.3497767	-270.492645495	35.0521711986
28.0	2800.91342544	-274.278590052	38.7389687894
28.05	2526.24305366	-270.41642139	34.9400484575
28.1	2765.24764889	-273.677989961	38.2456813525
28.15	2873.00473527	-275.280403976	39.7360517324
28.2	2615.64440104	-271.587026553	36.1765436574
28.25	2313.52128157	-267.370583681	31.9979289279
28.3	2588.83721355	-271.291446691	35.8057778958
28.35	2485.855437	-269.873425004	34.3814540337
28.4	2771.72341409	-273.888414298	38.3352465864
28.45	2520.7356034	-270.317574317	34.8638758269
28.5	2461.42383786	-269.466600409	34.0435446403
28.55	2681.61129158	-272.616885979	37.0889207737
28.6	2693.88568213	-272.750737874	37.2586858325
28.65	2673.63002118	-272.494791361	36.9785331472
28.7	2794.95361296	-274.144632495	38.6565396121
28.75	2676.22912303	-272.460429836	37.0144808935
28.8	2655.21545877	-272.063653273	36.7238443903
28.85	2846.90053023	-274.761627724	39.3750088045
28.9	2926.45591053	-276.041844313	40.4753260676
28.95	2590.1276877	-271.182875985	35.8236262296
29.0	2695.50048078	-272.790284983	37.2810198445
29.05	2614.91212757	-271.597185775	36.1664157045
29.1	2493.67072415	-269.900744147	34.4895459733
29.15	2909.0634576	-275.849515042	40.2347739373
29.2	2767.35821486	-273.739604022	38.2748722403
29.25	2759.6306872	-273.595546162	38.1679940876
29.3	2791.28756606	-274.083254874	38.6058351257
29.35	2343.38110319	-267.717357019	32.4109151656
29.4	2763.25142075	-273.666344039	38.2180718524
29.45	2589.68967425	-271.264613155	35.8175681382
29.5	2633.80254784	-271.856227998	36.4276859726
29.55	2638.0500238	-271.900429231	36.4864321078
29.6	2537.40913116	-270.488600277	35.0944846225
29.65	2752.0748567	-273.516447596	38.0634906497
29.7	2337.3726314	-267.610407883	32.3278129893
29.75	2744.19219166	-273.291225643	37.9544668176
29.8	2918.51702764	-275.958475072	40.3655246957
29.85	2414.89135528	-268.813230435	33.3999615956
29.9	2509.54490487	-270.087288347	34.7090991326
29.95	2851.50822639	-274.98311506	39.4387370854
30.0	2584.12383523	-271.233686046	35.7405879424
30.05	2642.52015592	-271.999009635	36.5482577634
30.1	2632.18378366	-271.801788203	36.4052971139
30.15	2513.43774992	-270.104948416	34.7629404265
30.2	2418.71871964	-268.903029323	33.4528972369
30.25	2649.73012634	-272.17585059	36.6479776677
30.3	2759.53549626	-273.784314041	38.1666775174
30.35	2537.93991359	-270.660117774	35.1018257862
30.4	2464.146235	-269.523333837	34.0811976634
30.45	2802.80132844	-274.21596486	38.7650800626
30.5	2525.51283035	-270.415940479	34.9299488602
30.55	2642.67470365	-271.982151622	36.5503952873
30.6	2628.00843342	-271.799997733	36.3475485376
30.65	2594.88297411	-271.3937618	35.8893958068
30.7	2361.22517564	-268.138081977	32.6577135706
30.75	2321.99158637	-267.451003206	32.115080308
30.8	2454.5824954	-269.379066129	33.948923168
30.85	2572.70080919	-271.07043226	35.5825979649
30.9	2600.92572699	-271.465637999	35.9729721192
30.95	2771.42470644	-273.818155249	38.3311152104
31.0	2417.54879854	-268.817680532	33.4367162523
31.05	2678.68894123	-272.387822055	37.0485022309
31.1	2731.43851579	-273.191987972	37.7780728431
31.15	2671.73907065	-272.379433471	36.9523797242
31.2	2810.32905221	-274.39827649	38.8691947608
31.25	2317.2688738	-267.421018633	32.0497612542
31.3	2652.6241828	-272.121711033	36.6880048824
31.35	2550.12888516	-270.605235583	35.2704094292
31.4	2746.26762285	-273.448672113	37.9831717621
31.45	2565.07100884	-270.960470173	35.4770714624
31.5	2541.7285969	-270.518914047	35.1542264364
31.55	2725.5820046	-273.162409883	37.6970724086
31.6	2699.65233348	-272.665563691	37.3384434303
31.65	2594.29455684	-271.306299114	35.8812575052
31.7	2557.35232751	-270.714264036	35.3703156618
31.75	2462.96426023	-269.455321259	34.0648499664
31.8	2619.03946489	-271.651549849	36.2235002222
31.85	2544.63821713	-270.645320691	35.1944689109
31.9	2507.33868352	-270.090275053	34.6785852513
31.95	2640.47651822	-272.017132486	36.5199925494
32.0	2546.45826413	-270.659320561	35.2196416789
32.05	2829.82135553	-274.713536615	39.1387895734
32.1	2738.90947784	-273.54410719	37.8814024794
32.15	2623.38325027	-271.83772274	36.2835783969
32.2	2703.64612539	-272.888713531	37.3936809035
32.25	2639.26606669	-271.905920636	36.5032509951
32.3	2443.20887062	-269.192062601	33.791616451
32.35	2758.72073341	-273.683373428	38.1554086676
32.4	2655.62261281	-272.159203406	36.7294756703
32.45	2633.53995477	-271.835026507	36.4240540914
32.5	2512.99761066	-270.16969249	34.7568529334
32.55	2524.5521914	-270.266650571	34.9166624222
32.6	2744.8329454	-273.348499707	37.9633289763
32.65	2591.57658349	-271.189066345	35.8436656669
32.7	2303.3863436	-267.287870303	31.8577542827
32.75	2357.01665675	-267.881977198	32.5995062442
32.8	2727.06599721	-273.181682507	37.7175972642
32.85	2555.20689331	-270.940304438	35.3406425173
32.9	2575.36206457	-271.052114779	35.6194053464
32.95	2613.75901008	-271.613777238	36.1504671279
33.0	2663.2962104	-272.407741678	36.8356079251
33.05	2452.54238129	-269.256314976	33.9207066882
33.1	2445.14472871	-269.148934066	33.818390983
33.15	2727.83197248	-273.075435477	37.728191341
33.2	2722.52915196	-273.052302658	37.6548489104
33.25	2795.31017445	-274.011873598	38.6614711548
33.3	2972.07498274	-276.473130371	41.1062758851
33.35	2760.4108227	-273.546300928	38.1787840121
33.4	2823.57881798	-274.431005671	39.0524500724
33.45	2580.11903078	-271.077594462	35.6851981567
33.5	2683.99214233	-272.508310874	37.1218499252
33.55	2603.78900552	-271.490137342	36.0125736493
33.6	2647.56097139	-272.107520568	36.6179764456
33.65	2677.04231249	-272.540135633	37.0257279821
33.7	2446.49468734	-269.159860909	33.8370620369
33.75	2751.25689211	-273.455186911	38.0521775172
33.8	2466.94492086	-269.42911368	34.1199058231
33.85	2435.56820985	-269.003924985	33.6859397399
33.9	2513.50841104	-270.257194737	34.7639177287
33.95	2725.69170427	-273.219497338	37.6985896467
34.0	2585.98682746	-271.152892523	35.7663546787
34.05	2538.17025855	-270.579869512	35.1050116492
34.1	2604.25799938	-271.519985916	36.0190602256
34.15	2669.34960827	-272.38508194	36.9193314666
34.2	2694.0082929	-272.72301161	37.2603816417
34.25	2593.15476296	-271.353046301	35.8654932053
34.3	2904.40134575	-275.73779331	40.1702930419
34.35	2846.66484802	-274.840172004	39.371749123
34.4	2628.69871586	-271.7968558	36.3570957194
34.45	2595.11085253	-271.332741493	35.8925475555
34.5	2835.07161562	-274.632897291	39.2114050494
34.55	2559.29436883	-270.821569714	35.3971757129
34.6	2557.87538747	-270.819841697	35.3775500172
34.65	2493.49733838	-269.846193997	34.4871479035
34.7	2927.02981961	-275.948484242	40.4832637089
34.75	2538.59442645	-270.587400693	35.110878245
34.8	2715.06791423	-273.095439459	37.5516537696
34.85	2510.93757858	-270.132873092	34.7283609716
34.9	2484.86386136	-269.794650365	34.3677397155
34.95	2856.8420712	-275.047349994	39.5125086079
35.0	2553.70185261	-270.78086876	35.3198265491
35.05	2547.08225606	-270.676037482	35.2282720077
35.1	2553.32489723	-270.764979134	35.3146129418
35.15	2388.54055311	-268.378958506	33.0355080236
35.2	2605.2764477	-271.501134082	36.0331462153
35.25	2500.80097033	-270.08760439	34.5881632251
35.3	2433.45290372	-269.059580199	33.6566832919
35.35	2815.44023759	-274.421129944	38.9398867176
35.4	2955.94116402	-276.573407154	40.8831317156
35.45	2468.7908331	-269.656206681	34.1454363289
35.5	2742.85366597	-273.410407915	37.9359538909
35.55	2545.1947876	-270.586187489	35.2021667447
35.6	2675.07547615	-272.458958391	36.9985249951
35.65	2544.08077337	-270.535496493	35.1867589988
35.7	2382.6609905	-268.318678315	32.9541887688
35.75	2612.64365397	-271.623576391	36.1350408227
35.8	2671.36526937	-272.401313337	36.9472097407
35.85	2507.48169306	-269.981081958	34.6805631925
35.9	2753.76398554	-273.51029764	38.0868527104
35.95	2457.69029565	-269.440223315	33.9919066374
36.0	2775.35381253	-273.984724868	38.3854580247
36.05	2694.56821067	-272.629746526	37.2681257715
36.1	2769.41206228	-273.812125143	38.3032786631
36.15	2569.20402857	-270.9791484	35.5342345724
36.2	2836.09867574	-274.689537808	39.2256101476
36.25	2426.85613466	-268.970771295	33.5654444737
36.3	2645.29709343	-271.962949598	36.5866651251
36.35	2449.35089594	-269.189917781	33.8765657839
36.4	2623.4735287	-271.664083375	36.2848270229
36.45	2676.09079441	-272.514759257	37.0125676934
36.5	2874.87418167	-275.29680173	39.7619077355
36.55	2595.65562618	-271.434541466	35.9000822293
36.6	2470.00706096	-269.57130848	34.1622577747
36.65	2684.16357269	-272.521352753	37.1242209501
36.7	2429.43569442	-268.976211306	33.6011219366
36.75	2640.41137436	-271.902121331	36.5190915554
36.8	2538.19678397	-270.567093659	35.1053785178
36.85	2777.72660743	-273.908337259	38.4182757573
36.9	2538.98813121	-270.566551519	35.1163235101
36.95	2500.74680913	-270.06755905	34.5874141304
37.0	2734.8521612	-273.374257882	37.8252864063
37.05	2912.70163711	-275.864186273	40.2850929943
37.1	2744.81463328	-273.565833818	37.9630757043
37.15	2715.2245315	-273.05121781	37.553819917
37.2	2719.90808822	-273.005158302	37.6185974128
37.25	2736.62927071	-273.28666649	37.849865313
37.3	2661.50228838	-272.277627447	36.8107964874
37.35	2843.28326684	-274.863447642	39.3249790348
37.4	2552.74294515	-270.80222099	35.3065640592
37.45	2515.87893839	-270.24689185	34.7967040991
37.5	2612.33294219	-271.43329202	36.1307434197
37.55	2387.84997542	-268.284226936	33.0259567581
37.6	2679.16970435	-272.599435296	37.0551515858
37.65	2616.1225522	-271.589182384	36.1831568868
37.7	2656.16965285	-272.175512195	36.7370416903
37.75	2500.65027327	-269.98613659	34.5860789589
37.8	2550.61958067	-270.615152591	35.2771961575
37.85	2399.84492458	-268.506164647	33.1918569095
37.9	2431.74437609	-269.069077278	33.6330529297
37.95	2606.14317782	-271.41330377	36.0451338158
38.0	2214.6762104	-265.848750042	30.6308191514
38.05	2613.10431829	-271.611162948	36.1414121944
38.1	2552.45644111	-270.698448377	35.3026014694
38.15	2560.76020236	-270.835552903	35.4174494133
38.2	2652.73722711	-272.091926458	36.6895683794
38.25	2668.33568605	-272.367478087	36.9053080766
38.3	2599.50102892	-271.317738877	35.9532673566
38.35	2533.82255499	-270.434799149	35.0448792827
38.4	2524.31702103	-270.293877701	34.9134098198
38.45	2474.46279315	-269.548254586	34.2238842671
38.5	2671.59308362	-272.437560906	36.9503606018
38.55	2743.62424564	-273.276398249	37.9466116504
38.6	2576.45224321	-270.829196949	35.6344834262
38.65	2519.56012128	-270.22631625	34.8476179289
38.7	2467.94644576	-269.533937864	34.1337577477
38.75	2642.74190518	-271.980626863	36.5513247405
38.8	2556.81636413	-270.890459277	35.3629028412
38.85	2558.58194288	-270.801219552	35.3873222679
38.9	2601.04803661	-271.470451126	35.9746637633
38.95	2621.24497893	-271.690854873	36.2540043208
39.0	2626.55456491	-271.725740334	36.3274403234
39.05	2743.60501557	-273.442054855	37.9463456826
39.1	2809.99146695	-274.361551861	38.8645256751
39.15	2738.59430496	-273.326070616	37.8770433756
39.2	2493.15768308	-269.857018661	34.4824501874
39.25	2377.48166453	-268.160505737	32.8825543707
39.3	2508.66795496	-270.086773631	34.6969701839
39.35	2634.3951425	-271.980794619	36.4358820509
39.4	2619.08786907	-271.744598595	36.2241696923
39.45	2514.84987034	-270.198484385	34.7824712297
39.5	2695.68307596	-272.841462886	37.2835452882
39.55	2600.0039863	-271.334317851	35.9602236767
39.6	2779.13500302	-273.900853215	38.437755043
39.65	2359.35522044	-268.02924079	32.6318505306
39.7	2832.00747215	-274.697798423	39.1690253895
39.75	2542.91221732	-270.603479383	35.170596894
39.8	2490.22525017	-269.804915177	34.4418921945
39.85	2698.31371032	-272.772847067	37.3199291555
39.9	2527.23097692	-270.335319057	34.9537122602
39.95	2909.86568215	-275.629323532	40.2458693719
40.0	2642.5950895	-271.858565837	36.5492941573
40.05	2471.24967334	-269.589782529	34.1794441402
40.1	2507.8158653	-270.012629288	34.6851850733
40.15	2616.37166333	-271.566880575	36.1866023015
40.2	2555.60742476	-270.797213024	35.3461822014
40.25	2298.27575214	-267.157706991	31.7870705402
40.3	2615.98437891	-271.663705195	36.181245835
40.35	2521.68907705	-270.333016508	34.8770631627
40.4	2417.40889159	-268.86197477	33.4347812224
40.45	2324.43360627	-267.461755347	32.14885548
40.5	2703.10041189	-272.837837198	37.3861332306
40.55	2617.05408529	-271.527372208	36.1960407664
40.6	2777.89859329	-273.817498797	38.4206544652
40.65	2775.65686743	-273.97689788	38.3896495268
40.7	2665.99472718	-272.424915923	36.8729306629
40.75	2724.02569972	-273.130073618	37.6755474142
40.8	2679.14215866	-272.511224225	37.0547706059
40.85	2728.70813713	-273.213118017	37.740309429
40.9	2815.29324423	-274.416540185	38.9378536768
40.95	2681.180164	-272.415640701	37.0829579196
41.0	2260.78563486	-266.444840804	31.2685509495
41.05	2805.2553084	-274.284969462	38.7990206521
41.1	2660.12210426	-272.201245139	36.7917073898
41.15	2676.86215474	-272.48220606	37.0232362501
41.2	2508.69583067	-270.079822503	34.6973557283
41.25	2575.54451092	-270.990243766	35.6219287316
41.3	2443.52833126	-269.11434979	33.7960348582
41.35	2414.01843561	-268.812739772	33.3878883885
41.4	2285.43952101	-266.950843436	31.6095347576
41.45	2701.34166825	-272.841379459	37.3618083392
41.5	2724.44733248	-273.12876025	37.6813789469
41.55	2408.72262018	-268.77767558	33.3146428441
41.6	2653.93284774	-272.100337954	36.7061048099
41.65	2848.18863666	-274.804518051	39.3928243907
41.7	2744.59833816	-273.394627399	37.9600841625
41.75	2820.38053218	-274.506864185	39.0082151122
41.8	2642.39154576	-271.99015233	36.5464789776
41.85	2611.20235528	-271.520627066	36.1151064596
41.9	2755.73584179	-273.565095043	38.114125127
41.95	2668.26431528	-272.396493653	36.9043209593
42.0	2755.92302602	-273.514731193	38.1167140411
42.05	2538.09377818	-270.458814719	35.1039538618
42.1	2854.39156582	-274.960837429	39.4786160746
42.15	2379.92602454	-268.241551226	32.9163619084
42.2	2632.19572066	-271.846572951	36.4054622125
42.25	2943.05051664	-276.175888223	40.7048433109
42.3	2528.80231732	-270.316325882	34.9754452085
42.35	2349.3981098	-267.732260533	32.4941353856
42.4	2974.36946148	-276.564924094	41.1380104398
42.45	2472.70391145	-269.515579583	34.1995574663
42.5	2412.25307252	-268.69561728	33.3634719445
42.55	2942.43789469	-276.229841691	40.6963702384
42.6	2646.02870776	-272.037484271	36.5967839616
42.65	2657.28439664	-272.226976679	36.7524595267
42.7	2516.30905968	-270.278764326	34.8026530353
42.75	2776.80030019	-273.859693064	38.4054641556
42.8	2560.64597244	-270.998748082	35.4158695182
42.85	2512.45942774	-270.224113558	34.7494094148
42.9	2639.2660453	-271.957381677	36.5032506993
42.95	2701.42903446	-272.79967071	37.3630166867
43.0	2666.6285049	-272.351726089	36.8816963374
43.05	2683.8357048	-272.53981539	37.1196862637
43.1	2697.10097172	-272.711153604	37.3031559692
43.15	2551.64444546	-270.713034668	35.2913708923
43.2	2779.19398475	-273.809487206	38.4385708095
43.25	2577.50246001	-270.989343099	35.6490088006
43.3	2707.68891927	-272.923553719	37.4495961148
43.35	2624.05150329	-271.869233098	36.2928208935
43.4	2691.79980271	-272.841290882	37.2298363803
43.45	2095.19485343	-264.324527993	28.9782923305
43.5	2323.08979757	-267.559106667	32.1302694849
43.55	2452.95281197	-269.352596167	33.9263832869
43.6	2863.75133657	-275.097961402	39.6080695106
43.65	2594.49419664	-271.370880317	35.8840186901
43.7	2429.10196469	-269.004290589	33.5965061761
43.75	2358.54676047	-267.943658063	32.6206688548
43.8	2688.14331076	-272.658618737	37.179264047
43.85	2573.14369127	-271.142738888	35.5887233934
43.9	2544.15384359	-270.646072176	35.1877696209
43.95	2824.68979569	-274.515806618	39.0678158207
44.0	2522.49411715	-270.249962111	34.8881975389
44.05	2245.89429257	-266.483888779	31.0625912654
44.1	2484.97489821	-269.829758223	34.3692754477
44.15	2829.55474459	-274.610567141	39.1351021217
44.2	2558.2177132	-270.670783072	35.3822846676
44.25	2778.88110271	-273.974327966	38.4342433899
44.3	2570.90419261	-271.01018682	35.5577492591
44.35	2677.82034401	-272.47217112	37.0364888069
44.4	2792.5007006	-274.160752736	38.6226137883
44.45	2559.24682775	-270.756174827	35.3965181802
44.5	2744.48632611	-273.496970511	37.9585349425
44.55	2595.64592481	-271.40824306	35.8999480514
44.6	2604.61972616	-271.296822291	36.0240632087
44.65	2724.89405404	-273.213026026	37.6875574786
44.7	2554.89992971	-270.813761066	35.3363969548
44.75	2594.74151662	-271.231861425	35.8874393318
44.8	2441.93126755	-269.154000537	33.773946135
44.85	2717.15030758	-273.04960133	37.5804550064
44.9	2740.91033673	-273.334648914	37.9090760267
44.95	2844.04148197	-274.848910094	39.3354657824
45.0	2389.618125	-268.496798792	33.0504117415
45.05	2868.74340982	-275.238059133	39.6771140473
45.1	2797.37861879	-274.135730481	38.6900794652
45.15	2592.46920584	-271.31930771	35.8560113784
45.2	2799.01972578	-274.224701498	38.7127773437
45.25	2550.88675509	-270.763816434	35.2808914026
45.3	2714.03322252	-273.037805719	37.5373431202
45.35	2753.70348114	-273.494692917	38.0860158841
45.4	2519.07234577	-270.221538924	34.8408715867
45.45	2690.30656526	-272.624835842	37.209183661
45.5	2669.16798009	-272.415623942	36.9168193973
45.55	2670.59200237	-272.45026216	36.9365148132
45.6	2819.33053856	-274.416088095	38.9936928248
45.65	2604.04238159	-271.490837945	36.0160780517
45.7	2640.49965052	-271.992431812	36.5203124884
45.75	2411.33700896	-268.635206197	33.3508020214
45.8	2690.54450268	-272.530699691	37.2124745339
45.85	2859.77170127	-275.061746255	39.5530278352
45.9	2734.69757522	-273.276680501	37.8231483533
45.95	2633.5603602	-271.784803868	36.4243363156
46.0	2754.30796546	-273.630010745	38.0943764064
46.05	2562.02996234	-270.851624249	35.4350112529
46.1	2699.09202288	-272.798914346	37.3306938673
46.15	2816.94205469	-274.471073001	38.9606581007
46.2	2535.89605251	-270.468093426	35.0735574828
46.25	2461.91254053	-269.386414454	34.0503038057
46.3	2620.50223921	-271.609209426	36.243731611
46.35	2545.50004268	-270.60146477	35.206388677
46.4	2743.81263463	-273.510404795	37.9492172274
46.45	2837.58788211	-274.851621055	39.2462071137
46.5	2422.37731976	-268.81352887	33.503498728
46.55	2800.8088722	-274.27141773	38.7375227309
46.6	2622.72837745	-271.704162918	36.2745209596
46.65	2665.94585852	-272.456096142	36.8722547686
46.7	2584.99068872	-271.130298722	35.7525772492
46.75	2796.83454149	-274.114625529	38.6825544224
46.8	2544.86904457	-270.595091945	35.1976614469
46.85	2433.2959711	-268.967834411	33.6545127828
46.9	2526.99495831	-270.391462167	34.950447926
46.95	2684.73408476	-272.692839603	37.1321116078
47.0	2693.38993766	-272.733238418	37.251829273
47.05	2438.80428224	-269.088658579	33.7306973201
47.1	2451.96841386	-269.234211072	33.91276824
47.15	2353.36777487	-267.894878722	32.5490391644
47.2	2776.07525271	-273.924090532	38.3954361443
47.25	2549.8228986	-270.652522535	35.26617738
47.3	2369.31960945	-268.090969072	32.7696663413
47.35	2369.13336045	-268.134676403	32.7670903624
47.4	2638.79334128	-271.93410619	36.4967128085
47.45	3024.79459003	-277.267297257	41.8354320249
47.5	2544.39454309	-270.639677687	35.1910986957
47.55	2537.00626724	-270.456478072	35.0889126785
47.6	2455.65011997	-269.375543844	33.9636893063
47.65	2723.63991997	-273.158030865	37.6702117584
47.7	2665.26630901	-272.333733594	36.8628560321
47.75	2882.54096239	-275.247522551	39.8679457073
47.8	2626.44583809	-271.652697395	36.3259365409
47.85	2869.90839429	-275.174957541	39.6932267543
47.9	2444.09859383	-269.194429274	33.8039220651
47.95	2601.37756476	-271.387456386	35.9792214124
48.0	2718.08387095	-273.216493036	37.5933669665
48.05	2572.00019038	-271.11179482	35.5729078223
48.1	2566.28482006	-270.954656513	35.493859484
48.15	2608.30095394	-271.596429996	36.0749776593
48.2	2635.85080442	-272.036077178	36.4560150695
48.25	2549.936575	-270.677767766	35.2677496194
48.3	2238.31364951	-266.229894781	30.9577446492
48.35	2775.57216179	-273.820703263	38.3884779772
48.4	2895.66825779	-275.456874657	40.0495071516
48.45	2573.68532875	-270.987681235	35.5962146915
48.5	2695.14303752	-272.739751095	37.2760761061
48.55	2481.89122466	-269.673305574	34.3266256706
48.6	2573.45686541	-270.905756083	35.593054853
48.65	2646.97518235	-271.991574051	36.6098744946
48.7	2571.79191926	-271.046538027	35.570027259
48.75	2668.97619511	-272.475721769	36.9141668511
48.8	2583.38479972	-271.143736165	35.7303664649
48.85	2506.88375522	-270.063037373	34.6722932135
48.9	2400.03674636	-268.560610211	33.1945099646
48.95	2480.10604678	-269.672017754	34.3019351717
49.0	2554.86600537	-270.809407963	35.3359277528
49.05	2674.19714778	-272.374078409	36.9863769811
49.1	2526.497817	-270.467854256	34.9435720471
49.15	2854.65236934	-275.038059523	39.4822232048
49.2	2376.65056366	-268.255846408	32.8710595526
49.25	2574.21418366	-270.923435302	35.603529196
49.3	2671.34426066	-272.315714543	36.9469191727
49.35	2572.48073994	-271.063703204	35.5795542236
49.4	2396.87571496	-268.474844247	33.1507902639
49.45	2320.19567224	-267.432932935	32.0902413177
49.5	2670.90166391	-272.389157745	36.9407976905
49.55	2704.64395761	-272.848302808	37.4074817554
49.6	2650.26392751	-272.107995947	36.6553605832
49.65	2658.91064024	-272.132888961	36.774951832
49.7	2538.71952549	-270.526060362	35.112608469
49.75	2458.95200412	-269.334540649	34.009357118
49.8	2468.91792584	-269.495053732	34.1471941274
49.85	2456.15307636	-269.407372841	33.9706456126
49.9	2706.6582765	-273.006156523	37.4353414656
49.95	2471.30955594	-269.622775667	34.1802723666
50.0	2678.4098038	-272.523879877	37.0446415274
50.05	2791.76353025	-274.159305169	38.6124181075
50.1	2907.01063537	-275.704096287	40.2063816936
50.15	2553.46481898	-270.679712111	35.3165481763
50.2	2614.65787584	-271.538972264	36.1628991911
50.25	2618.07224322	-271.701468391	36.2101227398
50.3	2698.12204697	-272.837266587	37.3172782915
50.35	2648.23994031	-272.046546521	36.627367152
50.4	2740.69940653	-273.486322733	37.9061586861
50.45	2788.22835987	-274.130915391	38.5635237526
50.5	2472.21392769	-269.662113725	34.1927805821
50.55	2635.02187532	-271.916491958	36.4445502887
50.6	2879.9035055	-275.230818188	39.8314674787
50.65	2519.33383847	-270.162995183	34.8444882488
50.7	3047.36555013	-277.672464599	42.1476072286
50.75	2561.1684508	-270.748442529	35.4230958298
50.8	2685.51762325	-272.625529079	37.1429485987
50.85	2572.46375265	-271.044969538	35.5793192752
50.9	2450.81674463	-269.277218095	33.896839694
50.95	2459.58214037	-269.326098447	34.0180724278
51.0	2582.15286707	-271.283369495	35.7133278089
51.05	2445.44804386	-269.284018061	33.8225860846
51.1	2317.37621618	-267.408992412	32.0512458888
51.15	2510.55262436	-270.083783334	34.7230367337
51.2	2869.02309985	-275.169666293	39.6809823938
51.25	2560.86671649	-270.86022839	35.4189225926
51.3	2656.50655177	-272.314517901	36.7417012833
51.35	2905.43769224	-275.665401292	40.1846265783
51.4	2426.75064473	-268.959772204	33.5639854599
51.45	2660.49220009	-272.283642728	36.7968261238
51.5	2602.61191012	-271.481744835	35.9962934382
51.55	2911.72787788	-275.772980785	40.2716250921
51.6	2482.79134064	-269.748259853	34.3390750254
51.65	2798.53494688	-274.238456757	38.7060724472
51.7	2679.20091245	-272.568628337	37.0555832199
51.75	2566.82740329	-271.045046424	35.5013638625
51.8	2950.22944426	-276.412799898	40.8041338675
51.85	2811.94515425	-274.426418095	38.8915468
51.9	2626.61435191	-271.712195071	36.3282672275
51.95	2571.86278962	-270.952151174	35.5710074552
52.0	2837.0032712	-274.818448409	39.2381214572
52.05	2822.10352817	-274.470091645	39.032045584
52.1	2568.85466039	-270.849973691	35.5294025191
52.15	2392.46711052	-268.470200479	33.0898155874
52.2	2742.66428956	-273.404753927	37.9333346573
52.25	2667.06496302	-272.32525792	36.8877329172
52.3	2584.21948019	-271.164089173	35.741910792
52.35	2534.19613374	-270.456971263	35.0500461884
52.4	2726.38257398	-273.076149314	37.7081449509
52.45	2704.81502939	-272.807574828	37.4098478207
52.5	2630.81854192	-271.795838392	36.3864146819
52.55	2373.76226756	-268.092012852	32.8311120084
52.6	2331.33590495	-267.588973168	32.2443200277
52.65	2591.35593483	-271.26261741	35.8406139118
52.7	2441.67870502	-269.13620772	33.7704529846
52.75	2802.5572893	-274.160299958	38.7617047977
52.8	2704.51791868	-272.816274401	37.4057385318
52.85	2723.05725173	-273.221326094	37.6621529707
52.9	2339.45102913	-267.841426602	32.3565589635
52.95	2394.06802785	-268.390517699	33.1119576094
53.0	2532.67175129	-270.34834738	35.0289627077
53.05	2845.01504477	-274.726402686	39.348930968
53.1	2563.37452708	-270.870934234	35.4536077046
53.15	2665.21927509	-272.330878711	36.8622055138
53.2	2946.73027705	-276.296090776	40.7557374665
53.25	2513.47837973	-270.19542181	34.7635023706
53.3	2660.59239485	-272.256450548	36.7982119009
53.35	2648.23962852	-272.00959617	36.6273628397
53.4	2981.28509057	-276.601059793	41.233659358
53.45	2391.5857024	-268.435559052	33.077624978
53.5	2624.08521283	-271.786003389	36.2932871246
53.55	2584.35488307	-271.172734106	35.7437835268
53.6	2641.66548412	-271.986395847	36.5364369395
53.65	2589.49446686	-271.196453788	35.8148682573
53.7	2755.77903391	-273.596524246	38.1147225101
53.75	2541.939945	-270.663579461	35.1571495568
53.8	2853.80457437	-274.961776003	39.4704974932
53.85	2594.74608213	-271.290294561	35.8875024766
53.9	2674.53651178	-272.330241603	36.9910706683
53.95	3050.04433909	-277.690959111	42.1846571141
54.0	2653.23886129	-272.145224194	36.6965063986
54.05	2518.83462	-270.187076704	34.837583641
54.1	2595.70852989	-271.409088107	35.9008139319
54.15	2801.78070045	-274.250847603	38.7509639261
54.2	2702.53362832	-272.743084917	37.3782941411
54.25	2595.94453973	-271.331106528	35.9040781447
54.3	2411.17125491	-268.750306689	33.3485095047
54.35	2622.48425821	-271.819188007	36.271144587
54.4	2687.75154136	-272.665356761	37.1738455494
54.45	2625.93579108	-271.741303451	36.3188821653
54.5	2575.97944143	-271.130781884	35.6279441833
54.55	2677.14191764	-272.552491208	37.0271056043
54.6	2546.03600186	-270.703320565	35.2138014396
54.65	2547.94042824	-270.516488474	35.2401412448
54.7	2709.67819382	-272.927989864	37.4771094409
54.75	2511.70656279	-270.212488624	34.7389966646
54.8	2625.06421219	-271.781008247	36.3068275023
54.85	2580.58554964	-271.064860553	35.6916505016
54.9	2854.48081458	-274.988890198	39.4798504594
54.95	2601.84989669	-271.352224398	35.9857541569
55.0	2277.92337623	-266.971707115	31.5055802065
55.05	2837.87327144	-274.684066706	39.2501542862
55.1	2813.94320675	-274.397289273	38.9191815326
55.15	2623.4608075	-271.67987236	36.2846510781
55.2	2555.95976915	-270.772080181	35.3510554181
55.25	2578.0364162	-271.026524341	35.6563938601
55.3	2438.54166333	-269.119531083	33.7270650815
55.35	2507.5261493	-270.090838253	34.6811780594
55.4	2700.4405833	-272.814126878	37.3493455829
55.45	2620.02679529	-271.637077329	36.2371558251
55.5	2911.20967568	-275.806503255	40.2644579233
55.55	2584.22326442	-271.265017843	35.741963131
55.6	2717.51870853	-273.192775141	37.5855502988
55.65	2578.25501526	-271.118479824	35.6594172673
55.7	2629.41761288	-271.791624622	36.3670386648
55.75	2542.57654657	-270.6085802	35.1659542875
55.8	2801.20519169	-274.28102653	38.7430041601
55.85	2483.60870266	-269.792144533	34.3503798238
55.9	2622.62992317	-271.849314076	36.2731592548
55.95	2596.18934718	-271.396724988	35.907464036
56.0	2622.38240534	-271.700836755	36.2697358768
56.05	2503.63737751	-270.020079593	34.627393102
56.1	2671.18454756	-272.474063064	36.9447102073
56.15	2488.37162996	-269.659002782	34.416255081
56.2	2802.61877485	-274.24180018	38.7625551941
56.25	2708.27821428	-272.891325622	37.4577465562
56.3	2645.94664686	-272.00244854	36.5956489909
56.35	2443.77281748	-269.115276821	33.7994163065
56.4	2675.5045607	-272.351211943	37.0044595922
56.45	2749.71163261	-273.423325068	38.0308052895
56.5	2513.46497894	-270.177126904	34.7633170266
56.55	2648.11794278	-272.058747652	36.6256798245
56.6	2671.73386514	-272.353410109	36.9523077277
56.65	2781.22510391	-273.871180709	38.4666628815
56.7	2627.75209093	-271.807782299	36.3440031071
56.75	2623.28372392	-271.724237004	36.2822018644
56.8	2724.54553043	-273.130170422	37.6827371064
56.85	2596.45678729	-271.332285022	35.9111629558
56.9	2419.82820244	-268.884628704	33.4682423094
56.95	2576.669713	-271.206006615	35.6374912149
57.0	2719.26107081	-273.165942237	37.6096486224
57.05	2897.88454508	-275.670092381	40.0801602533
57.1	2523.25156057	-270.364179258	34.898673613
57.15	2588.79601871	-271.254363972	35.8052081368
57.2	2431.94389512	-269.005692281	33.6358124443
57.25	2872.21300985	-275.302739766	39.7251015097
57.3	2719.71751896	-273.164885414	37.615961681
57.35	2447.29808208	-269.190334431	33.8481736562
57.4	2898.76448192	-275.603839741	40.0923305138
57.45	2931.59896208	-276.097583453	40.5464587601
57.5	2495.80888574	-269.949698743	34.5191185314
57.55	2668.01401318	-272.401544259	36.9008590725
57.6	2735.27298083	-273.304803001	37.8311066927
57.65	2718.22426248	-273.077954521	37.5953086984
57.7	2400.28648999	-268.511265219	33.1979641273
57.75	2559.41998486	-270.833773243	35.3989130874
57.8	2451.16610063	-269.345709894	33.9016715788
57.85	2809.23287131	-274.347926252	38.8540336648
57.9	2428.39776633	-268.980073563	33.5867665254
57.95	2532.30943724	-270.512254239	35.0239516022
58.0	2681.7421811	-272.632863585	37.0907310849
58.05	2770.14875566	-273.862465446	38.3134677469
58.1	2708.58508121	-272.898198646	37.4619907818
58.15	2777.32827132	-273.950667711	38.4127664366
58.2	2835.13579793	-274.730727731	39.2122927444
58.25	2597.2646026	-271.214955062	35.9223357152
58.3	2226.59293975	-266.019706668	30.7956374575
58.35	2636.6259307	-271.958822332	36.4667357124
58.4	2639.92278836	-272.015995853	36.5123340037
58.45	2599.68821569	-271.385176703	35.9558563057
58.5	2410.64295714	-268.671885922	33.3412027059
58.55	2580.24714967	-271.124138666	35.6869701478
58.6	2882.83074301	-275.406686868	39.8719536149
58.65	2727.77827201	-273.129057221	37.7274486187
58.7	2544.42264642	-270.547869207	35.1914873883
58.75	2529.77164559	-270.38862285	34.988851827
58.8	2776.13241656	-273.925453981	38.396226768
58.85	2329.0301898	-267.660414977	32.212430064
58.9	2806.15181764	-274.288521822	38.8114201227
58.95	2525.80182261	-270.280461544	34.9339458642
59.0	2648.26599389	-271.983983019	36.6277274947
59.05	2620.84198799	-271.667073997	36.24843062
59.1	2675.8857436	-272.484310782	37.0097316697
59.15	2712.36866172	-272.942866607	37.514320856
59.2	2629.43145962	-271.704627923	36.3672301768
59.25	2746.33503405	-273.35791197	37.9841041152
59.3	2962.18508258	-276.515762993	40.9694903172
59.35	2713.02129341	-272.888303921	37.5233472966
59.4	2675.35203253	-272.550558728	37.0023500004
59.45	2357.27749599	-267.968821768	32.6031138685
59.5	2807.44866906	-274.317542252	38.8293566595
59.55	2391.73869079	-268.507993051	33.0797409351
59.6	2733.71170313	-273.343691028	37.8095129199
59.65	2474.03146301	-269.691991089	34.2179186116
59.7	2747.99272537	-273.559052989	38.0070313687
59.75	2702.98026662	-272.85458166	37.3844715213
59.8	2707.38371437	-272.899038705	37.4453748765
59.85	3025.97228929	-277.387395694	41.851720588
59.9	2569.61563702	-270.947763572	35.5399274605
59.95	2589.32814323	-271.268455576	35.8125678627
60.0	2699.28312502	-272.673825413	37.3333369695
60.05	2555.46192275	-270.798182659	35.3441697872
60.1	2476.82112977	-269.666123443	34.2565020295
60.15	2427.20376991	-268.948293523	33.5702525591
60.2	2772.11543153	-273.786563186	38.3406685145
60.25	2092.794726	-264.097246225	28.9450965662
60.3	2669.10493218	-272.234152261	36.9159473922
60.35	2692.28318752	-272.513138799	37.2365219954
60.4	2664.64357106	-272.1532948	36.8542430468
60.45	2675.92000925	-272.336890355	37.0102055921
60.5	2665.27116189	-272.208826148	36.8629231515
60.55	2451.85865577	-269.355135771	33.9112501941
60.6	2496.53129893	-269.851545846	34.5291101084
60.65	2375.09346385	-268.287250691	32.8495235635
60.7	2662.97524543	-272.35894052	36.8311687119
60.75	2494.72066781	-270.038451939	34.5040675699
60.8	2594.88421062	-271.344354199	35.8894129089
60.85	2600.23373462	-271.430798914	35.9634012875
60.9	2610.18061361	-271.557260477	36.1009749202
60.95	2627.82307133	-271.804822134	36.3449848252
61.0	2736.98253506	-273.372393377	37.8547512537
61.05	2754.96601561	-273.655993041	38.1034777889
61.1	2515.20176571	-270.203802269	34.7873382362
61.15	2568.09823862	-270.980508135	35.518940575
61.2	2736.68628442	-273.272974288	37.8506538602
61.25	2770.16301789	-273.733476073	38.3136650055
61.3	2443.53312611	-269.173406853	33.7961011749
61.35	2411.83978387	-268.794461695	33.3577558177
61.4	2445.63433094	-269.19667958	33.8251625902
61.45	2743.99032546	-273.437271838	37.9516748397
61.5	2766.12186303	-273.65990927	38.2577724632
61.55	2986.3798597	-276.764917125	41.3041242645
61.6	2500.30310905	-269.963325613	34.5812773882
61.65	2748.28878262	-273.418682525	38.0111260874
61.7	2645.95243391	-272.09043667	36.5957290306
61.75	2671.01844126	-272.293740079	36.9424128187
61.8	2682.84909632	-272.472109687	37.1060406456
61.85	2554.48350891	-270.64512726	35.3306375077
61.9	2557.29137397	-270.878025466	35.3694726235
61.95	2627.32185123	-271.703527404	36.3380525332
62.0	2753.62309042	-273.486986657	38.0849040134
