# 	 t 	 T	E	K
2.05	1279.28691897	-301.946576169	17.6936050849
2.1	1296.21099771	-302.173271318	17.9276792094
2.15	1409.90171707	-303.797076447	19.5001166826
2.2	1208.37315045	-300.976679983	16.7128085202
2.25	1401.65138925	-303.65083221	19.3860077676
2.3	1196.42993427	-300.759068211	16.5476238792
2.35	1425.13091261	-303.993237006	19.7107491589
2.4	1238.33653996	-301.396371293	17.1272271883
2.45	1288.25006629	-302.103311683	17.8175728881
2.5	1226.13843722	-301.161934785	16.9585172536
2.55	1338.60697544	-302.76744268	18.5140509421
2.6	1318.07321769	-302.490802775	18.2300519461
2.65	1202.66714613	-300.866916016	16.6338897214
2.7	1381.09129133	-303.400235756	19.1016444651
2.75	1200.14698769	-300.801591519	16.5990338283
2.8	1447.95854815	-304.330557908	20.0264743978
2.85	1180.46718391	-300.599623953	16.3268457279
2.9	1437.78314185	-304.202283786	19.8857400418
2.95	1266.31428386	-301.745691073	17.5141827215
3.0	1363.78596512	-303.142152496	18.86229737
3.05	1206.05661653	-300.903227257	16.6807689241
3.1	1322.97366866	-302.56043495	18.2978292703
3.15	1249.77556058	-301.526209323	17.2854383842
3.2	1337.55718142	-302.749025808	18.4995314151
3.25	1339.24610158	-302.77670888	18.5228905896
3.3	1286.92449305	-302.045574312	17.7992391046
3.35	1318.79879957	-302.497809601	18.2400873486
3.4	1308.60224579	-302.371308476	18.0990605054
3.45	1212.91252531	-301.006361624	16.7755918607
3.5	1347.84329848	-302.925003583	18.6417969933
3.55	1298.28022109	-302.222288964	17.9562982947
3.6	1293.40940544	-302.17048648	17.8889308517
3.65	1285.97466532	-302.048223564	17.7861021949
3.7	1292.2545253	-302.134436095	17.8729578962
3.75	1253.81029823	-301.591560178	17.3412421712
3.8	1365.63729922	-303.165319497	18.8879028648
3.85	1322.14087948	-302.560962427	18.2863111013
3.9	1344.7786121	-302.854821098	18.5994098246
3.95	1280.99163206	-301.982646741	17.7171826888
4.0	1244.26109135	-301.472565364	17.2091686754
4.05	1302.44878009	-302.277687771	18.0139529425
4.1	1355.50154574	-303.032325334	18.7477169403
4.15	1280.62514061	-301.974571749	17.7121138063
4.2	1294.90041412	-302.167471112	17.9095527453
4.25	1276.72658429	-301.887147319	17.6581935209
4.3	1426.6380282	-304.022033424	19.7315938244
4.35	1141.3328919	-300.013188351	15.7855858293
4.4	1286.42988934	-302.054924004	17.7923983227
4.45	1417.12505394	-303.854148106	19.6000214562
4.5	1221.27462565	-301.112407185	16.8912466829
4.55	1310.57224387	-302.397137059	18.126307222
4.6	1260.60187867	-301.701322623	17.4351753932
4.65	1203.60809849	-300.880925956	16.6469038773
4.7	1422.26257175	-303.931170363	19.6710776124
4.75	1303.86096216	-302.288876388	18.0334845984
4.8	1179.57423189	-300.570026577	16.3144954567
4.85	1356.64513722	-303.051884583	18.7635337643
4.9	1269.72504491	-301.796905327	17.5613563915
4.95	1419.98241444	-303.925573834	19.639541135
5.0	1193.73738743	-300.731853279	16.5103837107
5.05	1383.4488964	-303.411396788	19.1342521096
5.1	1361.96070769	-303.107113253	18.8370525373
5.15	1213.84612944	-301.026236709	16.7885043845
5.2	1235.87863287	-301.354558463	17.0932322832
5.25	1285.12219906	-302.039171597	17.7743118754
5.3	1324.95877001	-302.581471209	18.3252848776
5.35	1279.96689869	-301.920120157	17.7030097716
5.4	1422.68307172	-303.95263617	19.6768934777
5.45	1280.42477851	-301.979110307	17.7093426313
5.5	1209.77856301	-300.991093996	16.7322465481
5.55	1235.24139878	-301.333898022	17.0844188043
5.6	1310.40890615	-302.38517787	18.1240481251
5.65	1354.41182009	-302.979815126	18.7326451257
5.7	1286.05699806	-302.011272477	17.7872409253
5.75	1364.31361182	-303.180529489	18.869595164
5.8	1184.6570081	-300.609845671	16.384794491
5.85	1320.64380686	-302.527380027	18.2656053383
5.9	1235.34670319	-301.332515045	17.0858752521
5.95	1274.64519371	-301.875394672	17.6294061531
6.0	1495.86914824	-304.974436772	20.6891179572
6.05	1264.45375882	-301.736131351	17.4884501084
6.1	1209.34651588	-300.971601314	16.726270976
6.15	1280.93721091	-301.948772242	17.7164299988
6.2	1356.67729881	-303.022904981	18.7639785859
6.25	1288.99767009	-302.107074707	17.8279128722
6.3	1325.77051127	-302.61534328	18.3365119362
6.35	1244.48549484	-301.443476394	17.2122723629
6.4	1443.1927702	-304.247379996	19.9605597139
6.45	1212.59574966	-300.992787356	16.7712105892
6.5	1364.23087926	-303.144255317	18.8684509037
6.55	1226.8100345	-301.186214642	16.9678060041
6.6	1353.31979096	-302.997916232	18.717541452
6.65	1213.65439567	-301.038352589	16.7858525465
6.7	1284.2740226	-302.017570947	17.7625808877
6.75	1251.60825763	-301.568621823	17.3107861131
6.8	1299.40197436	-302.234923476	17.971813078
6.85	1259.25524266	-301.642899959	17.416550294
6.9	1386.39178823	-303.455104533	19.1749547581
6.95	1370.86869751	-303.232155025	18.9602574663
7.0	1224.1837829	-301.161487006	16.931482754
7.05	1290.2319246	-302.105887311	17.8449836415
7.1	1368.8135938	-303.191545169	18.931833668
7.15	1210.61058724	-300.975603817	16.7437541372
7.2	1370.03518232	-303.237604805	18.9487292561
7.25	1263.76049686	-301.724470395	17.4788617172
7.3	1284.76812202	-302.00950559	17.7694146947
7.35	1288.10960185	-302.071064603	17.8156301478
7.4	1204.83207284	-300.909657079	16.6638324635
7.45	1266.66919203	-301.788629155	17.5190913974
7.5	1315.92370474	-302.472437046	18.2003223892
7.55	1452.05563193	-304.378731307	20.0831404837
7.6	1330.37099356	-302.662901416	18.4001404434
7.65	1309.96859147	-302.386798545	18.1179582058
7.7	1246.01261024	-301.473041578	17.2333936426
7.75	1258.08051014	-301.657236483	17.4003027634
7.8	1177.98961327	-300.527005792	16.2925788596
7.85	1342.50495566	-302.831869738	18.5679632596
7.9	1303.91532997	-302.287771006	18.0342365505
7.95	1408.31690414	-303.760050747	19.4781973979
8.0	1273.49291132	-301.856566802	17.6134691266
8.05	1320.65940677	-302.567345259	18.2658210981
8.1	1289.7816848	-302.103620065	17.8387564496
8.15	1325.10449605	-302.5771352	18.3273003902
8.2	1243.85695173	-301.439174597	17.2035790875
8.25	1294.82773126	-302.183345185	17.9085474807
8.3	1316.27012773	-302.481431019	18.205113708
8.35	1239.7738656	-301.379586938	17.1471066008
8.4	1332.33422109	-302.697414713	18.4272935176
8.45	1389.95505969	-303.504617661	19.2242377743
8.5	1204.54627255	-300.872584956	16.6598796071
8.55	1344.34701707	-302.864825596	18.5934405053
8.6	1267.16546723	-301.748292352	17.5259552974
8.65	1247.77379129	-301.509106378	17.2577522454
8.7	1257.91206001	-301.684577371	17.3979729576
8.75	1322.48836928	-302.537346684	18.2911171751
8.8	1364.49802577	-303.136082538	18.8721457627
8.85	1266.01059956	-301.746211943	17.5099825143
8.9	1269.41837596	-301.786073548	17.5571149042
8.95	1410.26775019	-303.805474407	19.5051792259
9.0	1214.81803031	-301.035994669	16.8019465842
9.05	1239.35305206	-301.377080146	17.1412863984
9.1	1320.28747315	-302.515775917	18.2606769459
9.15	1359.05807568	-303.045663202	18.7969067157
9.2	1369.68573631	-303.218663188	18.9438961263
9.25	1310.11928138	-302.413346524	18.120042373
9.3	1191.51346481	-300.7296374	16.4796250059
9.35	1265.81649792	-301.759691236	17.5072979267
9.4	1360.15301429	-303.087932542	18.8120506299
9.45	1325.52573437	-302.59965877	18.3331264677
9.5	1336.08844939	-302.743262143	18.4792176262
9.55	1327.26403044	-302.65249335	18.3571685521
9.6	1280.42754788	-301.986291621	17.709380934
9.65	1339.93975042	-302.79432547	18.5324843317
9.7	1352.63458824	-302.979736285	18.7080645268
9.75	1143.9925156	-300.044727479	15.8223706434
9.8	1299.95311131	-302.216961126	17.9794357617
9.85	1500.69465838	-305.049949676	20.7558587871
9.9	1225.23533423	-301.197367959	16.9460265859
9.95	1254.53999189	-301.616856686	17.351334443
10.0	1250.0959542	-301.5441238	17.2898696953
10.05	1359.58947069	-303.074893231	18.804256352
10.1	1299.48285755	-302.224375725	17.97293176
10.15	1318.06740828	-302.49675991	18.2299715971
10.2	1253.74561176	-301.578124683	17.3403475034
10.25	1306.253621	-302.310622306	18.0665770656
10.3	1276.2611207	-301.928125213	17.6517557712
10.35	1374.9832434	-303.320505028	19.0171650677
10.4	1328.80538469	-302.643428469	18.378486767
10.45	1322.60389125	-302.536227589	18.2927149402
10.5	1220.47595345	-301.094338079	16.8802003802
10.55	1355.42426572	-303.015016198	18.7466480932
10.6	1354.55341256	-302.991177409	18.7346034677
10.65	1276.83890666	-301.907660282	17.6597470328
10.7	1259.910962	-301.665666001	17.4256194393
10.75	1241.69580938	-301.405180404	17.1736886863
10.8	1354.9147614	-303.014002461	18.7396012235
10.85	1363.96560521	-303.131854125	18.8647819423
10.9	1247.80302617	-301.50828898	17.2581565881
10.95	1260.31051615	-301.709709638	17.4311456065
11.0	1248.27135368	-301.511344894	17.2646339482
11.05	1292.1069289	-302.105848824	17.8709165149
11.1	1446.79367867	-304.314871155	20.0103632814
11.15	1320.25079971	-302.535049415	18.2601697216
11.2	1276.53834099	-301.877027048	17.655589959
11.25	1348.25221751	-302.948464127	18.6474526845
11.3	1217.57786281	-301.127369323	16.8401173695
11.35	1280.76353355	-301.957668997	17.7140278961
11.4	1307.70982729	-302.309743601	18.0867176132
11.45	1379.53954496	-303.361009826	19.0801825186
11.5	1247.65221827	-301.509332811	17.2560707891
11.55	1387.21587871	-303.466744046	19.1863526168
11.6	1219.24870395	-301.097049344	16.863226496
11.65	1269.8215047	-301.812847911	17.5626905109
11.7	1335.89325756	-302.763993772	18.4765179603
11.75	1209.99623754	-300.979624269	16.7352571685
11.8	1429.50582229	-304.086958938	19.7712578087
11.85	1274.03049657	-301.896794499	17.6209043789
11.9	1327.06460104	-302.610869048	18.3544102771
11.95	1231.38094861	-301.259795737	17.0310255586
12.0	1405.1404296	-303.700151719	19.4342641057
12.05	1284.9516503	-302.037021557	17.7719530438
12.1	1346.01150759	-302.913578077	18.6164617974
12.15	1183.68862739	-300.594937003	16.3714009781
12.2	1405.22480444	-303.746872957	19.43543108
12.25	1226.02949264	-301.193207445	16.9570104591
12.3	1397.45750893	-303.622352125	19.3280029048
12.35	1329.8198422	-302.647544976	18.3925175604
12.4	1284.53114587	-302.046260965	17.7661371169
12.45	1215.29198959	-301.067590435	16.8085018362
12.5	1294.45193294	-302.14597697	17.9033498765
12.55	1420.77469418	-303.928862701	19.6504990246
12.6	1131.14287459	-299.850335782	15.6446493909
12.65	1368.29888784	-303.186703153	18.9247148553
12.7	1295.91793687	-302.149383713	17.9236259337
12.75	1266.90486666	-301.778646515	17.5223509741
12.8	1145.5127535	-300.088591808	15.8433968015
12.85	1351.28233476	-302.950695601	18.6893617333
12.9	1298.37939347	-302.190437158	17.9576699314
12.95	1457.54126014	-304.478388338	20.1590112972
13.0	1204.7116562	-300.892351194	16.6621670009
13.05	1252.04431691	-301.558073712	17.3168171765
13.1	1374.51990644	-303.27863308	19.0107567312
13.15	1189.13269286	-300.650861481	16.4466969442
13.2	1323.56373833	-302.587318623	18.3059904259
13.25	1369.71861477	-303.228126893	18.9443508628
13.3	1313.9685302	-302.404780182	18.1732806946
13.35	1185.27822878	-300.611925089	16.3933864912
13.4	1301.63344922	-302.276147474	18.0026762365
13.45	1194.51914579	-300.751312394	16.5211960809
13.5	1413.6407805	-303.805510825	19.5518310484
13.55	1252.58340144	-301.547884057	17.3242731652
13.6	1400.64882809	-303.662132411	19.3721415105
13.65	1203.06875429	-300.867374132	16.6394442972
13.7	1382.33193614	-303.392096598	19.1188036175
13.75	1309.0422164	-302.348870606	18.105145666
13.8	1252.04212879	-301.583475007	17.316786913
13.85	1318.40179908	-302.487554056	18.2345965008
13.9	1167.47016732	-300.378573245	16.1470861482
13.95	1407.27406674	-303.772094266	19.4637740868
14.0	1293.42268145	-302.14786252	17.8891144701
14.05	1415.86265333	-303.873282328	19.5825614027
14.1	1239.00392161	-301.413538441	17.1364576332
14.15	1168.95479486	-300.399982785	16.1676197854
14.2	1386.20212674	-303.446825812	19.1723315816
14.25	1421.59157972	-303.945680045	19.661797233
14.3	1150.91711364	-300.122096501	15.9181436098
14.35	1295.68351975	-302.187300234	17.9203837494
14.4	1346.24408695	-302.894816556	18.619678564
14.45	1274.98593365	-301.896877273	17.6341188706
14.5	1263.42475648	-301.728591018	17.4742181478
14.55	1320.06983638	-302.483106858	18.2576668479
14.6	1286.17922773	-302.041070582	17.7889314636
14.65	1304.50975395	-302.307135524	18.04245793
14.7	1335.24379025	-302.715322512	18.4675352859
14.75	1251.98429557	-301.576421568	17.3159870313
14.8	1188.41693362	-300.669698276	16.4367973969
14.85	1379.84122968	-303.34611353	19.0843550698
14.9	1314.72763603	-302.446325347	18.1837797613
14.95	1246.15545217	-301.517950238	17.2353692656
15.0	1398.62002121	-303.607759521	19.3440814193
15.05	1288.56760872	-302.068952828	17.8219647648
15.1	1226.43314501	-301.224498101	16.962593308
15.15	1332.3807899	-302.718295541	18.4279376031
15.2	1250.45056765	-301.549158669	17.294774295
15.25	1301.86961488	-302.264266785	18.0059426045
15.3	1186.52537045	-300.638697254	16.4106355006
15.35	1285.47990877	-302.019167678	17.7792592992
15.4	1381.12715596	-303.3480979	19.1021405028
15.45	1264.12087111	-301.72609672	17.4838459937
15.5	1212.11257854	-301.013215092	16.7645279296
15.55	1283.36198729	-301.995393583	17.7499666786
15.6	1409.76826312	-303.775966318	19.4982709031
15.65	1201.38938785	-300.853975663	16.6162172587
15.7	1249.00842482	-301.528845773	17.2748282569
15.75	1310.87294445	-302.399374221	18.1304661617
15.8	1314.59981661	-302.432919674	18.1820119121
15.85	1308.28746577	-302.368699744	18.0947068352
15.9	1322.5687974	-302.565361072	18.292229563
15.95	1418.72206452	-303.893136392	19.6221094444
16.0	1241.98140939	-301.425411996	17.1776387726
16.05	1240.03715868	-301.378168251	17.1507481636
16.1	1255.77745756	-301.607796692	17.3684496254
16.15	1300.32080066	-302.247912051	17.9845212121
16.2	1324.98096986	-302.622992022	18.3255919201
16.25	1285.42363464	-302.064239593	17.778480981
16.3	1317.89789915	-302.506068301	18.2276271445
16.35	1291.19763193	-302.111328028	17.8583401793
16.4	1346.69374768	-302.868325209	18.625897747
16.45	1228.31328723	-301.243275951	16.9885972431
16.5	1374.58314436	-303.295232585	19.0116313644
16.55	1238.51309294	-301.332640298	17.1296690633
16.6	1250.77227182	-301.530008586	17.299223732
16.65	1292.05272387	-302.149534349	17.8701668141
16.7	1400.04453382	-303.671562365	19.3637836168
16.75	1342.2602221	-302.821020689	18.5645783904
16.8	1217.27151456	-301.074634292	16.8358803177
16.85	1342.9634752	-302.829408908	18.5743049673
16.9	1211.06585509	-300.988137351	16.7500508713
16.95	1307.49116769	-302.36634228	18.0836933686
17.0	1310.11938707	-302.382511552	18.1200438347
17.05	1319.3553798	-302.482082377	18.2477853175
17.1	1257.38187341	-301.623436132	17.3906400348
17.15	1296.15947735	-302.195842334	17.92696664
17.2	1226.53300225	-301.188123163	16.9639744169
17.25	1216.83126545	-301.057864455	16.8297913053
17.3	1294.26692118	-302.156102938	17.9007910097
17.35	1418.92610357	-303.891042982	19.6249314747
17.4	1322.85934261	-302.545863888	18.2962480456
17.45	1236.71103119	-301.343127375	17.1047450463
17.5	1255.77767186	-301.618590575	17.3684525894
17.55	1262.93165485	-301.71118636	17.4673981409
17.6	1293.4921018	-302.141481031	17.8900746114
17.65	1337.53100775	-302.777113395	18.4991694115
17.7	1335.91961954	-302.721462857	18.4768825686
17.75	1303.13318315	-302.267812517	18.0234188076
17.8	1171.1595556	-300.450904535	16.1981134654
17.85	1392.5315155	-303.566367852	19.2598723071
17.9	1375.08770093	-303.294191092	19.0186098026
17.95	1349.30339834	-302.969549578	18.6619913921
18.0	1274.25849329	-301.904456936	17.6240577638
18.05	1358.7784508	-303.076846665	18.7930392704
18.1	1289.37866871	-302.121597694	17.8331824009
18.15	1243.66561171	-301.450273068	17.2009326954
18.2	1353.36322962	-302.985545593	18.7181422449
18.25	1392.99531181	-303.552751933	19.266286997
18.3	1258.35609879	-301.660353232	17.4041143844
18.35	1297.28273125	-302.209060459	17.9425021782
18.4	1274.47930125	-301.893087947	17.627111722
18.45	1291.66154867	-302.091055361	17.8647565348
18.5	1304.6147117	-302.275601444	18.0439095831
18.55	1398.47566475	-303.620208174	19.342084849
18.6	1277.41142879	-301.916773378	17.6676654915
18.65	1239.38497323	-301.369549921	17.1417278949
18.7	1210.3777849	-300.994172221	16.7405342867
18.75	1318.4045058	-302.538163028	18.2346339369
18.8	1219.9596847	-301.088396999	16.8730599528
18.85	1431.73974232	-304.073471328	19.8021547858
18.9	1252.97083875	-301.592136476	17.3296317463
18.95	1308.56670542	-302.381228463	18.0985689525
19.0	1237.87118812	-301.371481449	17.1207909843
19.05	1326.80299127	-302.631397486	18.3507919958
19.1	1259.21118035	-301.645237953	17.4159408756
19.15	1330.45164258	-302.658140094	18.4012558866
19.2	1401.9414187	-303.693462701	19.3900191167
19.25	1301.95498012	-302.268958636	18.007123277
19.3	1310.12694222	-302.381019053	18.1201483287
19.35	1254.46177084	-301.598647637	17.3502525807
19.4	1326.9281511	-302.629046536	18.3525230606
19.45	1241.31229651	-301.433084788	17.1683843834
19.5	1297.43271846	-302.238870879	17.9445766265
19.55	1269.52676039	-301.813441961	17.5586139512
19.6	1412.45368095	-303.815952087	19.5354124714
19.65	1337.90285492	-302.775131074	18.504312368
19.7	1242.46284916	-301.443763311	17.1842974861
19.75	1255.45970048	-301.639944856	17.3640547799
19.8	1339.58200147	-302.816419372	18.5275363653
19.85	1284.09988865	-302.022260705	17.7601724699
19.9	1315.32576243	-302.441733344	18.1920523484
19.95	1335.58093659	-302.757069047	18.4721983009
20.0	1344.70382267	-302.89635183	18.5983754244
20.05	1217.88998597	-301.077447689	16.8444342931
20.1	1325.66387906	-302.589437159	18.3350371239
20.15	1271.10136567	-301.848280797	17.5803920556
20.2	1387.59142794	-303.493797141	19.1915467759
20.25	1254.7246617	-301.632066205	17.3538885806
20.3	1404.14549051	-303.70317295	19.4205032682
20.35	1324.64226849	-302.575858716	18.3209073977
20.4	1309.93470274	-302.388190694	18.1174894964
20.45	1201.16950178	-300.849925766	16.6131760509
20.5	1265.16393639	-301.760064299	17.4982724564
20.55	1399.65063853	-303.640392459	19.3583357163
20.6	1277.70447423	-301.910136879	17.6717185542
20.65	1246.46913527	-301.493882161	17.2397077645
20.7	1458.39841107	-304.445262067	20.1708664095
20.75	1187.22481941	-300.642843348	16.4203094631
20.8	1263.95383572	-301.766023166	17.4815357549
20.85	1177.07272764	-300.521127824	16.2798975665
20.9	1361.18923267	-303.117478984	18.8263823944
20.95	1346.05979885	-302.887073024	18.6171297059
21.0	1268.43557752	-301.771455707	17.543521982
21.05	1366.19445665	-303.185845675	18.8956088167
21.1	1179.5826561	-300.528875956	16.3146119706
21.15	1405.58907172	-303.686572023	19.4404692004
21.2	1225.43815932	-301.188140986	16.9488318261
21.25	1330.04163067	-302.652000623	18.3955850799
21.3	1276.2194153	-301.885269743	17.6511789507
21.35	1109.86120212	-299.559508353	15.3503061105
21.4	1357.37341429	-303.069572771	18.7736064436
21.45	1393.77051511	-303.592324765	19.2770087051
21.5	1326.19776824	-302.592182262	18.3424212565
21.55	1387.18769701	-303.452579437	19.1859628403
21.6	1185.85615142	-300.635567635	16.4013796432
21.65	1338.06671089	-302.766891188	18.5065786327
21.7	1386.59509368	-303.449703591	19.1777666421
21.75	1075.52925402	-299.088194721	14.8754666336
21.8	1307.27451128	-302.337498808	18.0806968297
21.85	1339.20864768	-302.79036223	18.522372571
21.9	1263.67184722	-301.736426604	17.4776356188
21.95	1345.42646155	-302.872158595	18.6083701228
22.0	1344.4143856	-302.852146181	18.5943722683
22.05	1353.4989771	-302.964856844	18.7200197458
22.1	1172.63771921	-300.455615122	16.2185577009
22.15	1257.22222333	-301.663489761	17.388431941
22.2	1351.0580229	-302.924968036	18.6862593132
22.25	1361.23096464	-303.099293107	18.8269595824
22.3	1168.89804095	-300.413431063	16.1668348315
22.35	1326.49888467	-302.66892545	18.3465859479
22.4	1432.48968553	-304.085317548	19.812527126
22.45	1368.06326841	-303.164278617	18.921456042
22.5	1111.77836396	-299.569864939	15.3768220577
22.55	1408.11378327	-303.752386469	19.4753880669
22.6	1291.20015303	-302.107926054	17.8583750482
22.65	1261.02910284	-301.720292684	17.4410842597
22.7	1208.3573409	-300.948453908	16.7125898611
22.75	1521.62345625	-305.335360892	21.0453215174
22.8	1286.52841465	-302.055953153	17.7937610099
22.85	1088.06466392	-299.248298232	15.0488418077
22.9	1406.49070878	-303.708492129	19.452939593
22.95	1287.20274254	-302.03752391	17.8030875272
23.0	1292.36045239	-302.111934803	17.8744229561
23.05	1246.02328463	-301.461672607	17.2335412783
23.1	1321.29159275	-302.544829028	18.2745647575
23.15	1304.85673582	-302.297787788	18.0472569786
23.2	1333.24445504	-302.691179397	18.4398828122
23.25	1259.09856295	-301.660308103	17.4143832829
23.3	1266.15491866	-301.763185825	17.5119785678
23.35	1362.75975743	-303.120714305	18.8481040618
23.4	1347.06180054	-302.92558229	18.630988225
23.45	1270.59528403	-301.855248963	17.5733925243
23.5	1184.63237579	-300.619968193	16.3844538056
23.55	1332.60341901	-302.705611406	18.4310167493
23.6	1333.91148098	-302.716438839	18.4491083373
23.65	1409.95553068	-303.794723731	19.5008609696
23.7	1280.14731889	-301.968115384	17.7055051334
23.75	1227.59174797	-301.196956409	16.9786177533
23.8	1342.69738998	-302.834833479	18.5706247868
23.85	1139.94412847	-300.002800105	15.7663780728
23.9	1486.12227605	-304.866052571	20.5543105853
23.95	1281.85275427	-301.959683475	17.7290927271
24.0	1300.60048315	-302.242844585	17.9883894542
24.05	1324.1220979	-302.578471362	18.3137130046
24.1	1201.86684358	-300.85046652	16.6228208697
24.15	1275.39059359	-301.895482269	17.6397156552
24.2	1366.83761997	-303.17781051	18.9045043019
24.25	1297.79556519	-302.21634501	17.9495950994
24.3	1286.51861537	-302.056806275	17.7936254778
24.35	1299.46424741	-302.200481907	17.9726743662
24.4	1332.34334419	-302.688623633	18.4274196976
24.45	1335.26531449	-302.777442698	18.467832984
24.5	1312.61593613	-302.417555946	18.1545731905
24.55	1254.21607259	-301.561636891	17.346854369
24.6	1266.62639729	-301.750020042	17.5184995105
24.65	1290.56669465	-302.097187938	17.8496137905
24.7	1234.38930515	-301.348555881	17.0726336387
24.75	1247.37248315	-301.509539943	17.2522018192
24.8	1406.54516138	-303.720440558	19.4536927178
24.85	1349.02030908	-302.913274846	18.6580760316
24.9	1257.24968736	-301.636525334	17.3888117915
24.95	1248.55530114	-301.527940381	17.2685611784
25.0	1334.9155237	-302.72938313	18.4629950857
25.05	1268.5389682	-301.796701523	17.5449519614
25.1	1327.26436567	-302.609752408	18.3571731886
25.15	1394.26252842	-303.546938326	19.2838136596
25.2	1284.95337483	-302.041416685	17.7719768956
25.25	1253.82607233	-301.609958796	17.3414603401
25.3	1334.68120262	-302.721862634	18.4597542297
25.35	1364.0973444	-303.130714127	18.8666040051
25.4	1276.98873998	-301.920239033	17.6618193526
25.45	1155.78780314	-300.22136886	15.9855093079
25.5	1309.83746035	-302.403239211	18.116144553
25.55	1346.52020659	-302.88372778	18.623497529
25.6	1385.60884774	-303.420682268	19.1641260382
25.65	1325.65268081	-302.613677486	18.3348822427
25.7	1224.13004761	-301.188621599	16.9307395501
25.75	1239.07623418	-301.383651376	17.1374577764
25.8	1351.25681809	-302.953800028	18.6890088166
25.85	1345.3991935	-302.876799005	18.607992983
25.9	1217.25258125	-301.066557974	16.8356184542
25.95	1272.12052546	-301.833657404	17.5944878854
26.0	1377.84360899	-303.315210257	19.0567263096
26.05	1245.41448779	-301.466924038	17.2251211102
26.1	1407.21919542	-303.762739749	19.4630151707
26.15	1208.87766899	-300.97268421	16.7197864325
26.2	1337.3350405	-302.784250205	18.496459021
26.25	1388.80955189	-303.488897245	19.208394446
26.3	1363.12501998	-303.111023808	18.8531559475
26.35	1180.89282832	-300.51249144	16.3327327451
26.4	1330.56970465	-302.672331695	18.4028887835
26.45	1259.44213479	-301.695760124	17.4191351681
26.5	1223.79797519	-301.15146808	16.9261467116
26.55	1383.07628818	-303.387363756	19.1290986271
26.6	1331.17998145	-302.682765202	18.4113294206
26.65	1279.85661352	-301.960715306	17.7014844357
26.7	1343.30603033	-302.85320819	18.5790427905
26.75	1185.91991171	-300.650831608	16.4022615013
26.8	1327.13647038	-302.622060626	18.3554042901
26.85	1248.9011956	-301.491365973	17.2733451873
26.9	1444.80949877	-304.283374672	19.9829204185
26.95	1196.77373108	-300.806866475	16.5523788759
27.0	1386.4669949	-303.487232467	19.1759949291
27.05	1243.03780697	-301.475328541	17.1922496322
27.1	1369.76225223	-303.23975676	18.9449544053
27.15	1380.28732474	-303.337551171	19.0905249366
27.2	1299.98966985	-302.270591166	17.9799413968
27.25	1244.4268948	-301.493994581	17.2114618754
27.3	1246.40637562	-301.461380798	17.2388397462
27.35	1459.53210222	-304.479975671	20.1865463036
27.4	1275.06556991	-301.881984091	17.6352203066
27.45	1260.59132669	-301.699322724	17.4350294506
27.5	1291.88567362	-302.140151171	17.8678563697
27.55	1247.99519516	-301.496196419	17.2608144456
27.6	1382.15648171	-303.385614104	19.1163769364
27.65	1159.91761219	-300.252790498	16.0426280116
27.7	1315.67032819	-302.477174632	18.1968179802
27.75	1437.49686287	-304.175818874	19.8817805649
27.8	1313.10572246	-302.410070196	18.161347344
27.85	1236.00229418	-301.332992398	17.0949426222
27.9	1152.54297318	-300.149610401	15.9406306032
27.95	1295.16775179	-302.178438112	17.9132502482
28.0	1327.70337101	-302.626205728	18.3632449986
28.05	1277.75879253	-301.89981522	17.6724698217
28.1	1339.10409494	-302.78725976	18.5209265194
28.15	1332.64525638	-302.703208857	18.4315953951
28.2	1245.13149626	-301.475157051	17.2212071014
28.25	1326.05737874	-302.60370717	18.3404795526
28.3	1310.51973469	-302.370460975	18.1255809761
28.35	1301.41803365	-302.283318127	17.9996968595
28.4	1268.48873314	-301.805586788	17.5442571686
28.45	1298.29251543	-302.184709161	17.9564683357
28.5	1349.72021125	-302.926756762	18.6677562623
28.55	1217.06130157	-301.06726119	16.8329728966
28.6	1404.84849586	-303.734134123	19.4302264185
28.65	1252.75799645	-301.566419691	17.3266879598
28.7	1244.2153278	-301.447697119	17.2085357275
28.75	1234.06426348	-301.319640767	17.0681380412
28.8	1340.82160137	-302.798768602	18.5446810659
28.85	1371.01960039	-303.233146468	18.962344579
28.9	1337.59938463	-302.780546495	18.5001151208
28.95	1313.86177383	-302.470064876	18.171804165
29.0	1193.63214807	-300.741073871	16.5089281625
29.05	1365.44824735	-303.16300808	18.8852881196
29.1	1258.99164373	-301.67121557	17.4129045009
29.15	1290.05947229	-302.092533993	17.8425984822
29.2	1447.58007844	-304.293256736	20.0212398461
29.25	1358.88790277	-303.064135671	18.7945530825
29.3	1139.13221577	-299.993377833	15.7551486429
29.35	1339.34295693	-302.792900299	18.52423018
29.4	1250.52924559	-301.532204459	17.2958624766
29.45	1314.05955639	-302.428287199	18.1745396627
29.5	1285.52623668	-302.004980343	17.7799000528
29.55	1268.55915303	-301.776840011	17.5452311345
29.6	1306.00751574	-302.334585921	18.0631732247
29.65	1332.31177997	-302.696828816	18.4269831382
29.7	1320.76093158	-302.51443754	18.2672252709
29.75	1228.3910273	-301.236172834	16.9896724531
29.8	1280.52055475	-301.985999588	17.7106672966
29.85	1299.20230727	-302.195275204	17.9690515156
29.9	1377.15131609	-303.287414683	19.0471513213
29.95	1241.83364923	-301.401615226	17.1755951263
30.0	1283.54075406	-302.01138702	17.7524391722
30.05	1284.75880162	-302.036060755	17.7692857858
30.1	1216.01556109	-301.047499749	16.8185094336
30.15	1370.61402365	-303.258735343	18.9567351145
30.2	1272.6929398	-301.86516545	17.6024048532
30.25	1321.78493038	-302.543788785	18.2813880284
30.3	1363.78981437	-303.122444893	18.8623506083
30.35	1257.43913165	-301.642601995	17.391431964
30.4	1274.78912131	-301.893254325	17.6313967919
30.45	1304.69101853	-302.275676392	18.0449649702
30.5	1320.48805802	-302.523341111	18.2634512019
30.55	1405.25344923	-303.730953124	19.4358272614
30.6	1240.91339012	-301.399251946	17.1628671752
30.65	1243.7302269	-301.460603714	17.2018263773
30.7	1242.02564343	-301.419870349	17.1782505663
30.75	1355.61299666	-303.009904892	18.7492583995
30.8	1368.63334143	-303.199019411	18.9293406274
30.85	1191.62656439	-300.698256601	16.4811892675
30.9	1345.76349665	-302.883152091	18.6130315994
30.95	1335.87264239	-302.705039313	18.4762328354
31.0	1261.74581424	-301.691169529	17.4509969763
31.05	1267.51438491	-301.808724514	17.53078112
31.1	1268.075541	-301.783391257	17.5385423767
31.15	1419.35731899	-303.915383419	19.6308955436
31.2	1158.57666232	-300.241995516	16.0240815564
31.25	1410.7389416	-303.824050232	19.5116961961
31.3	1239.10449884	-301.411193085	17.1378487001
31.35	1255.40215348	-301.608866096	17.3632588569
31.4	1380.36450844	-303.358654471	19.0915924515
31.45	1386.69389688	-303.476348528	19.1791331727
31.5	1267.60265112	-301.780610033	17.5320019152
31.55	1337.64823412	-302.735115545	18.50079075
31.6	1198.45335827	-300.787478314	16.5756095209
31.65	1383.03224732	-303.40772505	19.1284895052
31.7	1261.49080781	-301.712820491	17.4474700246
31.75	1331.50216688	-302.687988826	18.4157855138
31.8	1282.52672123	-301.981637611	17.7384142523
31.85	1233.36827761	-301.287839553	17.0585119762
31.9	1319.22687895	-302.49477671	18.2460080436
31.95	1359.57389052	-303.055227455	18.8040408652
32.0	1282.03816389	-301.983195537	17.7316570969
32.05	1347.64950104	-302.937468462	18.6391166131
32.1	1372.84856918	-303.266282722	18.9876407429
32.15	1127.01642157	-299.813479016	15.5875771038
32.2	1227.26214965	-301.227378444	16.9740591337
32.25	1419.41989758	-303.933331601	19.6317610577
32.3	1278.27136661	-301.911928725	17.6795591488
32.35	1302.3448815	-302.210009013	18.0125159383
32.4	1329.67429618	-302.637434263	18.3905045375
32.45	1259.19839481	-301.661089768	17.4157640409
32.5	1220.8537559	-301.113525129	16.8854257031
32.55	1284.36736043	-302.01612643	17.7638718276
32.6	1297.34005827	-302.183485584	17.9432950587
32.65	1275.92619908	-301.894724016	17.6471235258
32.7	1383.69610334	-303.41475491	19.1376711878
32.75	1275.7670217	-301.894399696	17.6449219699
32.8	1199.3879654	-300.826538858	16.5885359169
32.85	1442.10230264	-304.265103722	19.945477638
32.9	1161.26554079	-300.286298457	16.0612709884
32.95	1344.08931331	-302.832441958	18.5898762474
33.0	1249.46949725	-301.493972839	17.2812052732
33.05	1313.39723704	-302.433078031	18.1653792336
33.1	1254.994136	-301.605171246	17.3576156348
33.15	1421.08409348	-303.956286842	19.654778275
33.2	1301.50917944	-302.254352953	18.0009574817
33.25	1253.75983278	-301.572400471	17.3405441919
33.3	1246.5627826	-301.508341773	17.2410029852
33.35	1197.14247917	-300.809600804	16.5574789695
33.4	1416.28526771	-303.866056699	19.5884065121
33.45	1335.60225711	-302.712241512	18.4724931814
33.5	1277.22562987	-301.930721433	17.6650957375
33.55	1272.98003349	-301.880149676	17.6063755984
33.6	1319.42368676	-302.479689311	18.2487300597
33.65	1245.79045657	-301.470743153	17.230321072
33.7	1252.54107309	-301.596972695	17.3236877289
33.75	1424.85407868	-304.006236596	19.7069203146
33.8	1298.61246805	-302.212520117	17.9608935472
33.85	1307.66546713	-302.333793505	18.0861040752
33.9	1207.67958769	-300.924585709	16.7032159689
33.95	1312.23121959	-302.39085355	18.1492522398
34.0	1368.14201079	-303.180447139	18.9225451148
34.05	1252.81155954	-301.56375716	17.3274287821
34.1	1286.08103528	-302.027491791	17.7875733801
34.15	1313.35497035	-302.444351448	18.1647946502
34.2	1168.76152162	-300.389884534	16.1649466553
34.25	1334.20745671	-302.713667511	18.4532019285
34.3	1253.53569602	-301.571994993	17.3374441936
34.35	1260.42662711	-301.663117749	17.4327515179
34.4	1347.19730533	-302.895936693	18.6328623692
34.45	1328.90866829	-302.62504215	18.3799152653
34.5	1233.33862916	-301.308461298	17.0581019134
34.55	1200.2172919	-300.873915626	16.6000061941
34.6	1193.83962774	-300.740668435	16.5117977794
34.65	1381.84116688	-303.378228748	19.1120158694
34.7	1371.72803796	-303.252933235	18.9721428615
34.75	1276.87244278	-301.906749744	17.6602108654
34.8	1456.29560808	-304.432927586	20.1417828903
34.85	1176.30812339	-300.513134031	16.2693224521
34.9	1283.25477691	-302.001551329	17.7484838696
34.95	1261.27477882	-301.671779134	17.4444821635
35.0	1326.99196261	-302.616165612	18.3534056271
35.05	1226.34479473	-301.19343379	16.9613713501
35.1	1268.36027936	-301.780796538	17.5424805457
35.15	1348.34073684	-302.914702766	18.6486769807
35.2	1279.19643044	-301.947010543	17.6923535531
35.25	1256.52408292	-301.639565983	17.3787760768
35.3	1253.65330767	-301.580759847	17.3390708608
35.35	1407.84866654	-303.747172712	19.4717212813
35.4	1328.9973457	-302.619889661	18.3811417478
35.45	1275.59547337	-301.893939188	17.6425493134
35.5	1195.90269301	-300.779251474	16.5403316929
35.55	1321.61553821	-302.519817207	18.2790451934
35.6	1210.90574879	-300.973066214	16.7478364677
35.65	1372.56359364	-303.271391431	18.9836992934
35.7	1217.26762632	-301.095152718	16.8358265401
35.75	1372.53174231	-303.288326196	18.983258763
35.8	1329.87546868	-302.64348163	18.393286921
35.85	1436.78501977	-304.181067224	19.871935181
35.9	1258.39899718	-301.674554865	17.4047077049
35.95	1170.55212485	-300.431998008	16.1897121915
36.0	1315.49994424	-302.46716178	18.1944614281
36.05	1296.58890661	-302.208045065	17.9329060048
36.1	1377.21768353	-303.320132053	19.0480692384
36.15	1298.4483082	-302.210141734	17.9586230795
36.2	1415.22197951	-303.873589672	19.5737003495
36.25	1210.33660546	-300.953101436	16.7399647407
36.3	1226.86371022	-301.234937191	16.968548384
36.35	1237.04392212	-301.373643634	17.1093492055
36.4	1398.80915177	-303.604087197	19.3466972526
36.45	1373.8566822	-303.31178728	19.0015837868
36.5	1330.02890577	-302.682610456	18.395409084
36.55	1278.68111654	-301.944914527	17.685226332
36.6	1161.02041267	-300.286556927	16.057880662
36.65	1362.15199275	-303.092046649	18.8396981693
36.7	1294.01315732	-302.167283978	17.8972812437
36.75	1224.14146825	-301.210835827	16.9308975072
36.8	1370.30952394	-303.215980537	18.9525236296
36.85	1360.28066711	-303.072836873	18.813816175
36.9	1313.91196248	-302.461808011	18.1724983158
36.95	1325.69902829	-302.598235698	18.335523267
37.0	1205.86448659	-300.922887612	16.6781116067
37.05	1396.17711838	-303.606482265	19.3102940357
37.1	1333.31262578	-302.705736725	18.4408256706
37.15	1176.31210486	-300.495686912	16.2693775191
37.2	1341.57615432	-302.812849897	18.5551171624
37.25	1329.53176171	-302.671854823	18.388533167
37.3	1330.52903369	-302.692600605	18.4023262702
37.35	1328.64563094	-302.636808966	18.3762772394
37.4	1232.93810552	-301.270143209	17.0525623374
37.45	1209.13717492	-300.963895832	16.723375616
37.5	1406.65847522	-303.740237706	19.4552599427
37.55	1305.34752057	-302.305546291	18.054044941
37.6	1413.12265964	-303.828438685	19.5446650047
37.65	1272.9321572	-301.882407528	17.6057134293
37.7	1238.1359005	-301.396217936	17.1244521773
37.75	1292.66014614	-302.145475648	17.8785679707
37.8	1358.4292376	-303.059952169	18.7882093606
37.85	1335.92642676	-302.735765647	18.4769767181
37.9	1311.54122404	-302.403501397	18.1397090258
37.95	1263.66741861	-301.749805513	17.4775743674
38.0	1397.41856591	-303.636071255	19.3274642904
38.05	1334.26533734	-302.72444607	18.454002466
38.1	1227.53700331	-301.21074732	16.977860589
38.15	1228.67763923	-301.23399523	16.9936365352
38.2	1275.95120066	-301.904491061	17.6474693185
38.25	1281.19561945	-301.958159295	17.7200040044
38.3	1310.69216595	-302.390662727	18.1279658443
38.35	1392.18569018	-303.532646427	19.2550892546
38.4	1370.19022428	-303.232328397	18.9508736157
38.45	1120.17863819	-299.742804454	15.4930048567
38.5	1373.57041732	-303.272454321	18.9976245046
38.55	1341.47474208	-302.794351221	18.5537145465
38.6	1330.95580534	-302.680484057	18.4082288781
38.65	1259.91203754	-301.666711214	17.4256343149
38.7	1305.75434133	-302.309810452	18.0596716114
38.75	1309.35889111	-302.394190824	18.1095255412
38.8	1291.30654445	-302.114095768	17.8598465303
38.85	1408.3542068	-303.757233621	19.4787133248
38.9	1226.69417472	-301.194729439	16.9662035666
38.95	1374.10549628	-303.250452628	19.0050250929
39.0	1160.48428365	-300.308246107	16.0504655505
39.05	1277.35043431	-301.948980806	17.6668218869
39.1	1432.15489952	-304.111903902	19.8078967562
39.15	1269.70948309	-301.834949429	17.5611411586
39.2	1307.87892913	-302.342588368	18.0890564327
39.25	1340.04004435	-302.802941799	18.5338714803
39.3	1248.49093969	-301.539218401	17.2676710059
39.35	1396.54341862	-303.613472368	19.3153602734
39.4	1216.53263661	-301.053137943	16.8256610193
39.45	1361.60057855	-303.102653187	18.8320716511
39.5	1306.46853557	-302.332001457	18.0695495135
39.55	1272.90459827	-301.843310009	17.6053322665
39.6	1344.23847774	-302.867709755	18.5919393159
39.65	1237.92493364	-301.349939819	17.1215343296
39.7	1323.19484268	-302.568790025	18.3008882914
39.75	1313.92296976	-302.433783503	18.1726505557
39.8	1179.06211821	-300.527755385	16.3074124974
39.85	1287.82420133	-302.039859771	17.8116828205
39.9	1310.0103567	-302.357758085	18.1185358538
39.95	1187.56506461	-300.646766034	16.4250153381
40.0	1369.97008764	-303.222112994	18.9478289424
40.05	1293.59114408	-302.146843978	17.8914444487
40.1	1185.21526637	-300.634322323	16.3925156685
40.15	1414.21793211	-303.833156289	19.5598135365
40.2	1379.30277169	-303.332298253	19.0769077467
40.25	1266.83028123	-301.781036622	17.5213193955
40.3	1288.65744059	-302.090417938	17.8232072144
40.35	1305.27905381	-302.312411926	18.0530979886
40.4	1289.28734851	-302.106331575	17.8319193663
40.45	1168.58181686	-300.408462453	16.1624611885
40.5	1350.57187733	-302.944914579	18.6795355146
40.55	1351.92616682	-302.90342014	18.6982664678
40.6	1365.95894475	-303.15875604	18.8923514906
40.65	1243.39739918	-301.479431052	17.1972230924
40.7	1316.51469725	-302.485822558	18.2084963085
40.75	1264.18995973	-301.726668888	17.484801547
40.8	1301.40227393	-302.267901746	17.9994788894
40.85	1180.67511972	-300.535815203	16.3297216537
40.9	1378.97657982	-303.324867417	19.0723962412
40.95	1287.85552927	-302.085244904	17.8121161121
41.0	1243.46260501	-301.470776561	17.1981249434
41.05	1283.84711135	-301.988874276	17.756676349
41.1	1432.67588628	-304.098425484	19.8151024377
41.15	1215.91086007	-301.054265748	16.8170613312
41.2	1298.00885539	-302.221961655	17.9525450807
41.25	1301.59858442	-302.274515572	18.0021940273
41.3	1272.02311533	-301.824975522	17.5931406222
41.35	1347.66439854	-302.909502957	18.6393226579
41.4	1337.67922176	-302.778659976	18.5012193349
41.45	1328.67959127	-302.652681893	18.3767469389
41.5	1276.32468624	-301.920414115	17.6526349356
41.55	1289.23425227	-302.071334927	17.8311850011
41.6	1372.71947988	-303.239226523	18.9858553301
41.65	1149.76076693	-300.121896292	15.9021503703
41.7	1337.86944605	-302.78410292	18.5038502955
41.75	1313.13141906	-302.416732867	18.1617027494
41.8	1325.69279393	-302.557146111	18.3354370407
41.85	1337.07320162	-302.791616558	18.4928375709
41.9	1236.9502289	-301.350623728	17.1080533501
41.95	1325.01647898	-302.589734203	18.3260830408
42.0	1280.37697981	-301.968539249	17.7086815355
42.05	1371.70701152	-303.236703303	18.9718520482
42.1	1347.25836095	-302.915417813	18.6337068194
42.15	1255.6489095	-301.64175745	17.3666716986
42.2	1188.11720523	-300.660254746	16.4326519034
42.25	1285.97861845	-302.05346634	17.78615687
42.3	1378.28445161	-303.333800467	19.0628235307
42.35	1375.0365699	-303.302397097	19.0179026177
42.4	1220.36114886	-301.136647283	16.8786125369
42.45	1253.60967792	-301.581211923	17.3384674249
42.5	1349.502725	-302.93739182	18.6647482461
42.55	1320.85302958	-302.514796496	18.2684990631
42.6	1294.29052048	-302.147160956	17.9011174076
42.65	1205.34930624	-300.901555073	16.6709862328
42.7	1381.0463091	-303.385432965	19.1010223233
42.75	1347.6817811	-302.888251027	18.6395630733
42.8	1321.39987853	-302.537282682	18.2760624401
42.85	1234.91694746	-301.319296001	17.0799313719
42.9	1268.28700702	-301.784502892	17.5414671281
42.95	1257.82447537	-301.655444282	17.396761589
43.0	1324.80793648	-302.593724727	18.3231987241
43.05	1405.72414003	-303.732493493	19.4423373078
43.1	1293.76227335	-302.156005801	17.8938113092
43.15	1190.5465888	-300.692054924	16.4662523044
43.2	1309.75783489	-302.377665341	18.1150432665
43.25	1332.31549902	-302.664387142	18.4270345757
43.3	1248.05481207	-301.485368429	17.2616389972
43.35	1391.97519048	-303.543739062	19.2521778681
43.4	1234.49307554	-301.311860644	17.0740688697
43.45	1280.64071624	-301.970542198	17.7123292303
43.5	1315.86776834	-302.464656457	18.1995487422
43.55	1317.2869865	-302.47686918	18.219177713
43.6	1309.31273205	-302.401172167	18.1088871229
43.65	1274.95357365	-301.8953044	17.6336713049
43.7	1326.99148124	-302.607393663	18.3533989693
43.75	1219.95046086	-301.107510587	16.8729323794
43.8	1298.34442432	-302.217234788	17.9571862789
43.85	1258.96128891	-301.697872465	17.4124846685
43.9	1357.53517119	-303.072349237	18.7758436764
43.95	1305.76347231	-302.311285648	18.0597979005
44.0	1315.11566407	-302.442665381	18.1891465128
44.05	1318.3499748	-302.50774225	18.2338797278
44.1	1293.77449068	-302.154469087	17.893980285
44.15	1351.58947809	-302.958421687	18.6936097818
44.2	1283.70250371	-302.037646157	17.7546763047
44.25	1329.9122844	-302.691776894	18.3937961132
44.3	1322.90021161	-302.547990101	18.296813298
44.35	1320.77200605	-302.513087791	18.2673784401
44.4	1251.64159149	-301.567620598	17.3112471482
44.45	1265.37103033	-301.766822407	17.5011367384
44.5	1258.2898968	-301.637056816	17.4031987556
44.55	1388.46352838	-303.444413539	19.2036086523
44.6	1311.37365092	-302.387253444	18.1373913499
44.65	1311.89995088	-302.430330227	18.1446705173
44.7	1049.4641809	-298.722697163	14.5149649327
44.75	1371.76016741	-303.231676946	18.9725872387
44.8	1441.09380601	-304.216022794	19.9315292886
44.85	1333.86057841	-302.695369898	18.4484043124
44.9	1327.91187691	-302.611196401	18.3661288091
44.95	1198.39313737	-300.846813745	16.5747766156
45.0	1294.23645721	-302.160191947	17.9003696674
45.05	1214.15774457	-300.988430686	16.7928142816
45.1	1429.1334329	-304.041380279	19.7661073528
45.15	1281.30206891	-301.944869777	17.7214762893
45.2	1306.34457877	-302.357997436	18.0678350875
45.25	1156.23535969	-300.226326329	15.9916993883
45.3	1318.75507422	-302.48544208	18.2394825906
45.35	1384.95858067	-303.42934478	19.1551323022
45.4	1343.27082316	-302.865708231	18.578555846
45.45	1284.13959739	-302.031628178	17.7607216749
45.5	1190.0655667	-300.658571709	16.4595993675
45.55	1430.02631054	-304.033411571	19.7784565952
45.6	1232.82811142	-301.274787151	17.0510410273
45.65	1305.49180351	-302.335915047	18.0560404944
45.7	1246.41616519	-301.494015169	17.2389751442
45.75	1447.00299917	-304.335153947	20.0132583585
45.8	1160.73057473	-300.282622109	16.0538719615
45.85	1366.80936599	-303.194522517	18.9041135258
45.9	1343.34362588	-302.867864496	18.5795627682
45.95	1308.18386904	-302.337181823	18.093274006
46.0	1360.15103951	-303.094444593	18.8120233171
46.05	1233.41102048	-301.313679561	17.0591031458
46.1	1247.6478414	-301.493553417	17.2560102534
46.15	1369.44900265	-303.251322154	18.9406219023
46.2	1237.11556829	-301.356585157	17.1103401317
46.25	1338.88861618	-302.768630078	18.5179462683
46.3	1323.10127042	-302.57294146	18.299594109
46.35	1293.81263509	-302.161302734	17.8945078541
46.4	1347.39141096	-302.92943944	18.635547012
46.45	1317.33784077	-302.486744478	18.21988107
46.5	1159.31014815	-300.24367064	16.0342262773
46.55	1376.42691963	-303.323066779	19.0371323141
46.6	1426.99763436	-304.029247147	19.7365674776
46.65	1224.29922934	-301.175202857	16.9330794745
46.7	1387.91684181	-303.481824595	19.1960475211
46.75	1291.12128745	-302.12007692	17.8572842715
46.8	1258.36348088	-301.673754689	17.4042164848
46.85	1303.73702859	-302.295798522	18.0317704937
46.9	1354.82699181	-303.022449412	18.7383872969
46.95	1319.32101283	-302.5328779	18.2473099936
47.0	1371.73049078	-303.255140786	18.972176786
47.05	1329.73654634	-302.666276276	18.3913655092
47.1	1205.34789975	-300.93214255	16.6709667798
47.15	1351.46219461	-302.970981454	18.6918493452
47.2	1355.87798681	-303.018408038	18.7529234343
47.25	1222.93766487	-301.144824153	16.9142479024
47.3	1303.4070355	-302.317435461	18.0272064141
47.35	1219.93314642	-301.109660152	16.8726929062
47.4	1510.32155394	-305.204531911	20.8890067821
47.45	1123.86181511	-299.770086447	15.5439462655
47.5	1333.98194273	-302.732304595	18.4500828821
47.55	1373.93315241	-303.25731573	19.0026414335
47.6	1315.09118827	-302.429137586	18.188807992
47.65	1343.71970537	-302.857254076	18.5847642613
47.7	1320.88265262	-302.538699112	18.2689087744
47.75	1192.96854373	-300.734748565	16.499749961
47.8	1318.14276	-302.527503154	18.2310137742
47.85	1193.05063772	-300.7840733	16.5008853894
47.9	1298.51842116	-302.224393404	17.9595928004
47.95	1392.78249099	-303.51529886	19.2633435074
48.0	1338.30213956	-302.790304358	18.5098348076
48.05	1312.02420825	-302.417780563	18.1463891003
48.1	1280.11943128	-301.959909229	17.7051194246
48.15	1342.40264866	-302.811196978	18.5665482685
48.2	1260.61270707	-301.65154552	17.435325159
48.25	1245.87377559	-301.497812258	17.2314734435
48.3	1360.84866928	-303.112086659	18.8216721187
48.35	1228.700029	-301.213116814	16.9939462044
48.4	1371.63196482	-303.263719802	18.9708140898
48.45	1299.92979247	-302.248839329	17.9791132427
48.5	1251.94929446	-301.55901428	17.3155029369
48.55	1243.53715894	-301.462527607	17.1991560864
48.6	1300.45029244	-302.239780769	17.9863121914
48.65	1299.03455184	-302.204958966	17.9667313181
48.7	1201.61570456	-300.827666549	16.6193474075
48.75	1376.10398533	-303.295895985	19.0326658634
48.8	1349.14270044	-302.914753638	18.6597688061
48.85	1269.72772365	-301.81033241	17.5613934407
48.9	1309.53788628	-302.337896395	18.1120011938
48.95	1329.3749543	-302.628501484	18.3863643897
49.0	1301.44021021	-302.252378056	18.0000035799
49.05	1235.27844892	-301.334932567	17.0849312386
49.1	1197.01364192	-300.796942888	16.5556970429
49.15	1417.73727228	-303.874847687	19.6084889464
49.2	1306.44592634	-302.313797996	18.069236809
49.25	1210.1350731	-300.986186528	16.73717738
49.3	1332.81080528	-302.694563062	18.4338850745
49.35	1348.69696724	-302.902001741	18.6536039443
49.4	1271.41552154	-301.848325461	17.5847370933
49.45	1227.25123089	-301.204185869	16.9739081181
49.5	1275.73418909	-301.877931436	17.6444678675
49.55	1411.20002099	-303.790822135	19.5180733087
49.6	1296.72257938	-302.170960068	17.9347548107
49.65	1195.95124766	-300.76435358	16.5410032442
49.7	1364.17629342	-303.144737765	18.867695936
49.75	1157.89652944	-300.228875259	16.0146747514
49.8	1387.82297536	-303.473454606	19.1947492698
49.85	1303.54503917	-302.255389587	18.0291151199
49.9	1292.61871336	-302.120284162	17.8779949208
49.95	1346.76785568	-302.918418199	18.6269227224
50.0	1268.86421795	-301.780506338	17.5494504368
50.05	1364.26409943	-303.109672381	18.8689103663
50.1	1336.04270067	-302.728686781	18.4785848833
50.15	1153.61930675	-300.211715789	15.9555171942
50.2	1323.62558154	-302.595157234	18.3068457692
50.25	1320.78214928	-302.532833943	18.2675187293
50.3	1414.84690757	-303.854205516	19.5685127917
50.35	1270.14511188	-301.849650111	17.5671662681
50.4	1306.00881339	-302.368031677	18.0631911722
50.45	1320.65103977	-302.509261471	18.2657053755
50.5	1192.56704623	-300.721606893	16.4941969158
50.55	1231.31338672	-301.291372912	17.0300911214
50.6	1458.43412233	-304.461873102	20.171360326
50.65	1256.17026714	-301.625667131	17.3738825095
50.7	1343.89021419	-302.895947468	18.5871225404
50.75	1229.99522606	-301.267929161	17.0118598599
50.8	1255.21640231	-301.612743486	17.3606897634
50.85	1469.92421038	-304.630316928	20.330277827
50.9	1181.26339388	-300.582205403	16.3378579759
50.95	1294.86779996	-302.153794916	17.9091016644
51.0	1396.5896154	-303.580367052	19.3159992134
51.05	1310.96183649	-302.450324249	18.1316956128
51.1	1207.33514778	-300.960566548	16.6984520777
51.15	1398.3277811	-303.611629918	19.3400394947
51.2	1269.46344881	-301.797292272	17.5577382993
51.25	1265.32403174	-301.735703495	17.5004867087
51.3	1397.10556204	-303.61888119	19.3231351858
51.35	1303.26895855	-302.277158253	18.0252966947
51.4	1336.44381243	-302.751631849	18.4841325934
51.45	1146.30401879	-300.079240841	15.8543406603
51.5	1284.97241324	-302.032215772	17.7722402126
51.55	1383.30178294	-303.398434358	19.1322174077
51.6	1352.81087817	-302.970945706	18.7105027636
51.65	1231.41775675	-301.272546569	17.0315346459
51.7	1410.16383088	-303.778457982	19.5037419352
51.75	1203.35250789	-300.864781011	16.6433688462
51.8	1257.32004468	-301.633180869	17.3897848919
51.85	1243.75802739	-301.462774289	17.2022108813
51.9	1400.13650922	-303.661714163	19.3650557133
51.95	1238.58961401	-301.338685539	17.1307274135
52.0	1343.11115522	-302.869823872	18.5763475051
52.05	1233.51057969	-301.321203816	17.0604801327
52.1	1392.75921131	-303.524721918	19.26302153
52.15	1245.31611061	-301.446579133	17.2237604718
52.2	1261.72024074	-301.69378456	17.4506432734
52.25	1290.57444323	-302.114825165	17.8497209598
52.3	1296.62272686	-302.211422666	17.933373767
52.35	1281.94276083	-301.984719711	17.730337593
52.4	1312.97106293	-302.387887349	18.1594848903
52.45	1286.33170278	-302.041045082	17.7910403207
52.5	1432.72021773	-304.11825405	19.8157155785
52.55	1113.28126474	-299.600619352	15.3976084291
52.6	1362.65215597	-303.097866785	18.8466158438
52.65	1354.6563993	-303.029036965	18.7360278602
52.7	1331.62878051	-302.675031915	18.4175366859
52.75	1323.65443849	-302.531375194	18.3072448849
52.8	1185.51970219	-300.631511938	16.3967262699
52.85	1185.49708857	-300.627909425	16.3964135045
52.9	1388.2922249	-303.464624741	19.2012393824
52.95	1334.1591846	-302.699836515	18.452534285
53.0	1401.85753379	-303.669928178	19.3888589184
53.05	1175.87386365	-300.507639135	16.2633162777
53.1	1256.80494062	-301.617090233	17.3826605732
53.15	1415.19078685	-303.839370394	19.573268929
53.2	1262.06996683	-301.720106699	17.4554802769
53.25	1306.93905937	-302.362528879	18.0760572501
53.3	1200.06943815	-300.838880695	16.5979612535
53.35	1409.46483014	-303.811735212	19.4940741719
53.4	1398.68607614	-303.629283475	19.3449950141
53.45	1138.25197363	-299.970329528	15.7429741599
53.5	1272.0231295	-301.835328222	17.5931408182
53.55	1397.48189603	-303.583348027	19.3283401988
53.6	1236.20659592	-301.325156993	17.0977682858
53.65	1347.19435692	-302.913879284	18.6328215903
53.7	1368.33033692	-303.19056179	18.9251498223
53.75	1298.56953021	-302.196677886	17.960299681
53.8	1194.00581654	-300.744312067	16.5140963091
53.85	1255.38720931	-301.62481547	17.3630521666
53.9	1307.69383381	-302.326058341	18.0864964101
53.95	1405.0129934	-303.687656855	19.4325015567
54.0	1197.77223011	-300.807433837	16.5661889502
54.05	1361.36347514	-303.10729849	18.8287923131
54.1	1243.64713038	-301.470014268	17.2006770832
54.15	1365.01320276	-303.174023851	18.8792710902
54.2	1226.03514113	-301.195949398	16.9570885825
54.25	1390.44241394	-303.523809935	19.2309782902
54.3	1203.09103844	-300.836284316	16.6397525056
54.35	1347.58228268	-302.912696861	18.638186927
54.4	1261.83657692	-301.689738157	17.4522522999
54.45	1355.58041147	-303.020886574	18.7488077191
54.5	1207.08073135	-300.933357049	16.6949332862
54.55	1358.31596269	-303.066750456	18.7866426741
54.6	1350.50710999	-302.95843953	18.6786397283
54.65	1257.05713557	-301.611299513	17.3861486396
54.7	1319.59753593	-302.539510168	18.2511345388
54.75	1262.68917213	-301.717065959	17.4640444027
54.8	1376.64602052	-303.324687539	19.0401626622
54.85	1269.99444754	-301.821906051	17.5650824545
54.9	1345.10932698	-302.872664411	18.6039838872
54.95	1197.57325364	-300.792268834	16.5634369396
55.0	1269.78124966	-301.820164448	17.5621337501
55.05	1411.70749231	-303.811016074	19.5250920602
55.1	1214.18104621	-301.028877273	16.7931365627
55.15	1326.53106425	-302.62736042	18.3470310184
55.2	1328.78685978	-302.64900701	18.3782305519
55.25	1315.78317756	-302.491330595	18.1983787811
55.3	1398.9858608	-303.635634338	19.3491412859
55.35	1210.80933024	-300.94435132	16.7465029186
55.4	1348.09169255	-302.910500577	18.6452324905
55.45	1189.54656364	-300.699407796	16.4524211224
55.5	1399.16640694	-303.615312736	19.3516383897
55.55	1221.42122174	-301.094136859	16.8932742291
55.6	1287.82123111	-302.076629397	17.8116417398
55.65	1144.938256	-300.066474474	15.8354510218
55.7	1427.77482978	-304.008354934	19.7473167384
55.75	1334.54544043	-302.710337087	18.4578765253
55.8	1260.16659986	-301.707945449	17.4291551242
55.85	1269.5378895	-301.797969748	17.5587678761
55.9	1293.89662326	-302.139324473	17.8956694805
55.95	1187.50092704	-300.653449999	16.424128262
56.0	1240.3991213	-301.397666126	17.1557544086
56.05	1416.36291249	-303.857846799	19.5894804041
56.1	1352.84720545	-302.954479275	18.7110052002
56.15	1292.83576474	-302.156522268	17.8809969224
56.2	1278.08398221	-301.906469956	17.6769674662
56.25	1332.13620988	-302.674043623	18.4245548573
56.3	1228.52149553	-301.258379001	16.9914769376
56.35	1294.74150442	-302.155992352	17.9073548917
56.4	1401.33123018	-303.664638804	19.3815797005
56.45	1254.15722164	-301.61932069	17.3460404113
56.5	1248.66731197	-301.552162618	17.2701103817
56.55	1227.1101949	-301.193784168	16.9719574727
56.6	1471.45086624	-304.62638934	20.351392751
56.65	1232.02958121	-301.282760176	17.0399966885
56.7	1278.18923655	-301.962065421	17.6784232215
56.75	1256.66321236	-301.6074324	17.380700353
56.8	1427.71270384	-304.019199152	19.7464574849
56.85	1182.10882044	-300.559832974	16.3495509303
56.9	1381.97525112	-303.38917275	19.1138703662
56.95	1366.26932278	-303.160762795	18.8966442777
57.0	1312.4322363	-302.389644647	18.1520324686
57.05	1091.78247917	-299.350132948	15.1002622934
57.1	1276.24661731	-301.93785391	17.6515551771
57.15	1344.89937104	-302.842648953	18.6010800214
57.2	1357.52426733	-303.042099303	18.775692867
57.25	1248.24133874	-301.502839392	17.2642188166
57.3	1302.1115377	-302.263613216	18.0092885989
57.35	1440.48941555	-304.200557186	19.9231700643
57.4	1161.26343301	-300.282119585	16.061241836
57.45	1323.69805935	-302.589848524	18.3078481977
57.5	1203.0377559	-300.875466745	16.6390155637
57.55	1470.3080412	-304.671240191	20.3355865275
57.6	1212.18122678	-300.984395377	16.765477392
57.65	1486.40190963	-304.834504729	20.558178151
57.7	1138.88665688	-299.960465771	15.7517523587
57.75	1235.66392239	-301.350601099	17.0902626582
57.8	1253.21946263	-301.595407419	17.333070422
57.85	1380.40174772	-303.352025063	19.0921075018
57.9	1351.23522427	-302.944011576	18.688710156
57.95	1235.74076821	-301.34874321	17.0913255
58.0	1219.39825974	-301.106532536	16.8652949774
58.05	1255.5650827	-301.60485553	17.365512304
58.1	1266.94932008	-301.777997316	17.522965802
58.15	1329.78739832	-302.642396921	18.3920688344
58.2	1363.21832165	-303.101380201	18.8544463874
58.25	1289.81253007	-302.110435347	17.8391830654
58.3	1208.81499829	-300.970185523	16.7189196445
58.35	1310.32338273	-302.39803564	18.1228652649
58.4	1127.81753371	-299.807595591	15.598657153
58.45	1591.86712859	-306.364770123	22.016850093
58.5	1357.65012103	-303.061195899	18.7774335287
58.55	1196.93556788	-300.781633465	16.5546172138
58.6	1202.25124185	-300.896295181	16.6281374183
58.65	1335.88929458	-302.765548075	18.4764631491
58.7	1334.57765758	-302.714968655	18.4583221154
58.75	1293.87129957	-302.144443019	17.8953192328
58.8	1399.63864032	-303.636519951	19.3581697711
58.85	1300.4757178	-302.256283727	17.9866638454
58.9	1269.22049769	-301.81222319	17.5543780827
58.95	1265.27977186	-301.756850329	17.4998745577
59.0	1326.40993967	-302.626125164	18.3453557644
59.05	1404.379331	-303.66876279	19.4237374772
59.1	1349.52953171	-302.933529746	18.6651190053
59.15	1164.78505571	-300.338714774	16.1099488152
59.2	1380.71172041	-303.373936843	19.0963946826
59.25	1195.80498592	-300.793155337	16.5389803223
59.3	1308.20499164	-302.372235939	18.0935661491
59.35	1383.28487171	-303.404979539	19.1319835113
59.4	1335.12046774	-302.738798169	18.4658296326
59.45	1217.94949423	-301.073147105	16.845257342
59.5	1383.84914154	-303.406498162	19.1397878337
59.55	1229.84987987	-301.255366088	17.0098496009
59.6	1351.28740317	-302.990712354	18.6894318338
59.65	1251.79050858	-301.542579633	17.3133067957
59.7	1304.65160067	-302.300532641	18.0444197884
59.75	1349.64728384	-302.925584703	18.6667476154
59.8	1299.12119717	-302.258143328	17.9679296953
59.85	1149.24955251	-300.129116323	15.8950798485
59.9	1299.97170522	-302.222954417	17.979692931
59.95	1251.37580222	-301.563755094	17.3075710608
60.0	1460.12424843	-304.488904381	20.1947361796
60.05	1332.70305576	-302.684798117	18.4323948088
60.1	1187.7439968	-300.63776431	16.4274901194
60.15	1369.23935273	-303.220089024	18.9377222691
60.2	1188.60001354	-300.717199145	16.439329545
60.25	1403.41577268	-303.692730973	19.410410662
60.3	1239.79106591	-301.37315113	17.1473444954
60.35	1346.22660325	-302.87321224	18.6194367498
60.4	1291.94299425	-302.148867032	17.8686491619
60.45	1260.4176091	-301.703189025	17.4326267913
60.5	1297.60101095	-302.195780837	17.9469042519
60.55	1314.12382446	-302.430665649	18.1754285437
60.6	1303.32517986	-302.285458746	18.0260742823
60.65	1340.68978098	-302.833494133	18.5428578799
60.7	1084.63517961	-299.216323809	15.0014091794
60.75	1311.6020447	-302.404114019	18.1405502263
60.8	1407.10795111	-303.718440347	19.4614765691
60.85	1398.14020545	-303.594579003	19.3374451671
60.9	1384.89103598	-303.442801212	19.1541981028
60.95	1215.10629564	-301.047360487	16.8059335341
61.0	1194.52530869	-300.760954624	16.5212813188
61.05	1121.16137045	-299.711484786	15.5065968635
61.1	1280.06895676	-301.953929646	17.7044213198
61.15	1335.35274621	-302.732905233	18.4690422376
61.2	1391.29571496	-303.519442469	19.242780155
61.25	1271.29616227	-301.821839598	17.583086255
61.3	1321.20690953	-302.542046358	18.2733935179
61.35	1276.34146536	-301.91636173	17.6528670048
61.4	1236.77268511	-301.335053418	17.1055977714
61.45	1444.20541598	-304.279893797	19.9745654496
61.5	1184.02384051	-300.592497024	16.3760372551
61.55	1410.17428927	-303.803295068	19.5038865834
61.6	1169.6765155	-300.418540472	16.1776017838
61.65	1398.56520512	-303.641920641	19.3433232669
61.7	1348.3892592	-302.924473327	18.6493480854
61.75	1214.58597454	-301.032849216	16.7987370593
61.8	1273.66425549	-301.856024342	17.6158389594
61.85	1401.05558882	-303.633800815	19.3777673507
61.9	1363.6989273	-303.130484457	18.8610935643
61.95	1180.77632749	-300.56466817	16.3311214416
62.0	1297.07747071	-302.191946875	17.9396632538
