# 	 t 	 T	E	K
2.05	2323.01064258	-287.189114349	32.1291747053
2.1	2516.72650787	-289.909516585	34.808426692
2.15	2463.83694393	-289.175670215	34.0769199099
2.2	2209.55615394	-285.594705924	30.5600045001
2.25	2432.31488393	-288.805921989	33.6409435289
2.3	2481.2117236	-289.415631702	34.3172276043
2.35	2168.33905342	-284.970711431	29.9899376226
2.4	2278.45864673	-286.520297865	31.512983444
2.45	2538.90167766	-290.147077502	35.1151277855
2.5	2447.0496511	-288.900036614	33.8447376485
2.55	2302.36820605	-286.935510891	31.8436725912
2.6	2222.66154964	-285.77966176	30.7412630534
2.65	2100.67613539	-283.959490385	29.0541030317
2.7	2326.21904327	-287.250691477	32.1735495629
2.75	2333.36423751	-287.312932174	32.2723735587
2.8	2514.46596983	-289.820542175	34.7771615655
2.85	2371.68046036	-287.796623428	32.8023188786
2.9	2177.19414973	-285.000631001	30.1124109903
2.95	2309.57713253	-286.862450872	31.9433780571
3.0	2420.4384284	-288.59090807	33.4766822434
3.05	2340.36086998	-287.520068633	32.3691428213
3.1	2278.17400893	-286.533700082	31.5090466657
3.15	2565.81798947	-290.639639449	35.4874028274
3.2	2786.72054711	-293.739249782	38.5426694446
3.25	2228.28344361	-285.886506465	30.8190185358
3.3	2054.79730796	-283.439051804	28.4195605829
3.35	2538.74209399	-290.125290309	35.1129206101
3.4	2553.68840079	-290.389862879	35.3196404993
3.45	2230.20086584	-285.836520735	30.8455380846
3.5	2350.28835945	-287.555595121	32.5064482807
3.55	2410.54423707	-288.434702943	33.339837325
3.6	2002.09950443	-282.66150044	27.6907060073
3.65	2495.08797215	-289.64620423	34.5091476953
3.7	2403.78080714	-288.274562783	33.2462934479
3.75	2378.47971246	-288.005381489	32.896358206
3.8	2538.4093687	-290.174572454	35.108318742
3.85	2486.49132902	-289.456925884	34.3902489507
3.9	2370.29939787	-287.899542025	32.7832176325
3.95	1978.1694806	-282.331315171	27.3597338187
4.0	2448.34097113	-288.954045896	33.8625976816
4.05	2276.92555652	-286.536335329	31.4917795277
4.1	2287.0235639	-286.657741573	31.631443392
4.15	2384.05274913	-288.005584769	32.9734379513
4.2	2469.11468231	-289.193465783	34.1499154336
4.25	2319.19312937	-287.141798832	32.0763753136
4.3	2510.15609859	-289.833551965	34.7175524515
4.35	2237.73623452	-286.011554106	30.9497585184
4.4	2237.66758274	-285.967164299	30.948809007
4.45	2206.90711978	-285.54038143	30.5233661482
4.5	2402.23547932	-288.285054304	33.2249202753
4.55	2324.90742876	-287.206274025	32.1554088403
4.6	2360.00124895	-287.721751928	32.6407856436
4.65	2437.90961449	-288.855956765	33.718323319
4.7	2635.54508805	-291.560157912	36.4517867571
4.75	2091.97641806	-283.938399545	28.933778685
4.8	2355.72913645	-287.701132524	32.5816987646
4.85	2481.54905171	-289.420107538	34.3218931334
4.9	2352.25975003	-287.579272489	32.5337142568
4.95	2409.57877259	-288.431249758	33.326484146
5.0	2353.82502507	-287.600148737	32.5553633161
5.05	2366.84294848	-287.829949313	32.7354120545
5.1	2298.58339168	-286.859555128	31.7913254518
5.15	2369.80019081	-287.933076462	32.7763131824
5.2	2614.36960178	-291.324656775	36.1589121205
5.25	2538.3154391	-290.159349086	35.1070196173
5.3	2139.06495673	-284.492770568	29.5850524493
5.35	2424.30183147	-288.572763978	33.5301163301
5.4	2291.6835976	-286.758281221	31.6958955448
5.45	2546.79871476	-290.317412894	35.2243503951
5.5	2355.6965227	-287.627065172	32.5812476892
5.55	2147.58269903	-284.773711787	29.7028599295
5.6	2266.16704564	-286.433035524	31.342980349
5.65	2371.17429612	-287.812392704	32.7953182049
5.7	2277.90840662	-286.472347863	31.5053731643
5.75	2399.1805849	-288.203577157	33.1826685376
5.8	2309.46375097	-286.91639829	31.9418098955
5.85	2322.92619546	-287.132216911	32.1280067312
5.9	2344.52826432	-287.499464091	32.4267813608
5.95	2262.48301034	-286.404993193	31.292027068
6.0	2522.90600426	-290.027799649	34.893894281
6.05	2516.79303934	-289.916907488	34.8093468777
6.1	2137.577475	-284.500040108	29.5644793363
6.15	2380.0286218	-287.936096487	32.9177809141
6.2	2424.85944704	-288.594728914	33.5378286185
6.25	2352.39912539	-287.587634189	32.5356419342
6.3	2416.23757166	-288.575174875	33.4185808908
6.35	2397.15176802	-288.223081749	33.1546083079
6.4	2411.88837451	-288.422452114	33.3584278669
6.45	2348.36192337	-287.595059481	32.4798040631
6.5	2342.72362191	-287.432994578	32.4018216511
6.55	2257.63449356	-286.24972452	31.2249680371
6.6	2328.37119446	-287.230051208	32.2033156088
6.65	2558.71429277	-290.466365344	35.3891527773
6.7	2434.77920274	-288.69435464	33.6750271134
6.75	2358.05648521	-287.66529234	32.6138879391
6.8	2562.29088376	-290.527644907	35.4386200137
6.85	2374.3683354	-287.891139867	32.8394944321
6.9	2270.82390793	-286.489346509	31.4073886385
6.95	2237.75258875	-285.998764456	30.9499847109
7.0	2311.78548583	-286.994443345	31.9739214251
7.05	2301.576646	-286.814354373	31.8327246555
7.1	2413.73702329	-288.428357995	33.3839962213
7.15	2307.68345271	-286.906487186	31.9171868857
7.2	2140.52945747	-284.573012	29.6053077159
7.25	2390.81195783	-288.073807932	33.0669234453
7.3	2406.96463937	-288.272531481	33.2903285031
7.35	2083.80645302	-283.80012844	28.8207812543
7.4	2327.16344962	-287.293075411	32.1866114903
7.45	2448.09948512	-288.890625028	33.8592577286
7.5	2197.6547063	-285.396930593	30.3953975528
7.55	2082.0458866	-283.87952598	28.7964311523
7.6	2489.38939533	-289.597905555	34.4303316249
7.65	2446.25817484	-288.877364894	33.8337908717
7.7	2350.28900632	-287.465491039	32.5064572275
7.75	2318.91624011	-287.141869219	32.0725457042
7.8	2297.1260435	-286.73852361	31.7711691109
7.85	2374.88667378	-287.854181164	32.8466634842
7.9	2512.41343528	-289.969132742	34.7487733007
7.95	2576.70380042	-290.787178087	35.6379626723
8.0	2290.3282191	-286.761828106	31.6771495297
8.05	2236.20770994	-285.936216635	30.9286177485
8.1	2580.82094407	-290.739142074	35.6949062028
8.15	2227.33333131	-285.79461759	30.8058776903
8.2	2175.50199576	-285.082736942	30.0890070896
8.25	2346.93562242	-287.453572538	32.4600771312
8.3	2311.75275882	-286.954261466	31.9734687832
8.35	2486.07344267	-289.506799295	34.3844692339
8.4	2340.20506523	-287.515653758	32.3669879117
8.45	2656.10725235	-291.872703743	36.7361786394
8.5	2332.84348369	-287.348560476	32.265171099
8.55	2413.79962402	-288.448752262	33.3848620417
8.6	2402.47133614	-288.253417822	33.2281823718
8.65	2477.98651326	-289.396113483	34.2726202552
8.7	2305.77079456	-286.895794543	31.8907332282
8.75	2348.86414935	-287.470803125	32.4867502672
8.8	2313.78429597	-287.017064031	32.0015666364
8.85	2495.53636727	-289.615380471	34.5153493738
8.9	2416.81779772	-288.51921084	33.4266059013
8.95	2375.27496092	-287.980116843	32.8520338193
9.0	2260.24771132	-286.298784099	31.2611110182
9.05	2313.14195172	-287.031860493	31.9926824797
9.1	2506.95912495	-289.770097812	34.6733356396
9.15	2285.48061992	-286.689312289	31.6101031898
9.2	2290.33425055	-286.625528512	31.6772329497
9.25	2450.33700435	-288.884762025	33.8902044858
9.3	2266.25183869	-286.383864686	31.3441531075
9.35	2441.7849042	-288.86459818	33.7719218078
9.4	2227.39379216	-285.823725146	30.8067139144
9.45	2618.29796662	-291.317189436	36.2132446826
9.5	2392.56218862	-288.123059341	33.0911305969
9.55	2238.46812482	-285.839582343	30.9598811717
9.6	2309.28018734	-286.896011485	31.9392710574
9.65	2333.50153969	-287.391059303	32.2742725623
9.7	2274.6545097	-286.482606709	31.4603690559
9.75	2290.85098313	-286.709302139	31.6843797922
9.8	2425.22997824	-288.627943822	33.542953374
9.85	2088.3871071	-283.894697179	28.8841355208
9.9	2414.62632146	-288.568826061	33.3962959568
9.95	2386.65177612	-288.105229361	33.0093846624
10.0	2501.91399977	-289.747707646	34.6035573505
10.05	2322.16843604	-287.22935181	32.1175262865
10.1	2242.92930905	-286.089922336	31.0215830704
10.15	2313.68656237	-287.093073637	32.0002148992
10.2	2593.66613307	-290.968101396	35.8725658804
10.25	2574.13889469	-290.666154217	35.6024878868
10.3	2452.98943518	-288.968182264	33.9268898164
10.35	2461.19966319	-289.154095374	34.0404441177
10.4	2174.67582417	-285.158781106	30.0775804473
10.45	2260.24491507	-286.304425653	31.2610723438
10.5	2409.9713911	-288.468363022	33.3319143874
10.55	2648.92047859	-291.726668871	36.636779564
10.6	2495.86280069	-289.60734489	34.5198642202
10.65	2385.43202608	-288.09729155	32.9925145021
10.7	2283.73767504	-286.57326943	31.5859968085
10.75	2213.5263243	-285.608188425	30.6149152676
10.8	2194.50786896	-285.390740524	30.3518741678
10.85	2246.76810111	-286.142440591	31.0746767664
10.9	2589.93649786	-290.922925406	35.8209819147
10.95	2207.75150225	-285.544278372	30.5350446622
11.0	2321.5466827	-287.161064836	32.1089269191
11.05	2197.75756013	-285.34093586	30.3968201071
11.1	2852.97280352	-294.570500688	39.4589934087
11.15	2207.17235744	-285.499675909	30.5270346063
11.2	2280.02858835	-286.586310373	31.534697046
11.25	2292.27812166	-286.772621538	31.7041183084
11.3	2374.73639226	-287.82846141	32.8445849655
11.35	2550.41210881	-290.319623751	35.2743266485
11.4	2299.01117406	-286.839211172	31.7972420388
11.45	2553.57292325	-290.3948012	35.3180433485
11.5	2268.66985122	-286.4507479	31.3775962376
11.55	2381.38595636	-288.000946342	32.9365539831
11.6	2264.08815177	-286.375062264	31.3142275129
11.65	2451.68464677	-288.980925495	33.9088435044
11.7	2522.84177797	-289.954274083	34.8930059779
11.75	2260.90152295	-286.307728237	31.2701537784
11.8	2361.51636803	-287.662476713	32.6617410042
11.85	2251.31934997	-286.108967234	31.1376243341
11.9	2348.9408063	-287.610940507	32.4878104968
11.95	2227.56451363	-285.812973722	30.8090751347
12.0	2299.59294447	-286.843335458	31.8052884088
12.05	2242.44774656	-286.032150692	31.0149226595
12.1	2067.49230634	-283.577772067	28.5951429988
12.15	2118.9415469	-284.288029913	29.3067289073
12.2	2388.43600779	-288.114938479	33.0340620745
12.25	2421.10325337	-288.546243068	33.4858773272
12.3	2258.37992884	-286.245083539	31.2352780288
12.35	2423.5009643	-288.617550297	33.5190396692
12.4	2334.83693537	-287.320454	32.2927421983
12.45	2260.15152486	-286.346445463	31.2597806793
12.5	2625.58251076	-291.479679342	36.3139960038
12.55	2285.80090304	-286.56456608	31.6145329725
12.6	2356.83276464	-287.644931866	32.5969628629
12.65	2396.86732219	-288.283979538	33.1506741848
12.7	2375.73144504	-287.93227791	32.8583473753
12.75	2278.59805714	-286.502013613	31.5149116061
12.8	2279.50573802	-286.631567991	31.5274655898
12.85	2540.72293915	-290.287530849	35.1403173509
12.9	2471.20683922	-289.238864937	34.1788517086
12.95	2408.21061335	-288.399277778	33.3075613625
13.0	2183.67454114	-285.249496082	30.2020402085
13.05	2173.9668109	-285.088232172	30.0677742024
13.1	2489.38600351	-289.541481187	34.4302847132
13.15	2446.602083	-288.850510761	33.8385474083
13.2	2269.7477288	-286.397503516	31.3925041836
13.25	2490.10526859	-289.524783978	34.4402327492
13.3	2387.92981509	-288.081032193	33.0270610073
13.35	2475.62843888	-289.366732919	34.2400061198
13.4	2147.8357467	-284.718535643	29.7063597899
13.45	2402.57546525	-288.301292339	33.2296225642
13.5	2455.68814434	-289.064251107	33.964215215
13.55	2167.33463835	-284.951905285	29.9760457244
13.6	2428.00505055	-288.66384331	33.5813349386
13.65	2450.85233841	-289.038051538	33.8973319857
13.7	2450.95221203	-288.950874425	33.8987133211
13.75	2475.15336609	-289.30941736	34.2334354669
13.8	2548.42421998	-290.407542772	35.2468324881
13.85	2297.36732708	-286.841435711	31.774506264
13.9	2115.14249542	-284.243620098	29.2541848566
13.95	2314.34179322	-287.060268224	32.0092772884
14.0	2413.69458918	-288.485047898	33.3834093222
14.05	2421.29691664	-288.625648627	33.4885558517
14.1	2535.63741018	-290.221157549	35.0699802436
14.15	2640.65035262	-291.641838565	36.5223968242
14.2	2032.56283155	-283.120627187	28.1120392294
14.25	2054.44271819	-283.427519477	28.4146563106
14.3	2190.41887442	-285.307690384	30.2953199629
14.35	2394.04528296	-288.121672133	33.1116430285
14.4	2357.38721563	-287.63563881	32.6046313826
14.45	2160.30727961	-284.939321953	29.878851492
14.5	2370.9528663	-287.81499525	32.7922556458
14.55	2599.82631927	-291.000897438	35.9577663934
14.6	2353.61315767	-287.605573571	32.5524330132
14.65	2365.49534421	-287.834373842	32.7167735634
14.7	2242.55882903	-286.078220381	31.0164590227
14.75	2433.53390112	-288.730496376	33.6578035534
14.8	2069.64960187	-283.677070415	28.6249801953
14.85	2606.42651465	-291.173068346	36.0490526005
14.9	2330.21749828	-287.232494591	32.2288515305
14.95	2622.72478845	-291.349125793	36.2744713208
15.0	2254.28963178	-286.238824117	31.1787058088
15.05	2376.37842469	-287.874192511	32.8672956435
15.1	2463.96221059	-289.121047186	34.0786524522
15.15	2335.8050821	-287.422461295	32.3061324752
15.2	2299.92222191	-286.926196519	31.8098425904
15.25	2331.99740969	-287.358749673	32.2534691899
15.3	2361.12631717	-287.677762124	32.6563462755
15.35	2541.24422475	-290.214670275	35.1475271656
15.4	2398.32009911	-288.3385288	33.1707673013
15.45	2236.55884968	-286.095433399	30.933474304
15.5	2418.4304437	-288.483093823	33.4489101401
15.55	2464.23851897	-289.168717855	34.0824740276
15.6	2324.78334101	-287.164880157	32.1536926032
15.65	2332.64592508	-287.267329079	32.2624386987
15.7	2289.68362563	-286.734419634	31.6682342643
15.75	2244.83625822	-286.13707025	31.0479577679
15.8	2188.81721826	-285.269365473	30.2731677223
15.85	2478.68925104	-289.244053321	34.2823397049
15.9	2406.25119377	-288.24916093	33.2804609555
15.95	2174.3998153	-285.045290249	30.0737630145
16.0	2358.41777658	-287.635745599	32.6188849
16.05	2459.84866078	-289.091266144	34.0217586275
16.1	2539.38806866	-290.219299526	35.1218549786
16.15	2080.21893731	-283.755301458	28.7711629199
16.2	2167.1079776	-285.021236042	29.9729108172
16.25	2422.9965015	-288.625044824	33.512062528
16.3	2253.45655349	-286.134606162	31.1671836412
16.35	2509.72033966	-289.772244598	34.7115255421
16.4	2331.21133212	-287.266494865	32.2425970816
16.45	2292.35971557	-286.748354146	31.7052468203
16.5	2380.74421677	-287.981026514	32.9276781894
16.55	2423.99508746	-288.587582712	33.5258738046
16.6	2479.83512483	-289.448903515	34.2981880951
16.65	2369.96542318	-287.931142776	32.7785984839
16.7	2382.7129078	-288.059017478	32.9549068282
16.75	2275.05245891	-286.515812035	31.4658730255
16.8	2342.81594978	-287.478229549	32.4030986227
16.85	2483.49060962	-289.395109845	34.3487464986
16.9	2322.65691872	-287.151615803	32.1242824093
16.95	2312.24931641	-287.021785299	31.9803365888
17.0	2252.60400771	-286.171055128	31.1553922221
17.05	2524.8521792	-290.105113068	34.9208115037
17.1	2436.56179749	-288.724779985	33.6996818856
17.15	2378.47371824	-287.877461398	32.896275301
17.2	2470.48427602	-289.212535199	34.1688580569
17.25	2387.6321289	-288.064368323	33.022943759
17.3	2166.61850412	-285.01282689	29.9661409908
17.35	2294.69290341	-286.771695601	31.7375167541
17.4	2412.69530806	-288.39767683	33.3695884309
17.45	2232.55166465	-285.794364256	30.8780515928
17.5	2468.52486835	-289.153532601	34.1417578146
17.55	2331.2556773	-287.323301193	32.2432104123
17.6	2166.44491414	-284.916527327	29.9637400966
17.65	2201.16329425	-285.475087849	30.4439242505
17.7	2286.38493554	-286.667910533	31.6226106291
17.75	2259.83589808	-286.257802654	31.2554152976
17.8	2194.13910469	-285.362350495	30.3467738503
17.85	2202.15361156	-285.531633085	30.457621165
17.9	2410.11898486	-288.424180941	33.3339557322
17.95	2357.18912083	-287.575811897	32.6018915663
18.0	2502.26639887	-289.743499633	34.608431324
18.05	2311.71411295	-287.030152587	31.9729342787
18.1	2361.13350595	-287.62749436	32.6564457024
18.15	2340.0531032	-287.319155241	32.36488615
18.2	2442.16073267	-288.831780287	33.7771198289
18.25	2334.09931296	-287.334192962	32.2825402653
18.3	2382.23738176	-288.029438458	32.9483299066
18.35	2185.2645168	-285.217391192	30.224030898
18.4	2288.18839232	-286.679113276	31.6475539405
18.45	2397.89165525	-288.220830973	33.1648415655
18.5	2160.60014109	-284.898643921	29.8829020104
18.55	2589.14713732	-290.901465006	35.8100644
18.6	2402.97252941	-288.27941372	33.2351142927
18.65	2567.69081197	-290.682477225	35.5133055247
18.7	2427.5667839	-288.708836222	33.5752733453
18.75	2342.18022279	-287.470041898	32.3943059881
18.8	2432.6703857	-288.73811108	33.645860415
18.85	2493.02615164	-289.593892195	34.4806309979
18.9	2314.70320434	-287.038528216	32.0142759056
18.95	2306.13666671	-286.929126172	31.8957935452
19.0	2270.70633064	-286.441602651	31.4057624465
19.05	2217.84439703	-285.688770762	30.6746378149
19.1	2469.79552956	-289.250339884	34.1593321189
19.15	2256.29421901	-286.180904099	31.2064309222
19.2	2551.16067195	-290.355991774	35.2846799012
19.25	2312.24407614	-286.965675679	31.9802641115
19.3	2280.14730983	-286.490134192	31.5363390631
19.35	2360.44095875	-287.629993576	32.6468671969
19.4	2362.20155299	-287.75675707	32.6712176837
19.45	2295.12103701	-286.754867132	31.7434381988
19.5	2218.30387395	-285.623623737	30.6809927639
19.55	2257.91139943	-286.320340738	31.2287978763
19.6	2438.70569688	-288.734386853	33.7293338024
19.65	2545.28514413	-290.235620554	35.2034164509
19.7	2375.12713308	-287.943925286	32.849989237
19.75	2385.2945096	-288.010370416	32.9906125344
19.8	2345.1146774	-287.512568828	32.4348919429
19.85	2441.47312272	-288.881168548	33.7676096099
19.9	2226.16287001	-285.739960354	30.7896892343
19.95	2456.24909131	-289.042611965	33.9719735795
20.0	2209.76839099	-285.591026803	30.5629399156
20.05	2401.17310102	-288.273654886	33.2102266974
20.1	2462.12912473	-289.093594766	34.0532993459
20.15	2227.68473513	-285.73006917	30.8107378983
20.2	2352.09368628	-287.558089155	32.5314174565
20.25	2411.40058569	-288.47573014	33.3516813406
20.3	2217.78194177	-285.671748963	30.6737740066
20.35	2448.95646881	-288.957302596	33.8711105279
20.4	2277.71162891	-286.516154883	31.5026515644
20.45	2357.14115395	-287.581102617	32.6012281443
20.5	2229.74733271	-285.841790575	30.8392653431
20.55	2526.36910324	-290.095808404	34.9417918283
20.6	2122.94099498	-284.333856647	29.3620446099
20.65	2433.64468409	-288.773769678	33.6593357743
20.7	2320.96971708	-287.250341941	32.1009470034
20.75	2545.40385382	-290.333286603	35.2050583049
20.8	2174.29961212	-285.031478087	30.0723771209
20.85	2522.00636847	-289.960360914	34.8814515678
20.9	2280.14643873	-286.555596934	31.536327015
20.95	2413.79777999	-288.409689861	33.3848365371
21.0	2360.98442097	-287.625551747	32.6543837327
21.05	2175.15438962	-285.026685818	30.0841994067
21.1	2369.36184055	-287.792147766	32.7702504327
21.15	2371.20360298	-287.879980047	32.7957235432
21.2	2308.65834517	-287.031744564	31.9306704616
21.25	2360.45676196	-287.76709195	32.6470857685
21.3	2400.11955803	-288.287063863	33.1956553191
21.35	2532.75247238	-290.077965352	35.0300791477
21.4	2374.39506369	-287.898977807	32.8398641067
21.45	2336.0466609	-287.341979701	32.3094737115
21.5	2175.97385256	-285.153572558	30.0955332626
21.55	2018.38453579	-282.823366027	27.9159415736
21.6	2511.49140519	-289.82114775	34.7360208555
21.65	2423.43452974	-288.584140772	33.5181208238
21.7	2307.04257749	-286.942915659	31.9083230468
21.75	2385.5479932	-288.051341772	32.994118424
21.8	2318.08406046	-287.101460683	32.0610359656
21.85	2318.18626076	-287.077913674	32.062449481
21.9	2306.91255405	-286.933086916	31.9065247143
21.95	2274.80545605	-286.549248567	31.4624567698
22.0	2484.29100302	-289.471409049	34.3598166069
22.05	2212.15334328	-285.644270291	30.595925795
22.1	2519.68066889	-289.961404313	34.8492852028
22.15	2160.21684668	-284.928558817	29.877600729
22.2	2426.7404208	-288.682796989	33.5638440544
22.25	2437.50078203	-288.8301931	33.712668825
22.3	2234.00752934	-285.908109098	30.8981874158
22.35	2305.7782218	-286.929025284	31.8908359531
22.4	2412.66659315	-288.497834533	33.3691912796
22.45	2286.14529619	-286.646586474	31.619296217
22.5	2458.5010782	-288.991240811	34.0031204365
22.55	2110.66963489	-284.147739924	29.1923214649
22.6	2326.34442081	-287.227607837	32.1752836388
22.65	2474.05204528	-289.387296432	34.2182032815
22.7	2103.88394254	-284.138167918	29.0984696801
22.75	2345.54565768	-287.432418367	32.4408527596
22.8	2382.11982764	-287.910004068	32.946704035
22.85	2262.60863147	-286.370106403	31.2937645131
22.9	2210.88547369	-285.596361998	30.578390101
22.95	2435.59723491	-288.791683398	33.6863411807
23.0	2246.61117709	-286.138468708	31.0725063763
23.05	2255.74236988	-286.187150915	31.1987983884
23.1	2213.43676826	-285.597771442	30.6136766328
23.15	2453.77853495	-289.010714376	33.9378037245
23.2	2323.00183846	-287.140329172	32.129052937
23.25	2443.71266092	-288.865336425	33.7985842911
23.3	2469.42395279	-289.213073285	34.1541929023
23.35	2328.48331397	-287.283995072	32.2048663151
23.4	2403.9476953	-288.289730586	33.2486016504
23.45	2646.93404017	-291.71419746	36.6093054639
23.5	2366.51823387	-287.757857324	32.7309209806
23.55	2469.1046236	-289.306452795	34.1497763132
23.6	2367.45678553	-287.874279597	32.7439019329
23.65	2321.06113091	-287.184404321	32.102211333
23.7	2277.0726116	-286.625052343	31.4938134221
23.75	2317.2992867	-287.122926378	32.0501818899
23.8	2583.9968611	-290.818116529	35.7388317844
23.85	2374.02169509	-287.914695957	32.8347001075
23.9	2244.77930246	-286.019976056	31.0471700222
23.95	2275.90225165	-286.540876761	31.4776263678
24.0	2290.8599006	-286.681116445	31.6845031283
24.05	2355.99857471	-287.633828584	32.5854253204
24.1	2308.4966522	-286.957877171	31.9284341129
24.15	2421.16902013	-288.520284422	33.4867869363
24.2	2298.87433551	-286.776896464	31.7953494475
24.25	2228.24177251	-285.888002462	30.8184421898
24.3	2201.79820185	-285.554856106	30.4527055522
24.35	2245.77943023	-286.071697373	31.0610026235
24.4	2411.32151042	-288.439760447	33.3505876637
24.45	2352.70300173	-287.545595171	32.5398447975
24.5	2529.75494041	-290.064103656	34.9886207804
24.55	2392.1871504	-288.189193481	33.0859435055
24.6	2551.45999699	-290.424662637	35.2888198161
24.65	2483.34111563	-289.543983409	34.346678872
24.7	2197.21058699	-285.424574347	30.3892550123
24.75	2187.16831204	-285.24127444	30.250361974
24.8	2394.63447483	-288.153978304	33.1197920435
24.85	2670.93682355	-292.039198826	36.9412839777
24.9	2206.74760306	-285.531258019	30.521159899
24.95	2313.45282715	-287.106845035	31.9969821461
25.0	2365.75950628	-287.866407906	32.7204271452
25.05	2470.19196449	-289.268128196	34.1648151446
25.1	2644.2969505	-291.678741244	36.5728323143
25.15	2289.03191732	-286.738177604	31.6592205948
25.2	2349.3266522	-287.651545306	32.4931470673
25.25	2143.5955326	-284.71454984	29.6477140923
25.3	2308.40983313	-286.975083781	31.9272333327
25.35	2213.19895993	-285.613639471	30.6103875453
25.4	2604.23983205	-291.099887693	36.0188089562
25.45	2138.30153865	-284.56525514	29.5744937405
25.5	2496.51539246	-289.625613924	34.5288901086
25.55	2302.35914717	-286.898185331	31.8435472994
25.6	2453.67858487	-289.056569462	33.9364213315
25.65	2392.19990164	-288.135369585	33.0861198658
25.7	2497.20915491	-289.605271605	34.538485422
25.75	2536.28935853	-290.220658643	35.078997233
25.8	2333.46474981	-287.410350382	32.2737637276
25.85	2411.40378883	-288.450234973	33.3517256428
25.9	2170.80584885	-284.966914985	30.0240554609
25.95	2359.15775935	-287.687239559	32.6291194789
26.0	2416.1880523	-288.48344242	33.4178959968
26.05	2450.91045736	-288.901954726	33.8981358192
26.1	2429.53481148	-288.639707042	33.6024928083
26.15	2203.01162067	-285.519649773	30.4694881465
26.2	2159.49008954	-284.980795707	29.8675490716
26.25	2202.25352528	-285.542162203	30.459003055
26.3	2482.03554434	-289.403932755	34.3286217321
26.35	2505.34304889	-289.653363332	34.6509839598
26.4	2449.03243095	-288.915754	33.8721611476
26.45	2403.36015257	-288.359159936	33.2404754444
26.5	2241.7316451	-286.050534957	31.0050183791
26.55	2307.54851951	-286.971702954	31.915320647
26.6	2395.49542275	-288.122404907	33.1316996714
26.65	2558.34728619	-290.416538988	35.3840767701
26.7	2462.28348671	-289.065242008	34.0554343008
26.75	2305.08758778	-286.895110513	31.8812839086
26.8	2154.16342341	-284.80401377	29.7938768363
26.85	2248.89782668	-286.192001448	31.1041326473
26.9	2412.1474385	-288.436366505	33.3620109379
26.95	2379.28036958	-287.951497005	32.9074319618
27.0	2240.42890778	-285.960214764	30.9870004353
27.05	2265.9613535	-286.359753437	31.3401354551
27.1	2478.64258706	-289.339279045	34.2816943031
27.15	2451.2791953	-288.948795248	33.9032357725
27.2	2495.03317499	-289.587644475	34.5083898048
27.25	2218.36834578	-285.693597127	30.6818844631
27.3	2343.18984706	-287.495746585	32.4082699338
27.35	2302.56891338	-286.885930917	31.8464485409
27.4	2274.2861456	-286.536930855	31.4552742732
27.45	2543.18035149	-290.372215639	35.1743054131
27.5	2428.80998186	-288.754185444	33.59246781
27.55	2466.83184583	-289.259957022	34.118341901
27.6	2468.754414	-289.22823351	34.1449326224
27.65	2314.84309847	-287.075736242	32.0162107581
27.7	2424.82357105	-288.648600262	33.5373324237
27.75	2450.46326882	-288.985990472	33.8919508287
27.8	2301.19187831	-286.884821854	31.8274029974
27.85	2068.27073677	-283.631935349	28.605909341
27.9	2404.24497551	-288.345422153	33.2527132837
27.95	2593.32204249	-291.002962615	35.8678068207
28.0	2409.65898843	-288.421933868	33.3275935978
28.05	2276.82360637	-286.526965305	31.4903694721
28.1	2290.35202395	-286.699795143	31.6774787706
28.15	2276.40300863	-286.536798757	31.4845522544
28.2	2586.31607109	-290.87737081	35.7709083928
28.25	2403.28373641	-288.296512056	33.2394185451
28.3	2465.80856057	-289.198043713	34.1041890124
28.35	2107.61430024	-284.248660421	29.1500636385
28.4	2097.25518125	-284.123825226	29.0067883826
28.45	2323.86111754	-287.204374337	32.1409374834
28.5	2305.4679361	-286.885213495	31.8865444432
28.55	2421.90624904	-288.504073299	33.496983427
28.6	2543.03060036	-290.228889169	35.1722342302
28.65	2200.84005921	-285.391035739	30.4394536403
28.7	2365.20512167	-287.802680233	32.7127595437
28.75	2380.64824848	-288.142603114	32.9263508678
28.8	2431.66127569	-288.705130623	33.6319035818
28.85	2418.02957341	-288.503672716	33.4433657698
28.9	2252.79527539	-286.211580481	31.1580376137
28.95	2233.44908668	-285.860720009	30.8904636879
29.0	2300.49229952	-286.845119591	31.8177272393
29.05	2488.34312916	-289.534743619	34.4158608911
29.1	2352.59646375	-287.592616988	32.5383712884
29.15	2223.00405603	-285.763459949	30.7460002024
29.2	2553.76038579	-290.429395102	35.3206361119
29.25	2420.63602678	-288.619026564	33.4794151938
29.3	2257.59795137	-286.151779201	31.2244626281
29.35	2333.23797361	-287.332096485	32.2706272236
29.4	2251.0004102	-286.185236702	31.133213131
29.45	2113.60565462	-284.138663739	29.2329290666
29.5	2492.29101403	-289.514001914	34.4704634316
29.55	2229.26073728	-285.831102092	30.8325353224
29.6	2300.37678958	-286.911100446	31.8161296405
29.65	2543.05878025	-290.291988212	35.1726239815
29.7	2357.96800603	-287.766686622	32.6126641982
29.75	2443.14004045	-288.886162508	33.7906644724
29.8	2441.62506828	-288.775466484	33.7697111437
29.85	2633.90150173	-291.471645598	36.4290545874
29.9	2183.52907365	-285.131059217	30.2000282717
29.95	2335.58045483	-287.375764218	32.3030256926
30.0	2071.91171395	-283.707798725	28.656267092
30.05	2046.12239653	-283.326593918	28.2995793225
30.1	2249.34727863	-286.173124897	31.1103489426
30.15	2010.60958153	-282.750308497	27.8084074714
30.2	2181.11244154	-285.19223582	30.166604234
30.25	2067.49133784	-283.576315978	28.5951296037
30.3	2055.69219006	-283.46911793	28.4319375487
30.35	2024.245916	-283.079870384	27.9970093506
30.4	1772.85491691	-279.546797413	24.5200621593
30.45	1925.14765471	-281.697175434	26.6263977435
30.5	1975.27938982	-282.376488199	27.3197614527
30.55	1953.96631685	-282.078831198	27.0249838773
30.6	1822.8134732	-280.238862005	25.2110306609
30.65	2032.26693087	-283.227425023	28.1079466761
30.7	1930.42554945	-281.749709748	26.6993954298
30.75	1975.66649851	-282.412670575	27.3251154888
30.8	2032.01795187	-283.129230218	28.104503089
30.85	1953.40744723	-282.003175749	27.0172542443
30.9	2039.56499267	-283.240035271	28.2088849579
30.95	1969.48597869	-282.235210027	27.2396337448
31.0	1910.37401322	-281.412300511	26.4220659597
31.05	1811.39173073	-280.092516168	25.0530584362
31.1	2035.00671379	-283.202941904	28.1458401591
31.15	1851.22306349	-280.568310165	25.6039589898
31.2	1881.56598822	-281.00667476	26.0236269464
31.25	1945.93927983	-281.918629195	26.9139632602
31.3	2118.32434201	-284.374665557	29.2981924488
31.35	2040.74867959	-283.226188094	28.2252563351
31.4	1839.12481067	-280.369137643	25.4366300627
31.45	2058.30760197	-283.417211082	28.4681108768
31.5	2020.61190726	-282.976876027	27.9467479788
31.55	1941.32751633	-281.87191476	26.8501787247
31.6	1877.28450238	-280.980045543	25.9644104263
31.65	1823.67835306	-280.277403318	25.2229926707
31.7	1868.39141526	-280.889638773	25.8414116142
31.75	1978.0772427	-282.342035315	27.3584580916
31.8	2033.79036582	-283.213068849	28.1290170522
31.85	1906.42103966	-281.377396346	26.3673930383
31.9	1944.10676162	-281.907005228	26.8886180049
31.95	1810.60701471	-279.939987394	25.0422051591
32.0	1914.78613228	-281.490359585	26.4830892462
32.05	1898.72541584	-281.267308735	26.2609561424
32.1	1992.53383703	-282.583070298	27.5584048488
32.15	2010.59157005	-282.768700928	27.8081583576
32.2	2033.03392229	-283.191188957	28.1185548071
32.25	2040.0442456	-283.286961471	28.2155134256
32.3	1937.67828948	-281.828110357	26.7997068736
32.35	1851.05176241	-280.671989493	25.601589753
32.4	2044.23977144	-283.430672697	28.2735410472
32.45	1791.35223783	-279.862807038	24.7758955353
32.5	1833.78234857	-280.384648824	25.3627393559
32.55	2000.06747075	-282.698550103	27.6626012866
32.6	2080.05338794	-283.861789716	28.7688732339
32.65	1959.84314528	-282.263887655	27.1062653161
32.7	2021.65521549	-283.102178956	27.9611778017
32.75	1814.40926173	-280.128171499	25.0947934066
32.8	1982.62339203	-282.478845017	27.4213351286
32.85	1709.31927266	-278.634061037	23.6413112071
32.9	1855.00018597	-280.609854835	25.6561997441
32.95	1987.89767337	-282.514965122	27.4942828385
33.0	2088.50149909	-283.942250678	28.8857176574
33.05	1869.97788418	-280.805547089	25.8633538025
33.1	1893.4667687	-281.220459589	26.1882246664
33.15	1795.26647372	-279.877652035	24.8300326824
33.2	2058.04553158	-283.496707815	28.4644862247
33.25	1893.16457586	-281.149268222	26.1840450874
33.3	1891.00895239	-281.15962785	26.1542310169
33.35	1824.79678266	-280.247043925	25.2384614849
33.4	1808.78016524	-280.011981595	25.0169383072
33.45	1817.42933117	-280.10630573	25.1365634859
33.5	2131.02141565	-284.515545488	29.4738035673
33.55	1892.16575754	-281.157597877	26.1702305969
33.6	2005.49528637	-282.798166899	27.7376725038
33.65	1938.07805515	-281.862078428	26.8052359663
33.7	1912.66264298	-281.490795018	26.453719618
33.75	2022.73354375	-283.038858772	27.9760919809
33.8	2022.48551789	-283.009783601	27.9726615764
33.85	1990.21608714	-282.605940701	27.5263484346
33.9	1847.04378513	-280.617869761	25.5461560843
33.95	1926.7345088	-281.668217059	26.6483452591
34.0	2111.13807973	-284.237130886	29.1988004478
34.05	2070.04021585	-283.686903462	28.6303827124
34.1	1986.67500716	-282.501813337	27.4773723451
34.15	1949.223448	-282.05303169	26.9593860452
34.2	1859.08424774	-280.670153282	25.7126857246
34.25	1942.99257177	-281.846143876	26.87320783
34.3	2034.25292927	-283.182941883	28.1354146904
34.35	1641.45189488	-277.643480666	22.7026487673
34.4	1913.66095447	-281.489800613	26.4675270986
34.45	1895.36149495	-281.306037106	26.2144303108
34.5	1940.77787288	-281.878502214	26.8425766973
34.55	2081.12215039	-283.845440016	28.7836551101
34.6	1890.27945899	-281.168915038	26.1441415147
34.65	1886.14728153	-281.100538747	26.086990054
34.7	1946.33362482	-282.005324004	26.9194173804
34.75	1910.99427533	-281.472000147	26.430644702
34.8	1934.43315023	-281.846036209	26.7548238912
34.85	2014.56948798	-282.887385803	27.8631762803
34.9	1792.74866705	-279.745900163	24.7952093162
34.95	2116.43864167	-284.353135313	29.2721116403
35.0	1881.77407988	-280.995119362	26.0265050277
35.05	1867.13826412	-280.827254209	25.8240794887
35.1	2044.88647568	-283.33421722	28.2824855063
35.15	2067.21916623	-283.624177729	28.5913652433
35.2	1915.85246467	-281.502823561	26.4978375126
35.25	2041.581102	-283.30600866	28.2367694314
35.3	2042.35292668	-283.31082806	28.2474444104
35.35	2024.28594383	-283.060132098	27.9975629688
35.4	1737.94787891	-278.974992491	24.0372687093
35.45	2225.90557019	-285.88287851	30.7861305632
35.5	1950.92254048	-282.06301015	26.9828859114
35.55	2140.03253446	-284.677022264	29.5984348563
35.6	2107.68046746	-284.214571017	29.1509787862
35.65	1825.37851619	-280.250417567	25.2465073449
35.7	1628.36408735	-277.385440223	22.5216334731
35.75	2022.49010426	-283.012474255	27.9727250097
35.8	1908.19372871	-281.426251638	26.3919108064
35.85	1834.65501782	-280.400966391	25.3748090994
35.9	2004.38946978	-282.753417147	27.722378138
35.95	1913.5747168	-281.465862027	26.4663343597
36.0	1727.35143678	-278.826451133	23.8907110766
36.05	1850.30059766	-280.555112094	25.591200518
36.1	2019.79690258	-282.956425723	27.9354757842
36.15	2032.28020246	-283.128930333	28.1081302334
36.2	1900.87924239	-281.289061712	26.2907453599
36.25	1884.29215255	-281.055702522	26.0613320729
36.3	1722.49500907	-278.793532831	23.8235426309
36.35	1774.96098066	-279.564147741	24.5491907775
36.4	1942.74170777	-281.899061854	26.8697381717
36.45	1922.00246489	-281.585196501	26.5828971451
36.5	1852.94492454	-280.621111656	25.6277737642
36.55	1830.46147755	-280.271902352	25.31680894
36.6	1967.8148444	-282.289920091	27.2165205637
36.65	1909.91330102	-281.440172142	26.4156939257
36.7	2020.78570604	-283.013996804	27.9491517607
36.75	1784.7340927	-279.707893154	24.6843610683
36.8	2012.70794782	-282.885350929	27.8374296273
36.85	1897.46677744	-281.208878862	26.2435481235
36.9	1955.07512822	-282.027429482	27.0403196633
36.95	1983.90019785	-282.437265757	27.438994418
37.0	2103.45843422	-284.156910234	29.0925845452
37.05	1846.45876277	-280.61480106	25.5380647372
37.1	1890.54375955	-281.181835398	26.1477970119
37.15	1823.87789843	-280.208758628	25.2257525496
37.2	1963.02142247	-282.161581154	27.1502235405
37.25	1909.11688156	-281.366714743	26.4046787803
37.3	1860.26893309	-280.691874546	25.7290709111
37.35	1916.19937048	-281.473175238	26.5026355092
37.4	1802.76298841	-279.92448836	24.933715733
37.45	1956.76066675	-282.071652936	27.063632067
37.5	1854.8385861	-280.62125397	25.653964683
37.55	2046.02076621	-283.375130808	28.2981736903
37.6	1946.8977757	-281.934907084	26.9272200576
37.65	1712.51595915	-278.580621034	23.6855240473
37.7	1843.07506533	-280.451348656	25.4912653793
37.75	1931.14562677	-281.7125682	26.7093546997
37.8	1923.74419458	-281.606517005	26.6069867194
37.85	1821.30423116	-280.141786258	25.1901565847
37.9	1944.80907154	-281.963648419	26.8983315369
37.95	1644.02335231	-277.7325651	22.7382141683
38.0	1836.43124716	-280.418780975	25.3993758327
38.05	2027.46964996	-283.101991189	28.04159628
38.1	1676.66652906	-278.098109967	23.1896965289
38.15	1941.05366477	-281.822717453	26.8463911292
38.2	1825.95776376	-280.248385567	25.2545188218
38.25	1858.35869594	-280.754191413	25.702650738
38.3	1792.57937583	-279.818023002	24.7928678774
38.35	1946.43671646	-281.99258992	26.9208432237
38.4	1930.4114998	-281.736759494	26.6992011114
38.45	1609.81678724	-277.197385798	22.2651088431
38.5	1997.14558183	-282.689079977	27.6221891258
38.55	1938.43608422	-281.744605843	26.8101878069
38.6	1972.3248984	-282.258996938	27.2788983721
38.65	1850.37496607	-280.564154945	25.5922290951
38.7	1983.80229549	-282.422664642	27.4376403466
38.75	1876.20379768	-280.931293259	25.949463379
38.8	1969.22595152	-282.205062013	27.236037352
38.85	1931.55879578	-281.728449962	26.7150691718
38.9	1957.30258251	-282.141150718	27.0711272139
38.95	1860.41492399	-280.730850739	25.731090087
39.0	1957.88990398	-282.051408991	27.0792503597
39.05	1918.85122756	-281.541646869	26.5393129045
39.1	1834.04623308	-280.280104274	25.3663890987
39.15	1834.25623541	-280.377845255	25.3692936062
39.2	1838.52661342	-280.509702256	25.4283564957
39.25	1959.21379099	-282.180475229	27.0975608213
39.3	1913.58013982	-281.473462907	26.4664093646
39.35	1924.52383174	-281.603021371	26.6177697515
39.4	1932.49332222	-281.68963337	26.7279944519
39.45	1959.62695652	-282.125631366	27.1032752452
39.5	1900.34671551	-281.356422882	26.283380069
39.55	2078.92217884	-283.867294148	28.7532276686
39.6	1852.0815113	-280.547147064	25.615832039
39.65	1952.91313737	-282.034892816	27.0104175267
39.7	1851.08496285	-280.708845368	25.6020489428
39.75	2120.28297831	-284.383846368	29.3252820225
39.8	1867.69858208	-280.789144719	25.8318291534
39.85	2102.89233564	-284.1487416	29.0847549296
39.9	2126.36389942	-284.478144275	29.4093862332
39.95	1986.67381568	-282.502897949	27.477355866
40.0	2027.84936725	-283.147646126	28.0468480868
40.05	1892.64931664	-281.132953469	26.1769186226
40.1	1899.41181784	-281.265711917	26.2704496545
40.15	1961.10668344	-282.171329371	27.1237411026
40.2	1975.44208669	-282.347271133	27.3220116861
40.25	1833.95217786	-280.341049239	25.3650882366
40.3	1862.52755759	-280.752886714	25.7603095717
40.35	1921.11123381	-281.571279418	26.5705706758
40.4	1897.09903621	-281.215475325	26.2384619556
40.45	1913.4390659	-281.410872149	26.4644581947
40.5	2002.1168768	-282.669609854	27.6909462816
40.55	1859.14529292	-280.720008013	25.7135300304
40.6	1906.56314726	-281.390660502	26.3693585049
40.65	1887.77611693	-281.191315072	26.1095182061
40.7	1896.5536109	-281.238864839	26.2309182686
40.75	2147.99150927	-284.786806181	29.7085141161
40.8	2026.85100758	-283.074943903	28.0330399399
40.85	1707.62223087	-278.563785538	23.6178397037
40.9	1927.20404893	-281.695488838	26.6548393907
40.95	1819.83675357	-280.21958505	25.1698601457
41.0	1952.60211212	-281.993083932	27.006115788
41.05	2058.30833476	-283.503150779	28.468121012
41.1	2030.22229567	-283.110729149	28.079667666
41.15	1974.76706003	-282.373882606	27.3126755044
41.2	1883.11616404	-281.132752398	26.045067171
41.25	1857.4724644	-280.724686633	25.6903934166
41.3	2069.05418252	-283.726676483	28.6167450491
41.35	2015.86461211	-282.950350816	27.8810889273
41.4	1955.36142587	-282.075214342	27.0442793985
41.45	1821.65946823	-280.209394224	25.1950698097
41.5	1824.83320835	-280.264065896	25.2389652825
41.55	1764.44293853	-279.424774535	24.4037174822
41.6	1850.35242723	-280.574137746	25.5919173641
41.65	2019.12653516	-282.963648903	27.9262040437
41.7	1926.29139071	-281.639071416	26.6422165663
41.75	1909.96455846	-281.433902029	26.4164028588
41.8	2176.81161626	-285.186600903	30.1071202333
41.85	2135.80210956	-284.606813501	29.5399245514
41.9	1861.30152103	-280.773378236	25.7433524636
41.95	2014.82822072	-282.874947683	27.86675477
42.0	1870.14855623	-280.787532772	25.8657143393
42.05	1918.95786723	-281.563341913	26.5407878201
42.1	2008.38264643	-282.936136726	27.7776071016
42.15	1920.76382197	-281.637339379	26.5657656803
42.2	2016.70044558	-282.935770418	27.8926492012
42.25	2075.50355038	-283.749828658	28.7059451857
42.3	1931.84541744	-281.68245557	26.7190333884
42.35	1855.96446889	-280.61959458	25.669536581
42.4	1855.22489262	-280.692788056	25.6593076243
42.45	2140.10531628	-284.721071597	29.5994414896
42.5	2002.07086874	-282.748652699	27.6903099517
42.55	1890.52498315	-281.117322987	26.1475373187
42.6	1849.08266122	-280.615977085	25.5743554412
42.65	2090.20350555	-284.031719793	28.9092578263
42.7	1773.74009749	-279.561182989	24.532304945
42.75	2178.45139324	-285.197866069	30.1297997166
42.8	1895.74263082	-281.222801537	26.2197017377
42.85	2079.60527841	-283.82426009	28.7626755054
42.9	1845.58392891	-280.539095813	25.5259650551
42.95	1809.87657936	-280.042971445	25.0321026291
43.0	1869.40542406	-280.84963686	25.8554362015
43.05	1887.25907613	-281.135556085	26.1023671005
43.1	1711.26832413	-278.642243433	23.6682682145
43.15	2054.29043799	-283.475248778	28.4125501484
43.2	1893.90984132	-281.242036897	26.1943527303
43.25	1798.390237	-279.860780685	24.8732369339
43.3	1805.16895649	-280.021874774	24.9669922783
43.35	1853.48276567	-280.664232737	25.6352125556
43.4	1883.63779267	-281.02642441	26.05228173
43.45	1948.51107507	-281.975688571	26.9495333335
43.5	1769.46162896	-279.458407121	24.4731301566
43.55	1846.61633943	-280.548075643	25.5402441538
43.6	1954.80868627	-282.115082563	27.0366345489
43.65	1965.49868614	-282.247706341	27.1844861631
43.7	2060.09205576	-283.628532541	28.4927913611
43.75	1834.29913331	-280.39421427	25.3698869199
43.8	1764.72845321	-279.479344636	24.4076663883
43.85	2042.53297012	-283.355095939	28.2499345615
43.9	1814.12102672	-280.090975105	25.0908068761
43.95	1964.13672763	-282.305895394	27.165649141
44.0	1917.00341936	-281.572430577	26.5137561758
44.05	1997.48120915	-282.639267653	27.6268311315
44.1	2100.71044403	-284.114605258	29.0545775488
44.15	2143.84459735	-284.748091919	29.6511588655
44.2	1845.61430517	-280.514417825	25.5263851842
44.25	2070.09720988	-283.685017524	28.6311709874
44.3	2079.22089289	-283.834075529	28.757359133
44.35	1882.22522609	-281.008455655	26.032744756
44.4	2035.95905435	-283.166060045	28.1590118233
44.45	2034.19251924	-283.166441741	28.1345791694
44.5	1804.25095024	-280.002875182	24.9542954861
44.55	2075.46408856	-283.814471647	28.7053993959
44.6	1890.3076179	-281.134134713	26.144530976
44.65	1951.53940673	-282.084052937	26.9914176861
44.7	1829.27018287	-280.306750395	25.3003323408
44.75	1845.0532948	-280.509687317	25.5186259429
44.8	2031.79601262	-283.145210806	28.101433484
44.85	1780.40258239	-279.641475621	24.624452668
44.9	1742.77063808	-279.072446659	24.1039714911
44.95	1951.97844041	-281.952785238	26.9974898881
45.0	2102.33490979	-284.129682483	29.0770452652
45.05	1750.9980374	-279.196824287	24.2177632858
45.1	2067.33558043	-283.633725184	28.5929753488
45.15	1805.81164621	-279.976037747	24.9758812131
45.2	2001.01635762	-282.75717979	27.6757251834
45.25	1800.77190318	-279.937303714	24.9061773637
45.3	1890.23075173	-281.118325624	26.1434678527
45.35	1961.11015811	-282.133554685	27.1237891602
45.4	2067.26325217	-283.65493103	28.5919749886
45.45	1779.63027994	-279.537868549	24.6137710809
45.5	2027.32353749	-283.085970319	28.0395754227
45.55	1959.35264345	-282.087150083	27.0994812667
45.6	2009.06964544	-282.845285324	27.7871088709
45.65	1846.63355989	-280.613008506	25.5404823271
45.7	2146.82359896	-284.76697346	29.6923609424
45.75	1976.357303	-282.368742425	27.334669891
45.8	1931.5483856	-281.793514676	26.7149251902
45.85	1738.17457532	-279.05342081	24.0404041097
45.9	1845.20548204	-280.536578211	25.5207308193
45.95	2123.00806139	-284.420100003	29.3629721944
46.0	1944.04314175	-281.923294462	26.8877380892
46.05	1877.82775408	-281.017350829	25.9719240505
46.1	1742.43260532	-279.030532629	24.099296216
46.15	2115.55679485	-284.308526124	29.2599149633
46.2	1931.29470307	-281.799606023	26.7114165493
46.25	1900.39159006	-281.310453419	26.2840007214
46.3	1953.2537057	-282.047314877	27.0151278707
46.35	1824.14745431	-280.214739493	25.2294807322
46.4	1854.68648276	-280.658999453	25.651860967
46.45	1951.63535702	-282.054174497	26.9927447586
46.5	2025.10792086	-283.073339497	28.0089315967
46.55	1910.96081456	-281.416796582	26.4301819116
46.6	1909.31948625	-281.435663339	26.4074809721
46.65	1753.24166543	-279.284377098	24.2487945327
46.7	2124.75882615	-284.466178007	29.3871867312
46.75	1888.19050198	-281.115449195	26.1152494969
46.8	1982.09537925	-282.504402946	27.4140322714
46.85	2143.23211673	-284.727025374	29.6426877477
46.9	1855.38161116	-280.612638579	25.6614751725
46.95	1795.92881581	-279.774042633	24.8391934259
47.0	2148.56004105	-284.823840715	29.7163773847
47.05	1816.49371094	-280.129863942	25.1236230778
47.1	2027.04410879	-283.067894733	28.0357106906
47.15	1954.66981959	-282.074878407	27.0347139069
47.2	1866.68882878	-280.843363167	25.817863423
47.25	1932.78501217	-281.732459123	26.7320287671
47.3	2070.86632489	-283.676968447	28.6418084895
47.35	1891.99075219	-281.180218896	26.1678101269
47.4	2076.03340764	-283.788254524	28.7132735535
47.45	1988.04899731	-282.490701666	27.4963757749
47.5	2043.6439974	-283.305699714	28.2653009953
47.55	2125.00253845	-284.481979858	29.3905574755
47.6	1873.89175368	-280.878335265	25.917485882
47.65	2012.9786136	-282.901368695	27.8411731608
47.7	2092.26220491	-283.981362966	28.9377313555
47.75	1986.39440596	-282.487888549	27.4734913965
47.8	1805.39785271	-279.930358591	24.9701581039
47.85	2076.50912934	-283.767093434	28.7198531815
47.9	1943.16363987	-281.900498314	26.8755738446
47.95	2086.77807682	-283.911277229	28.86188129
48.0	2049.46682192	-283.376109174	28.3458355151
48.05	2026.27634913	-283.064720839	28.0250919342
48.1	2020.36356035	-282.959623861	27.9433131338
48.15	2000.49817043	-282.738021283	27.6685582224
48.2	1766.53567304	-279.39255064	24.4326617459
48.25	1924.1929417	-281.650216096	26.6131932664
48.3	1940.85186204	-281.913595152	26.843600029
48.35	1993.54663493	-282.591777463	27.5724126885
48.4	2009.56139481	-282.788243733	27.7939101748
48.45	1758.33573647	-279.245346369	24.3192497839
48.5	2156.54275971	-284.875107798	29.8267850419
48.55	1892.85848511	-281.121347987	26.1798115971
48.6	1826.72412652	-280.252172113	25.265118258
48.65	2061.16397879	-283.569399257	28.5076169506
48.7	2018.46407253	-282.911431447	27.917041633
48.75	1747.88285334	-279.085463998	24.174677692
48.8	2046.24467245	-283.353980914	28.3012705005
48.85	1798.75102894	-279.756684433	24.8782269873
48.9	2093.41610416	-283.941135538	28.9536907445
48.95	1914.76960924	-281.543757884	26.4828607188
49.0	1833.87292622	-280.374907525	25.3639921203
49.05	1910.9367854	-281.427196895	26.4298495683
49.1	1759.98183979	-279.338373913	24.3420167658
49.15	2068.8441625	-283.656875547	28.613840297
49.2	2033.05694567	-283.145894653	28.1188732397
49.25	1981.46311379	-282.417850576	27.4052875127
49.3	1884.71774509	-281.117643492	26.0672183727
49.35	1955.51722589	-282.112196251	27.0464342428
49.4	2074.4598654	-283.709349845	28.691510152
49.45	2081.02108348	-283.895005972	28.7822572704
49.5	1892.33548408	-281.258336162	26.1725780566
49.55	1958.40525647	-282.04515709	27.0863781146
49.6	2004.24667988	-282.794484097	27.7204032345
49.65	1923.07009637	-281.622392607	26.5976633788
49.7	1895.43817732	-281.184250232	26.2154908918
49.75	1904.21473893	-281.297294252	26.3368780591
49.8	1985.50063465	-282.506243586	27.4611297938
49.85	1896.41191136	-281.196873356	26.2289584458
49.9	2066.71285167	-283.599126945	28.5843624906
49.95	1864.14048394	-280.768611629	25.7826176885
50.0	1998.15817961	-282.731253668	27.6361941977
50.05	1628.26407228	-277.460564957	22.5202501813
50.1	1949.74669513	-281.987713505	26.9666229895
50.15	1948.77222589	-281.969412531	26.9531452671
50.2	2106.81688164	-284.246175668	29.1390346741
50.25	2075.64218599	-283.75965501	28.7078626317
50.3	1842.30812279	-280.41020731	25.4806579244
50.35	1807.82829232	-279.939303736	25.0037731108
50.4	2033.19066643	-283.172782442	28.1207227094
50.45	1972.95024998	-282.347856166	27.2875475061
50.5	1798.93624158	-279.789054725	24.8807886327
50.55	1992.65637551	-282.503593801	27.5600996582
50.6	1894.270163	-281.118591275	26.1993362796
50.65	1942.31805271	-281.843043218	26.8638786689
50.7	1836.52840105	-280.419095116	25.4007195521
50.75	1867.9225748	-280.91591257	25.8349271595
50.8	1886.36515844	-281.111105992	26.0900034734
50.85	1818.21958442	-280.156153991	25.1474933475
50.9	1930.33244399	-281.68404275	26.6981077037
50.95	2005.07385832	-282.754207827	27.7318438022
51.0	1885.54196453	-281.057923786	26.078618015
51.05	1743.08092093	-279.021544809	24.1082629617
51.1	1913.84348274	-281.441214563	26.4700516168
51.15	1922.83093779	-281.641287361	26.5943556162
51.2	1784.15681593	-279.656259603	24.676376849
51.25	1943.84246985	-281.940810273	26.8849626294
51.3	1837.9225032	-280.405879334	25.4200011475
51.35	2075.8948815	-283.814498248	28.7113576215
51.4	1825.07281754	-280.266541499	25.2422792775
51.45	1852.26700623	-280.584120939	25.6183975886
51.5	2035.54898057	-283.213724419	28.1533401609
51.55	2059.72313136	-283.646394436	28.4876888289
51.6	1960.92762361	-282.216642456	27.1212645558
51.65	1792.13583393	-279.78595443	24.786733323
51.7	1739.78041453	-279.034639215	24.0626142054
51.75	1952.97439222	-282.034822133	27.0112647324
51.8	1974.43381603	-282.281646287	27.3080664619
51.85	1902.44406807	-281.293062228	26.3123882042
51.9	2066.20517249	-283.628505768	28.5773408642
51.95	1870.22336159	-280.872288736	25.8667489598
52.0	2126.05766052	-284.473609271	29.4051506939
52.05	1677.60300287	-278.219000899	23.2026487427
52.1	1921.91039758	-281.653704099	26.5816237773
52.15	1928.4975252	-281.646180758	26.6727292463
52.2	1704.74335068	-278.526046288	23.5780223894
52.25	1869.97680727	-280.903613866	25.8633389079
52.3	1699.14455498	-278.465465173	23.5005863752
52.35	1866.5981265	-280.820617896	25.8166089348
52.4	1965.61890145	-282.183518517	27.1861488412
52.45	1876.2616646	-280.941923498	25.9502637267
52.5	1773.3991342	-279.518314189	24.5275891383
52.55	1920.87979643	-281.586643386	26.5673697039
52.6	1902.89960719	-281.312274753	26.3186886901
52.65	1811.60231634	-280.087051895	25.0559710109
52.7	1919.01033364	-281.6062944	26.5415134743
52.75	1932.00414728	-281.830196572	26.7212287544
52.8	1936.80793681	-281.829298265	26.7876691703
52.85	1998.23198813	-282.704626183	27.637215031
52.9	1985.00040429	-282.544447431	27.4542111906
52.95	1834.02845085	-280.387635686	25.3661431557
53.0	2074.58202721	-283.738029191	28.6931997516
53.05	1996.93902581	-282.636472358	27.6193322838
53.1	2031.7438298	-283.196648589	28.1007117521
53.15	2000.02500232	-282.696582313	27.6620139128
53.2	1902.89580461	-281.227676539	26.3186360974
53.25	2033.90218124	-283.110486829	28.1305635527
53.3	1948.40491843	-282.011736524	26.9480650985
53.35	1910.13817857	-281.436770024	26.4188041698
53.4	1739.60198533	-278.974237405	24.0601463807
53.45	1936.90445418	-281.752427234	26.789004086
53.5	1841.71985999	-280.507041559	25.4725217592
53.55	2132.78803923	-284.523242751	29.4982374449
53.6	1984.58390859	-282.448695681	27.4484507078
53.65	1814.30694782	-280.072507665	25.0933783199
53.7	2002.92355149	-282.730900118	27.7021032653
53.75	1842.98880436	-280.438023234	25.4900723181
53.8	1940.94993334	-281.84066546	26.844956437
53.85	2126.46345516	-284.548686695	29.4107631722
53.9	1753.18603893	-279.191375803	24.2480251719
53.95	1951.73006205	-282.013604077	26.9940546082
54.0	1858.54429238	-280.789011941	25.7052176916
54.05	1942.24806027	-281.885159181	26.8629106151
54.1	1889.20747558	-281.026324082	26.12931509
54.15	1847.91943225	-280.563599278	25.5582670143
54.2	1680.59536531	-278.192463997	23.2440356111
54.25	1805.03794206	-279.957712571	24.9651802395
54.3	2114.69237363	-284.339998338	29.2479592969
54.35	1933.94428951	-281.792910021	26.7480625397
54.4	1974.15228515	-282.30932516	27.3041726551
54.45	1930.58506572	-281.698523052	26.7016016729
54.5	1871.92181832	-280.895505143	25.8902400329
54.55	1922.39678988	-281.648986795	26.5883509886
54.6	1807.90849939	-280.123085787	25.0048824415
54.65	1737.01160215	-279.054805175	24.0243192208
54.7	1869.18400986	-280.868007164	25.8523738585
54.75	1845.27394832	-280.520853854	25.5216777651
54.8	1901.1283599	-281.297949078	26.2941908628
54.85	1921.37692739	-281.630429255	26.5742454396
54.9	1769.13757907	-279.483440769	24.4686482764
54.95	1795.47165226	-279.851316475	24.8328704727
55.0	1847.00369185	-280.511457018	25.5456015608
55.05	1811.72645055	-280.014081435	25.0576878905
55.1	1840.05885388	-280.426722213	25.4495486593
55.15	1890.30578784	-281.15029625	26.1445056646
55.2	1625.65956901	-277.511097866	22.4842277287
55.25	1899.3527861	-281.319844382	26.2696331962
55.3	1951.8512487	-282.033026321	26.9957307207
55.35	1821.17954427	-280.232515253	25.188432061
55.4	1884.31858728	-281.102065201	26.0616976873
55.45	1897.57210567	-281.243712218	26.2450049008
55.5	1838.31714058	-280.424605746	25.4254593117
55.55	1902.66813214	-281.35259668	26.3154871971
55.6	1765.91054514	-279.394109225	24.4240157057
55.65	1926.87817014	-281.620943422	26.6503322153
55.7	1790.91192948	-279.776779294	24.7698057037
55.75	1773.13088485	-279.528532495	24.5238790261
55.8	1998.12859767	-282.728125573	27.6357850547
55.85	1736.97327514	-278.989708891	24.0237891263
55.9	1777.82118874	-279.587008633	24.5887498407
55.95	2003.99199026	-282.812828822	27.7168806646
56.0	2124.06646626	-284.409312558	29.3776108164
56.05	1836.1513386	-280.342871665	25.3955044639
56.1	1848.8741784	-280.533485643	25.5714719499
56.15	2046.21424962	-283.3512677	28.3008497273
56.2	2092.69298651	-284.01327165	28.9436894244
56.25	1981.89392141	-282.362798312	27.4112459414
56.3	2155.38380719	-284.826756092	29.810755762
56.35	1925.04299537	-281.586203366	26.6249502176
56.4	2034.35473507	-283.143592799	28.1368227496
56.45	1878.15695026	-280.984708058	25.9764771082
56.5	1971.48636101	-282.325123182	27.2673007007
56.55	1817.36857656	-280.184381531	25.135723199
56.6	1915.14172661	-281.554564049	26.4880074124
56.65	2025.07064232	-283.070147261	28.0084160034
56.7	2189.7164566	-285.357903233	30.2856049385
56.75	1892.34599568	-281.136455618	26.1727234408
56.8	2048.80098318	-283.358126711	28.3366264099
56.85	1900.97444987	-281.293844542	26.2920621588
56.9	1979.51475485	-282.441576549	27.3783400836
56.95	2081.9022049	-283.857796665	28.7944439146
57.0	1871.03503426	-280.879581629	25.8779750697
57.05	1944.9206488	-281.953487315	26.8998747436
57.1	1860.53028477	-280.67380804	25.7326856227
57.15	1945.9371044	-281.927479562	26.9139331723
57.2	1768.90517268	-279.37617142	24.4654339022
57.25	2166.41853467	-284.968039523	29.9633752465
57.3	2117.82821628	-284.323852998	29.2913306161
57.35	1956.94702122	-282.07386362	27.0662095048
57.4	1999.90409753	-282.711267947	27.6603416988
57.45	1924.43134434	-281.647069981	26.6164905737
57.5	1918.53258288	-281.505694397	26.5349057828
57.55	1842.21089434	-280.489499249	25.4793131738
57.6	2030.56712234	-283.154273489	28.0844369065
57.65	1829.2084441	-280.34219789	25.2994784422
57.7	1979.75280658	-282.443264192	27.3816325375
57.75	2079.15573758	-283.783737524	28.7564579808
57.8	1751.64293082	-279.195931989	24.2266826996
57.85	1867.06667011	-280.775496611	25.8230892837
57.9	2077.22213493	-283.719426404	28.7297146435
57.95	1927.49905386	-281.711832504	26.658919555
58.0	1890.92238804	-281.166751416	26.1530337598
58.05	1930.67858327	-281.751080981	26.7028950987
58.1	1914.30749369	-281.565470849	26.4764692754
58.15	1849.68867092	-280.62594855	25.5827370608
58.2	1831.22128614	-280.369163584	25.3273177264
58.25	2067.97127046	-283.682157156	28.6017674721
58.3	1901.33748197	-281.333577582	26.2970831955
58.35	1931.05639269	-281.728709058	26.708120518
58.4	1776.67549904	-279.614894075	24.5729039966
58.45	1837.45030571	-280.394134388	25.4134702624
58.5	2066.78652763	-283.616653793	28.5853814906
58.55	1902.28775265	-281.355912803	26.3102262316
58.6	1909.91811707	-281.500197069	26.4157605357
58.65	1871.78192332	-280.854168278	25.8883051684
58.7	1808.6656277	-279.993905456	25.0153541576
58.75	1897.99348336	-281.280505661	26.2508329056
58.8	1829.12563666	-280.296844375	25.2983331463
58.85	1893.76605657	-281.265402576	26.1923640672
58.9	1893.46811368	-281.221536385	26.1882432686
58.95	1958.82186424	-282.104732037	27.0921401474
59.0	2026.6028606	-283.064976718	28.0296078602
59.05	1850.85549622	-280.546129636	25.5988752279
59.1	2004.35743673	-282.756036378	27.7219350941
59.15	2050.06765292	-283.38726504	28.354145509
59.2	1894.56367938	-281.128307743	26.203395856
59.25	1675.32215396	-278.068544561	23.1711026999
59.3	2041.04388642	-283.324950829	28.2293392919
59.35	2001.42266736	-282.703955837	27.681344786
59.4	1858.94464685	-280.758982746	25.7107549279
59.45	1957.07342487	-282.126198021	27.0679577726
59.5	1869.48100304	-280.882675304	25.8564815219
59.55	1647.55230465	-277.717561781	22.7870225224
59.6	2020.58241395	-282.95718617	27.9463400616
59.65	2006.43753883	-282.763292033	27.750704641
59.7	1963.40677052	-282.156192536	27.1555532254
59.75	2135.63956576	-284.575429938	29.5376764352
59.8	1940.42990968	-281.831356812	26.8377640759
59.85	1936.92150782	-281.794400636	26.789239952
59.9	1949.71750723	-281.964682361	26.9662192964
59.95	1929.77284912	-281.666789668	26.6903680399
60.0	1880.58233721	-281.045227079	26.0100222326
60.05	1969.09269643	-282.245654573	27.2341943231
60.1	1890.27359974	-281.132918311	26.1440604764
60.15	1715.28874929	-278.709216969	23.7238740477
60.2	1856.24537122	-280.672324291	25.6734216945
60.25	1938.12458855	-281.907618816	26.805879562
60.3	1753.30082411	-279.230895103	24.2496127466
60.35	2074.31650376	-283.697466048	28.6895273409
60.4	1886.27405135	-281.064834763	26.0887433863
60.45	1820.78592108	-280.127576951	25.1829879241
60.5	1988.48515171	-282.561882118	27.502408154
60.55	1974.48278916	-282.353568771	27.3087438012
60.6	1857.49906638	-280.601819173	25.6907613443
60.65	2152.79744813	-284.802525372	29.7749842589
60.7	1870.37271655	-280.820742598	25.8688146634
60.75	1822.79375953	-280.140330654	25.2107580044
60.8	2194.3120137	-285.414797312	30.3491653262
60.85	1977.74119691	-282.308454204	27.353810298
60.9	1749.63593173	-279.154521625	24.1989242283
60.95	2058.70957781	-283.602242003	28.4736705379
61.0	1835.32222199	-280.334225216	25.3840370896
61.05	2137.45667704	-284.57429535	29.5628085997
61.1	1773.01028738	-279.510054731	24.5222110624
61.15	1937.31306459	-281.839453318	26.7946555087
61.2	1995.41266646	-282.666619712	27.5982214609
61.25	2031.61283815	-283.195194583	28.0989000283
61.3	1902.97694801	-281.278784669	26.3197583782
61.35	1921.53894947	-281.559216039	26.5764863401
61.4	1766.56891249	-279.464632417	24.4331214752
61.45	1996.31501796	-282.687118621	27.6107017348
61.5	2107.7617936	-284.209490453	29.1521035946
61.55	1992.75941168	-282.564323339	27.5615247344
61.6	1951.52791109	-281.991159229	26.9912586919
61.65	2002.49963612	-282.710087502	27.6962401622
61.7	1951.31580756	-281.980167998	26.9883251231
61.75	1810.09098089	-280.003061465	25.035067981
61.8	1881.923579	-281.057558252	26.0285727252
61.85	1968.92575059	-282.289213179	27.2318853229
61.9	2002.10659359	-282.779569007	27.6908040561
61.95	2003.55360361	-282.764568658	27.7108174116
62.0	1917.77489544	-281.551108915	26.5244263335
