# 	 t 	 T	E	K
2.05	2528.73609919	-269.231205431	34.9745293566
2.1	2565.14674829	-269.916919965	35.4781190021
2.15	2859.6586642	-273.9770089	39.5514644383
2.2	2582.64255559	-270.107695759	35.7201006095
2.25	2735.50561772	-272.266395371	37.8343242549
2.3	2740.5722387	-272.328809537	37.9043998489
2.35	2608.26910749	-270.467452281	36.0745371962
2.4	2636.2278374	-270.840081936	36.46122975
2.45	2417.10451746	-267.70575706	33.4305714744
2.5	2920.93559517	-274.917538525	40.3989755019
2.55	2698.71799039	-271.7903115	37.3255206862
2.6	2582.2271834	-270.180732069	35.7143556656
2.65	2820.98620473	-273.394088758	39.0165920688
2.7	2652.28316699	-271.118991706	36.6832883493
2.75	2815.93368618	-273.476836307	38.9467115232
2.8	2853.33002893	-274.060844596	39.463934134
2.85	2479.23546522	-268.725296681	34.2898943025
2.9	2735.54641124	-272.358050512	37.8348884634
2.95	2725.93253108	-272.174499071	37.7019204823
3.0	2531.62476848	-269.385059072	35.0144820622
3.05	2494.99285987	-268.880470366	34.5078322131
3.1	2486.35078255	-268.894826416	34.3883050757
3.15	2631.5966348	-270.853412794	36.3971763554
3.2	2370.57149097	-267.012751497	32.7869809069
3.25	2518.84812182	-269.208652489	34.8377703825
3.3	2492.9845208	-268.923655495	34.4800552087
3.35	2456.384825	-268.420201944	33.9738508897
3.4	2661.63395361	-271.260566588	36.8126175273
3.45	2509.78677209	-269.199020297	34.7124443579
3.5	2502.2035129	-269.027906377	34.6075615586
3.55	2677.78912325	-271.459636157	37.0360569977
3.6	2665.93641331	-271.251342774	36.8721241334
3.65	2379.85027501	-267.346784201	32.9153142291
3.7	2631.15718344	-270.835743433	36.3910983765
3.75	2481.57580384	-268.746093771	34.3222631376
3.8	2448.43018067	-268.251039402	33.8638315239
3.85	2625.72848943	-270.760358162	36.3160150105
3.9	2526.75793112	-269.453120072	34.9471696422
3.95	2545.45501799	-269.638779064	35.205765948
4.0	2520.23862021	-269.261194844	34.8570021349
4.05	2566.57001296	-269.868172482	35.4978039396
4.1	2573.48184779	-269.956828926	35.5934003801
4.15	2715.88481554	-271.967672006	37.562952196
4.2	2550.57659684	-269.663713681	35.2766016552
4.25	2766.91698808	-272.71163281	38.2687697059
4.3	2474.83186559	-268.703272334	34.2289888468
4.35	2686.07507849	-271.644305039	37.1506586697
4.4	2548.21142105	-269.633080846	35.2438893014
4.45	2635.521996	-270.877023551	36.4514673747
4.5	2541.88661604	-269.619078319	35.1564119729
4.55	2634.67283374	-270.950188219	36.4397227524
4.6	2808.07101871	-273.36364127	38.8379642741
4.65	2672.9620507	-271.466347954	36.9692945583
4.7	2480.27226649	-268.619477924	34.3042341289
4.75	3001.85191528	-275.981891234	41.5181156977
4.8	2546.96672437	-269.628089708	35.2266741082
4.85	2539.19434171	-269.468372136	35.1191755733
4.9	2680.16443268	-271.512223944	37.0689095083
4.95	2703.4485684	-271.786486445	37.3909485256
5.0	2867.55064694	-274.1672393	39.660617142
5.05	2457.51154616	-268.466476907	33.989434383
5.1	2796.38225185	-273.198390934	38.6762988794
5.15	2680.68173357	-271.529388392	37.0760642111
5.2	2669.85931932	-271.277968206	36.9263811954
5.25	2498.74019968	-268.950104567	34.5596610482
5.3	2624.68623563	-270.761249618	36.3015997712
5.35	2768.11510249	-272.821133039	38.2853406275
5.4	2495.49904801	-268.974081307	34.5148332173
5.45	2656.53747064	-271.169530201	36.7421289171
5.5	2795.92310897	-273.134183964	38.6699485505
5.55	2559.801066	-269.827284633	35.4041837574
5.6	2655.22680266	-271.177833428	36.7240012858
5.65	2744.31358721	-272.498856184	37.9561458194
5.7	2658.70979865	-271.103174049	36.7721740253
5.75	2752.37532791	-272.538915922	38.0676464172
5.8	2645.6937267	-271.072811593	36.5921508941
5.85	2808.21644561	-273.428477113	38.8399756495
5.9	2495.93791627	-269.039317805	34.5209031313
5.95	2542.96009331	-269.669940608	35.1712590588
6.0	2516.72417789	-269.182572204	34.8083944665
6.05	2795.80947693	-273.154735821	38.6683769246
6.1	2558.81270932	-269.83631832	35.3905139603
6.15	2677.93991894	-271.470560164	37.0381426279
6.2	2685.57707798	-271.600150887	37.1437709072
6.25	2580.24534919	-270.028925057	35.6869452456
6.3	2758.87433346	-272.520104569	38.1575330844
6.35	2710.04054416	-271.765700664	37.4821210484
6.4	2649.42750714	-271.002592586	36.6437921918
6.45	2734.32213695	-272.307744926	37.8179557288
6.5	2710.34755298	-272.042220935	37.4863672365
6.55	2584.43955771	-270.10386542	35.7449546477
6.6	2745.72922937	-272.274899427	37.9757253311
6.65	2572.10445703	-269.914482288	35.574349917
6.7	2684.62274689	-271.445270206	37.1305717122
6.75	2527.99929001	-269.278331916	34.9643386711
6.8	2690.54210982	-271.613240497	37.2124414386
6.85	2584.24824444	-270.066329655	35.7423086255
6.9	2642.84758911	-270.811136669	36.5527864374
6.95	2864.11358997	-274.112336615	39.6130797773
7.0	2846.876871	-273.872968873	39.3746815775
7.05	2942.17622498	-275.171922307	40.692751128
7.1	2663.56003706	-271.314185284	36.8392568678
7.15	2459.16298078	-268.378786607	34.0122751012
7.2	2781.52592665	-272.941825836	38.470823511
7.25	2743.60797356	-272.348462584	37.9463865941
7.3	2903.34238975	-274.579064322	40.1556467972
7.35	2421.09317735	-267.803685048	33.4857379674
7.4	2724.09048809	-272.092351767	37.6764434914
7.45	2616.7661703	-270.613734362	36.192058662
7.5	2994.73095015	-275.887716679	41.4196268106
7.55	2738.55459013	-272.320176179	37.8764940864
7.6	2518.52335867	-269.226790624	34.8332786372
7.65	2703.5289105	-271.820198219	37.3920597239
7.7	2916.77973972	-274.812265652	40.3414965548
7.75	2497.3014949	-268.918951427	34.5397625611
7.8	2551.62931326	-269.667135917	35.2911616014
7.85	2651.91310119	-271.069946028	36.6781700307
7.9	2798.60242233	-273.078686696	38.7070056889
7.95	2535.47080917	-269.480506042	35.0676760127
8.0	2586.6867683	-270.151585307	35.7760354444
8.05	2439.52546813	-268.135119883	33.7406719224
8.1	2577.94867436	-270.029230882	35.6551803172
8.15	2721.55726246	-272.091621518	37.6414068681
8.2	2937.28056189	-275.221472409	40.6250400242
8.25	2543.50479998	-269.627661754	35.1787928064
8.3	2436.08656708	-268.108057929	33.6931090526
8.35	2544.39779711	-269.539131432	35.1911437016
8.4	2369.25904338	-267.108694177	32.768828662
8.45	2654.78049569	-271.190367939	36.7178284881
8.5	2642.9897186	-271.00460152	36.5547522068
8.55	2548.36522437	-269.683706151	35.2460165295
8.6	2789.88063291	-273.057037047	38.5863760668
8.65	2531.79527492	-269.378694775	35.0168403084
8.7	2646.00567533	-270.958658293	36.5964654039
8.75	2358.00648169	-267.000117096	32.6131963486
8.8	2783.31596007	-272.929866565	38.4955811661
8.85	2767.99747151	-272.687034177	38.2837136929
8.9	2278.09047661	-265.868587887	31.507891344
8.95	2658.00345518	-271.309951281	36.762404706
9.0	2487.7874415	-268.849208319	34.4081752673
9.05	2928.93113198	-275.084393195	40.5095604447
9.1	2810.62174981	-273.413431505	38.8732430128
9.15	2809.01473082	-273.326129893	38.8510165997
9.2	2596.86294254	-270.348873828	35.9167804217
9.25	2626.58758953	-270.93217768	36.3278970816
9.3	2317.04780974	-266.331056077	32.0467037539
9.35	2886.899319	-274.348433812	39.9282254144
9.4	2590.08178139	-270.201190719	35.822991307
9.45	2678.21690113	-271.541356184	37.0419735226
9.5	2769.39948146	-272.905504633	38.3031046599
9.55	2692.85136661	-271.727671955	37.2443803862
9.6	2727.3063124	-272.139543858	37.7209210237
9.65	2603.77148192	-270.405841001	36.0123312834
9.7	2876.16551886	-274.256330929	39.7797680058
9.75	2678.72040754	-271.538257795	37.0489374362
9.8	2818.72553471	-273.50549432	38.9853251169
9.85	2684.80441648	-271.539003584	37.1330843543
9.9	2604.9557394	-270.452647395	36.028710552
9.95	2857.20944339	-274.018560654	39.5175896717
10.0	2758.16318512	-272.589163082	38.1476973098
10.05	2897.44813063	-274.55315013	40.0741242775
10.1	2390.74216895	-267.33707704	33.0659582068
10.15	2705.64948624	-271.915521934	37.4213890549
10.2	2784.37196117	-273.016676651	38.5101865421
10.25	2756.23284664	-272.651431069	38.1209991186
10.3	2702.43247446	-271.912345891	37.3768950989
10.35	2697.95996671	-271.794012355	37.3150365863
10.4	2645.78615573	-271.007602858	36.5934292647
10.45	2728.27673227	-272.219215921	37.73434274
10.5	2904.67625616	-274.700056511	40.1740952822
10.55	2645.93738656	-271.092537935	36.5955209132
10.6	2710.11031756	-271.95092358	37.4830860726
10.65	2721.489889	-272.023257	37.6404750369
10.7	2791.3328402	-273.107149916	38.6064613048
10.75	2545.46378668	-269.656206895	35.2058872263
10.8	2588.78570039	-270.286471093	35.8050654259
10.85	2574.47443062	-270.118083294	35.6071286285
10.9	2355.19480996	-266.793785095	32.5743085836
10.95	2901.7701664	-274.52149646	40.1339016369
11.0	2698.11692258	-271.83614485	37.3172074169
11.05	2615.38224091	-270.556897474	36.1729177641
11.1	2507.28206559	-269.007690564	34.6778021781
11.15	2720.16260229	-271.987655394	37.6221175546
11.2	2728.49240579	-271.999365513	37.7373256846
11.25	2738.14466302	-272.205606722	37.8708244525
11.3	2379.80919514	-267.230382724	32.9147460603
11.35	2563.40933566	-269.899285786	35.4540891364
11.4	2569.75735605	-269.944751866	35.541887553
11.45	2496.22489182	-268.86894258	34.5248722425
11.5	2434.86171231	-268.009292804	33.6761682896
11.55	2724.06558374	-272.004726043	37.6760990434
11.6	2566.06728543	-269.772146176	35.4908507986
11.65	2376.25572416	-267.320781852	32.865598593
11.7	2509.31340602	-269.049343474	34.7058973104
11.75	2629.04242399	-270.660896979	36.3618494896
11.8	2729.95475514	-272.210323202	37.7575511958
11.85	2683.49509951	-271.529016291	37.1149754085
11.9	2536.40899907	-269.420477192	35.0806519616
11.95	2445.92852661	-268.233522177	33.8292315617
12.0	2871.80899846	-274.255643939	39.7195136951
12.05	2608.67814394	-270.58428863	36.0801945115
12.1	2772.91111749	-272.854075744	38.351673515
12.15	2714.62636332	-272.045475861	37.5455467522
12.2	2568.28066339	-269.85774988	35.5214636618
12.25	2564.75971011	-269.941349797	35.4727659412
12.3	2492.16331138	-268.903088582	34.4686971975
12.35	2619.40909701	-270.571759438	36.2286125427
12.4	2625.71787368	-270.815587989	36.3158681859
12.45	2500.48074856	-268.907096411	34.5837342908
12.5	2635.86090512	-270.866729342	36.4561547705
12.55	2699.15572342	-271.699974996	37.331574899
12.6	2735.71401297	-272.339521228	37.8372065351
12.65	2729.11987636	-272.207798303	37.7460041259
12.7	2535.30229017	-269.507660505	35.0653452544
12.75	2443.78357968	-268.153690184	33.7995651567
12.8	2619.25043076	-270.714062297	36.2264180561
12.85	2693.59005623	-271.670181854	37.2545970798
12.9	3049.45169665	-276.59869805	42.1764603749
12.95	2393.61443742	-267.680187039	33.1056840754
13.0	2575.64979077	-270.035661199	35.6233848398
13.05	2683.5581052	-271.505316056	37.1158468297
13.1	2596.76870077	-270.215604501	35.9154769794
13.15	2391.89571319	-267.466284678	33.0819126858
13.2	2883.77394345	-274.359394095	39.8849988637
13.25	2781.59785488	-272.863514569	38.4718183384
13.3	2416.39900326	-267.689707886	33.4208136246
13.35	2709.39714406	-271.757667318	37.4732222884
13.4	2585.56847319	-270.053023578	35.7605684904
13.45	2838.51520936	-273.658590349	39.2590328231
13.5	2357.17224825	-266.978994809	32.6016582044
13.55	2642.12227885	-271.041961074	36.5427547916
13.6	2437.60568973	-268.199988078	33.714119786
13.65	2606.56389632	-270.49883846	36.0509527036
13.7	2562.46559038	-269.856505927	35.4410363519
13.75	2696.1252497	-271.848427284	37.2896609199
13.8	2616.20108191	-270.741322956	36.1842430182
13.85	2723.75850542	-272.126382477	37.6718518941
13.9	2596.44563663	-270.337371009	35.9110087329
13.95	2647.74230763	-271.078931151	36.620484477
14.0	2577.46834763	-270.105047783	35.6485369978
14.05	2704.20197239	-272.004513997	37.4013687311
14.1	2534.32212827	-269.542836843	35.0517887977
14.15	2800.40418998	-273.150446178	38.7319256383
14.2	2444.24138644	-268.124253385	33.805897006
14.25	2885.5365913	-274.354020548	39.9093777536
14.3	2990.42265834	-275.836665842	41.3600395415
14.35	2795.45755138	-273.173875432	38.6635095007
14.4	2526.17132552	-269.332463065	34.9390563975
14.45	2620.30356802	-270.553634759	36.2409838227
14.5	2601.84206137	-270.326725507	35.985645788
14.55	2692.86852009	-271.66559145	37.2446176331
14.6	2562.49883878	-269.76984952	35.4414962052
14.65	2226.06230906	-265.105179527	30.7882983925
14.7	2517.14698885	-269.247802984	34.8142422947
14.75	2720.59345953	-272.146283875	37.6280766697
14.8	2768.36992926	-272.69610515	38.2888650942
14.85	2334.88086039	-266.483028989	32.2933497181
14.9	2522.12589184	-269.228247144	34.8831046757
14.95	2850.49635677	-273.86605476	39.4247420847
15.0	2510.44970531	-269.041903652	34.7216132773
15.05	2705.6364105	-271.841991729	37.4212082066
15.1	2680.24440774	-271.485479022	37.07001563
15.15	2887.10848321	-274.428602948	39.9311183298
15.2	2688.34493399	-271.668120716	37.1820526644
15.25	2745.35732534	-272.399280916	37.9705815882
15.3	2801.58092008	-273.242860995	38.7482007971
15.35	3013.53535522	-276.146098699	41.6797074167
15.4	2841.09548775	-273.747804246	39.2947202253
15.45	2554.86874204	-269.779369197	35.3359656033
15.5	2516.35316213	-269.221986967	34.803263009
15.55	2750.23644616	-272.467937708	38.0380638986
15.6	2562.27278598	-269.790433191	35.4383697063
15.65	2428.78543494	-268.059226908	33.5921283056
15.7	2608.27753785	-270.479533886	36.0746537952
15.75	2907.06559837	-274.670976019	40.2071418779
15.8	2372.02860691	-267.180673417	32.8071340356
15.85	2610.03775784	-270.609725367	36.0989991058
15.9	2754.95587609	-272.63938649	38.1033375509
15.95	2414.09098936	-267.784061761	33.3888918673
16.0	2681.20529259	-271.544901296	37.083305469
16.05	2586.36515135	-270.227082788	35.7715872137
16.1	2468.25837692	-268.450323125	34.1380720158
16.15	2883.49262258	-274.428628383	39.8811079615
16.2	2729.80708853	-272.216395421	37.7555088433
16.25	2506.07401534	-269.050800117	34.6610938355
16.3	2552.29811385	-269.71836419	35.3004116713
16.35	2444.22815454	-268.132800271	33.8057139978
16.4	2593.5952933	-270.229802772	35.8715861073
16.45	2594.890631	-270.242738195	35.8895017081
16.5	2857.05030313	-273.936133736	39.5153886291
16.55	2714.69807789	-271.948582686	37.5465386245
16.6	2489.28214656	-268.654231594	34.428848285
16.65	2680.38771171	-271.511247449	37.0719976435
16.7	2542.72900327	-269.582564628	35.1680628909
16.75	2497.62838782	-268.971330088	34.5442837627
16.8	2456.87084086	-268.35859589	33.9805728943
16.85	2491.63463586	-268.87993906	34.461385174
16.9	2674.55130749	-271.382384819	36.9912753053
16.95	2633.79968387	-270.810062292	36.4276463615
17.0	2921.99348477	-274.936234529	40.4136069974
17.05	2449.73520878	-268.244344773	33.8818811512
17.1	2739.72129399	-272.318557934	37.8926305739
17.15	2909.50246743	-274.659772964	40.2408458094
17.2	2352.21927259	-266.786947434	32.53315442
17.25	2514.55505615	-269.149564062	34.7783937036
17.3	2810.53879045	-273.317157391	38.8720956156
17.35	2796.10141603	-273.044880704	38.6724146859
17.4	2688.68717226	-271.596477174	37.1867861051
17.45	2874.87985585	-274.178668723	39.761986214
17.5	2690.09816464	-271.47255523	37.2063013065
17.55	2751.44436609	-272.400888678	38.0547704387
17.6	2949.59834635	-275.312180195	40.7954052571
17.65	2790.54207944	-273.044920961	38.595524424
17.7	2771.64908416	-272.688716708	38.3342185415
17.75	2704.72828007	-271.89246398	37.4086480053
17.8	2580.42023262	-269.990241015	35.6893640293
17.85	2603.30047079	-270.332531505	36.0058168065
17.9	2405.4781496	-267.685213369	33.2697691099
17.95	2628.05138046	-270.664557199	36.3481425309
18.0	2703.84660362	-271.774273536	37.3964536846
18.05	2723.25796863	-272.026533974	37.6649290528
18.1	2532.69580802	-269.394428257	35.0292954323
18.15	2474.56706545	-268.504703516	34.22532644
18.2	2681.88833534	-271.4704305	37.09275252
18.25	2630.58339562	-270.841737759	36.3831624125
18.3	2582.12193879	-270.230757477	35.712900045
18.35	2748.75046648	-272.383094426	38.0175115603
18.4	2473.84398345	-268.626238235	34.2153256129
18.45	2832.58455977	-273.622786951	39.1770069927
18.5	2596.98245038	-270.404482155	35.9184333147
18.55	2823.91651105	-273.628082632	39.0571206493
18.6	2313.57401522	-266.36325688	31.9986582782
18.65	2657.48661915	-271.183747097	36.7552564326
18.7	2630.42411615	-270.820482641	36.3809594446
18.75	2445.41328951	-268.244428072	33.8221054029
18.8	2723.64518548	-272.199205941	37.6702845849
18.85	2708.04913053	-272.059606028	37.454578137
18.9	2799.77701296	-273.335061075	38.723251257
18.95	2751.81544377	-272.548627468	38.0599027525
19.0	2846.33243321	-273.892395687	39.3671515488
19.05	2612.81558495	-270.602837778	36.1374187716
19.1	2710.67145515	-271.835349856	37.4908470736
19.15	2589.04991694	-270.256058748	35.8087197611
19.2	2716.5068387	-272.07411436	37.5715552951
19.25	2909.5767989	-274.76051217	40.2418738756
19.3	2668.32602883	-271.394873293	36.9051745091
19.35	2804.59355167	-273.357265208	38.7898680047
19.4	2485.72338065	-268.76822091	34.3796275841
19.45	2524.41372499	-269.284821778	34.9147473162
19.5	2585.61266348	-270.264154153	35.7611796789
19.55	2582.67422752	-270.287240162	35.7205386587
19.6	2644.30875412	-270.9826639	36.5729955682
19.65	2695.98274351	-271.654546551	37.2876899404
19.7	2844.5935894	-273.902139988	39.3431018887
19.75	2578.01821059	-270.034814582	35.6561420613
19.8	2729.00287093	-272.182221739	37.7443858432
19.85	2662.77351418	-271.132769218	36.8283786004
19.9	2521.5219614	-269.204228364	34.8747518139
19.95	2466.52772434	-268.423437605	34.1141356472
20.0	2725.49935215	-272.119603463	37.6959292564
20.05	2702.64633539	-271.828865971	37.3798529739
20.1	2981.89677493	-275.772290459	41.2421194629
20.15	2735.92052751	-272.322852434	37.8400628034
20.2	2652.29284146	-271.142823859	36.6834221553
20.25	2515.43105256	-269.221316919	34.7905094646
20.3	2600.32259434	-270.379512771	35.9646302915
20.35	2711.90574885	-271.890084145	37.507918385
20.4	2407.9789048	-267.495916533	33.3043566401
20.45	2325.8476371	-266.357870252	32.1684127057
20.5	2648.22303088	-271.133083501	36.6271332805
20.55	2656.01264177	-271.236371952	36.7348700961
20.6	2656.31098443	-271.124103163	36.7389964239
20.65	2567.98500342	-269.867862111	35.5173744378
20.7	2720.2939395	-272.12290696	37.6239340578
20.75	2716.70191059	-272.023100408	37.5742533021
20.8	2427.03900911	-267.845625937	33.5679737798
20.85	2839.00025913	-273.718955523	39.265741466
20.9	2801.98418988	-273.176825448	38.7537783547
20.95	2747.44279261	-272.388055353	37.99942534
21.0	2583.83043782	-270.146129168	35.7365300115
21.05	2833.71230294	-273.80197421	39.1926046213
21.1	2718.73300899	-272.072201454	37.6023450869
21.15	2629.12706439	-270.735178243	36.3630201368
21.2	2667.71171208	-271.34149143	36.8966779961
21.25	2823.40070929	-273.558157291	39.0499866807
21.3	2621.27663782	-270.639908254	36.2544421897
21.35	2863.41230926	-274.177749168	39.6033804802
21.4	2673.05676839	-271.435650975	36.970604583
21.45	2660.46890205	-271.284257843	36.7965038925
21.5	2681.29864477	-271.505824543	37.0845966074
21.55	2899.95472039	-274.602227561	40.1087925045
21.6	2696.69276797	-271.773103419	37.2975101708
21.65	2810.25640144	-273.361185762	38.8681899401
21.7	2623.42894588	-270.63940244	36.2842104054
21.75	2487.11783632	-268.789843066	34.3989140692
21.8	2623.2728337	-270.644587114	36.2820512437
21.85	2649.41025204	-270.950455677	36.6435535394
21.9	2657.03806886	-271.125507532	36.749052608
21.95	2767.28288164	-272.815516672	38.273830319
22.0	2872.72380958	-274.339620873	39.732166296
22.05	2592.16181364	-270.393834525	35.851759888
22.1	2650.27865653	-270.955412779	36.6555642977
22.15	2501.61782185	-268.969096047	34.5994609628
22.2	2607.6619352	-270.430974344	36.0661394971
22.25	2669.55095041	-271.328391122	36.9221161963
22.3	2682.86284111	-271.605063623	37.1062307475
22.35	2437.96632627	-267.968461803	33.7191076901
22.4	2997.36060031	-275.860669894	41.4559970656
22.45	2503.76708466	-268.980308386	34.6291870601
22.5	2727.52542513	-272.168653349	37.7239515356
22.55	2783.22234522	-272.930396713	38.4942863947
22.6	2539.35158587	-269.350458555	35.1213503913
22.65	2523.43155143	-269.227001407	34.9011630367
22.7	2502.76884625	-268.921689195	34.6153805904
22.75	2558.48999786	-269.796625533	35.3860505916
22.8	2807.00454653	-273.202134787	38.8232140744
22.85	2569.70772667	-269.871971724	35.5412011372
22.9	2429.27136458	-267.933297084	33.5988491179
22.95	2469.56195837	-268.528326077	34.1561016345
23.0	2436.01602276	-268.069329221	33.6921333659
23.05	2759.98379419	-272.68952743	38.1728778518
23.1	2719.15041869	-272.103891188	37.6081182112
23.15	2538.40305234	-269.535963936	35.1082313814
23.2	2730.1281277	-272.10759546	37.7599490829
23.25	2643.307448	-270.966687689	36.5591466694
23.3	2679.49269893	-271.577204122	37.0596188703
23.35	2638.98288333	-270.998678052	36.4993343331
23.4	2780.8577269	-272.898563818	38.4615817511
23.45	2509.02559972	-269.104898231	34.7019167093
23.5	2765.56755603	-272.777682282	38.2501059351
23.55	2731.88165428	-272.425676458	37.784201818
23.6	2434.35597004	-268.065018279	33.6691734522
23.65	2429.25884187	-267.928335907	33.5986759183
23.7	2365.29498229	-267.124294127	32.714002391
23.75	2820.61442524	-273.532471611	39.0114500485
23.8	2454.92587695	-268.371829786	33.9536724213
23.85	2735.69943411	-272.346168816	37.8370048974
23.9	2478.35610573	-268.806942834	34.2777320273
23.95	2521.9285179	-269.162107183	34.8803748295
24.0	2626.9291471	-270.757541775	36.3326211075
24.05	2855.22534645	-273.957714017	39.4901479562
24.1	2515.19659562	-269.083495106	34.7872667295
24.15	2545.77826454	-269.678668327	35.2102367175
24.2	2849.47536141	-273.894501917	39.4106208672
24.25	2696.40450508	-271.759668716	37.2935232547
24.3	2444.73180666	-268.267827473	33.8126799267
24.35	2525.01251471	-269.320001395	34.9230290775
24.4	2871.30517602	-274.264957182	39.7125454105
24.45	2726.63190107	-272.030236448	37.7115933526
24.5	2667.79074335	-271.327395784	36.8977710645
24.55	2604.10511533	-270.465973782	36.0169457117
24.6	2796.7694843	-273.068614716	38.6816546272
24.65	2427.90437068	-267.926738357	33.5799424521
24.7	2800.20582934	-273.239128928	38.7291821453
24.75	2465.58299002	-268.509986712	34.1010691837
24.8	2702.82560264	-271.808732609	37.3823323894
24.85	2517.74405546	-269.188055046	34.8225002239
24.9	2698.72312618	-271.762807576	37.3255917183
24.95	2540.13800582	-269.547754883	35.1322272351
25.0	2837.00628574	-273.71512012	39.2381631508
25.05	2558.66797367	-269.866496532	35.3885121454
25.1	3002.26290469	-276.096916007	41.523800024
25.15	2355.5191175	-266.810184263	32.5787940273
25.2	2629.18951127	-270.797844722	36.3638838294
25.25	2762.82156394	-272.61666007	38.2121265742
25.3	2466.00101321	-268.509528256	34.106850793
25.35	2611.90373787	-270.59605637	36.124807166
25.4	2750.20366432	-272.54932469	38.0376104985
25.45	2736.82838999	-272.375710166	37.8526192987
25.5	2542.04527065	-269.508069984	35.1586062984
25.55	2837.59995904	-273.698533946	39.2463741477
25.6	2640.99368492	-270.898253162	36.5271453962
25.65	2725.66904671	-272.175677873	37.6982762737
25.7	2791.12297959	-273.045519902	38.6035587575
25.75	2683.17017513	-271.471937841	37.1104814334
25.8	2666.62373951	-271.318325261	36.8816304281
25.85	2886.97828146	-274.490446585	39.929317531
25.9	2443.87679983	-268.23825512	33.8008544692
25.95	2638.05923301	-270.825755481	36.4865594787
26.0	2695.8101449	-271.688255952	37.2853027576
26.05	2595.83199418	-270.357685176	35.9025215459
26.1	2701.56338812	-271.846627541	37.3648749099
26.15	2683.71826747	-271.551054028	37.1180620076
26.2	2605.67787458	-270.466474813	36.0386982839
26.25	2547.54647418	-269.541865938	35.2346925315
26.3	2566.59515415	-269.89593231	35.4981516631
26.35	2766.25175492	-272.696953579	38.2595689764
26.4	2493.03165492	-269.020189889	34.4807071129
26.45	2853.9746456	-274.049882484	39.4728497202
26.5	2517.65252239	-269.271249052	34.8212342451
26.55	2831.12907043	-273.628372939	39.1568763611
26.6	2326.77942719	-266.592789862	32.1813001399
26.65	2858.93547614	-274.006479506	39.5414621442
26.7	2761.23237766	-272.62059019	38.1901468025
26.75	2819.7687356	-273.455048213	38.9997534553
26.8	2653.02188249	-271.131914318	36.6935054008
26.85	2533.58013115	-269.454547927	35.0415263587
26.9	2618.84906094	-270.58649397	36.2208667768
26.95	2695.5910707	-271.702451649	37.2822727788
27.0	2809.37546718	-273.378900215	38.8560058845
27.05	2813.58305316	-273.36804498	38.914200308
27.1	2783.67501129	-272.985568632	38.5005471439
27.15	2715.30649548	-272.002540294	37.5549535473
27.2	2660.99330412	-271.227598612	36.8037568106
27.25	2578.23212099	-270.037558864	35.6591006205
27.3	2317.17148021	-266.494728829	32.0484142196
27.35	2869.5205719	-274.207175658	39.6878628472
27.4	2660.90712245	-271.321111164	36.8025648461
27.45	2461.69461688	-268.531056581	34.0472897399
27.5	2893.43517395	-274.6230413	40.0186217395
27.55	2569.76196998	-270.090226755	35.5419513675
27.6	2593.65324363	-270.338229851	35.8723876086
27.65	2655.22052962	-271.17642401	36.7239145244
27.7	2586.17244784	-270.081949658	35.7689219635
27.75	2571.50487025	-269.906439824	35.5660571318
27.8	2600.28901637	-270.390574189	35.9641658802
27.85	2752.01222188	-272.468024132	38.062624358
27.9	2529.45756198	-269.298758798	34.9845077887
27.95	2713.66975566	-272.004152918	37.5323160703
28.0	2678.76822729	-271.611241255	37.0495988233
28.05	2686.65699687	-271.638410991	37.1587070862
28.1	2547.72395599	-269.628055731	35.237147253
28.15	2672.14655243	-271.315784454	36.958015537
28.2	2633.67458984	-270.730337707	36.4259162068
28.25	2585.57019856	-270.104367832	35.7605923536
28.3	2814.06456304	-273.386812184	38.9208599912
28.35	2806.48077157	-273.338387456	38.8159698299
28.4	2977.90273696	-275.791803153	41.1868785865
28.45	2564.35008812	-269.941332408	35.4671005275
28.5	2501.70838162	-268.974155872	34.60071348
28.55	2455.62404782	-268.385670533	33.9633287066
28.6	2784.7641429	-273.059291222	38.5156107425
28.65	2682.41312695	-271.564165482	37.1000108255
28.7	2594.79984852	-270.244973371	35.8882461106
28.75	2728.52984556	-272.22145554	37.7378435079
28.8	2546.45563172	-269.599043661	35.2196052705
28.85	2543.19622243	-269.50678862	35.1745249215
28.9	2745.67745903	-272.509029143	37.9750093042
28.95	2562.61723487	-269.814939468	35.4431337217
29.0	2760.97643914	-272.684840205	38.1866069592
29.05	2455.50156406	-268.40563721	33.9616346541
29.1	2545.15402256	-269.597338258	35.2016029302
29.15	2727.23691677	-272.228103422	37.7199612243
29.2	2656.64933406	-271.065467397	36.7436760815
29.25	2706.68839815	-271.786025309	37.4357580732
29.3	2697.26407457	-271.627201952	37.3054118176
29.35	2556.22632434	-269.675657821	35.3547420988
29.4	2523.72359626	-269.297615646	34.9052022603
29.45	2855.57867197	-273.984251158	39.4950347427
29.5	2637.90849314	-270.847033395	36.4844746206
29.55	2711.01182972	-271.888649702	37.4955547378
29.6	2777.80913363	-272.976339854	38.4194171635
29.65	2690.78994127	-271.662626483	37.2158691543
29.7	2746.63963178	-272.421377623	37.9883169558
29.75	2630.3902109	-270.724915125	36.3804905066
29.8	2757.42139776	-272.716297828	38.1374377719
29.85	2959.82292994	-275.490024735	40.936819776
29.9	2526.30380611	-269.284031334	34.9408887146
29.95	2640.20399449	-270.994830689	36.5162233189
30.0	2708.74684332	-271.959797852	37.4642280867
30.05	2785.08700722	-273.015706706	38.5200762253
30.1	2489.0889058	-268.766085368	34.4261756041
30.15	2574.19257592	-269.879214557	35.6032303429
30.2	2840.97811471	-273.731833	39.2930968582
30.25	2562.76743691	-269.877536122	35.4452111413
30.3	2620.75545227	-270.827722976	36.2472337588
30.35	2799.93653883	-273.289890544	38.7254576328
30.4	2741.85032467	-272.32715831	37.922076844
30.45	2490.51944023	-268.755507321	34.4459610884
30.5	2660.71739788	-271.23884457	36.7999407971
30.55	2573.21828336	-270.006419016	35.5897550642
30.6	2701.09194379	-271.845539388	37.3583544417
30.65	2712.2671996	-272.136614885	37.5129175503
30.7	2552.95478306	-269.851945301	35.3094939542
30.75	2326.77544743	-266.705170113	32.1812450964
30.8	2667.38733179	-271.364791766	36.8921915462
30.85	2820.20351883	-273.47981545	39.0057668701
30.9	2426.18952354	-267.94251439	33.5562246859
30.95	2393.67887713	-267.426107454	33.1065753304
31.0	2651.48730584	-271.056047892	36.6722809257
31.05	2502.77006789	-268.961707834	34.6153974866
31.1	2918.25840309	-274.807470963	40.3619477025
31.15	2758.23618907	-272.558009515	38.1487070152
31.2	2718.56362074	-271.962477399	37.6000023062
31.25	2465.03456516	-268.452435402	34.0934840104
31.3	2510.75468729	-269.142794766	34.7258314326
31.35	2369.32241263	-267.069282368	32.7697051117
31.4	2516.89965862	-269.214762601	34.8108215112
31.45	2820.05182876	-273.471764347	39.0036688698
31.5	2703.24342344	-271.832946351	37.3881111997
31.55	2684.06084494	-271.533289732	37.1228001396
31.6	2531.44939526	-269.39951304	35.0120565042
31.65	2752.94250344	-272.613012639	38.0754909278
31.7	2727.9675293	-272.150217146	37.730066205
31.75	2828.30815028	-273.547678342	39.1178606827
31.8	2609.59327264	-270.508819119	36.0928515047
31.85	2774.04142567	-272.830737305	38.3673066199
31.9	2796.12714542	-273.099126753	38.6727705448
31.95	2708.94543884	-271.882798168	37.4669748284
32.0	2497.58233193	-268.92740403	34.5436467714
32.05	2616.88551386	-270.732506306	36.193709283
32.1	2832.66876257	-273.752666977	39.1781715876
32.15	2480.44513511	-268.747530607	34.3066250461
32.2	2840.58545354	-273.755236164	39.2876660268
32.25	2612.09717438	-270.579576991	36.1274825541
32.3	2660.27935944	-271.28727188	36.7938823602
32.35	3034.55981878	-276.492681465	41.9704932832
32.4	2429.89367236	-267.848529555	33.6074561535
32.45	2566.41503949	-270.038945011	35.4956605272
32.5	2449.19287499	-268.241740619	33.8743802225
32.55	2707.22340187	-271.851684618	37.4431576209
32.6	2686.59430523	-271.568563986	37.1578400086
32.65	2598.46999755	-270.470248864	35.9390073328
32.7	2630.84041807	-270.83099179	36.3867172473
32.75	2786.33341524	-273.093072442	38.5373150879
32.8	2802.87533993	-273.31457111	38.7661037031
32.85	2771.34975728	-272.761475036	38.3300786011
32.9	2822.8135623	-273.523070205	39.0418659481
32.95	2517.09947415	-269.204849495	34.8135851267
33.0	2530.61691743	-269.352857998	35.0005426415
33.05	2752.12683864	-272.508935926	38.0642096033
33.1	2750.86731465	-272.483932099	38.046789336
33.15	2688.98567908	-271.694958212	37.1909147034
33.2	2557.09472816	-269.868363008	35.3667528479
33.25	2838.09635125	-273.816627201	39.253239666
33.3	2572.92293341	-269.917112365	35.5856701281
33.35	2663.26391223	-271.273895399	36.8351612146
33.4	2770.01598833	-272.855562026	38.311631464
33.45	2418.27004464	-267.867321308	33.4466916874
33.5	2574.69621291	-270.017768033	35.6101960626
33.55	2625.68862802	-270.745561433	36.315463694
33.6	2740.64045994	-272.401462571	37.9053434056
33.65	2769.49647533	-272.855667218	38.304446166
33.7	2756.27488969	-272.754582565	38.1215806091
33.75	2811.09019398	-273.394287842	38.8797219864
33.8	2988.37308085	-275.88676305	41.3316921754
33.85	2582.17419663	-270.20802054	35.7136228144
33.9	2851.09735599	-273.916582812	39.4330544052
33.95	2428.60910388	-267.949289186	33.5896895
34.0	2573.13151525	-270.00056453	35.5885549889
34.05	2639.40580898	-270.99817825	36.5051837476
34.1	2729.43737523	-272.27087649	37.7503954001
34.15	2665.65215885	-271.373304812	36.8681926572
34.2	2475.90593138	-268.612954719	34.2438440725
34.25	2793.61512768	-273.140783511	38.6380272443
34.3	2620.16283682	-270.652689289	36.2390373928
34.35	2861.41298066	-274.050768863	39.5757280981
34.4	2927.16903363	-274.985186125	40.4851891549
34.45	2688.1421357	-271.741579596	37.1792477949
34.5	2636.42311831	-270.896803246	36.4639306479
34.55	2817.23656418	-273.394055783	38.9647314127
34.6	2466.96042565	-268.522542078	34.1201202673
34.65	2551.83176654	-269.638247196	35.2939616991
34.7	2732.65860118	-272.276634199	37.7949476417
34.75	2490.05892924	-268.909291656	34.4395918373
34.8	2689.15417531	-271.658690367	37.1932451468
34.85	2709.16735529	-271.860053036	37.4700441181
34.9	2603.58552228	-270.537110783	36.0097593064
34.95	2733.66392567	-272.235766845	37.8088521179
35.0	2830.41966706	-273.680005038	39.1470647208
35.05	2473.90585751	-268.606520112	34.2161813828
35.1	2831.52166251	-273.707281031	39.162306237
35.15	2646.10955073	-271.080301145	36.5979020872
35.2	2835.67551033	-273.698869053	39.219757417
35.25	2382.92322313	-267.272780013	32.9578156647
35.3	2788.6473939	-273.004552157	38.5693193426
35.35	2972.19203486	-275.546688351	41.1078948136
35.4	2744.67994398	-272.449651382	37.961212839
35.45	2670.45419948	-271.34969694	36.9346088842
35.5	2928.12548155	-274.906205421	40.4984176274
35.55	2694.15729661	-271.639551439	37.2624424872
35.6	2607.53414428	-270.355818389	36.0643720421
35.65	2774.57560444	-272.730163836	38.3746947578
35.7	2596.31552897	-270.187633728	35.9092092353
35.75	2632.21010069	-270.931317567	36.4056611004
35.8	2434.63521915	-268.027283147	33.6730357004
35.85	2710.45976325	-271.85315251	37.4879191981
35.9	2565.54178275	-269.895234284	35.4835826582
35.95	2898.05033792	-274.654659371	40.0824533066
36.0	2753.46617448	-272.555073482	38.0827337351
36.05	2603.40949242	-270.384321742	36.0073246666
36.1	2523.73357564	-269.316205191	34.9053402834
36.15	2603.23031179	-270.466683758	36.0048464492
36.2	2797.54100527	-273.217210228	38.6923254057
36.25	2741.40519795	-272.377017707	37.9159203702
36.3	2661.07607001	-271.24420691	36.8049015318
36.35	2872.6239976	-274.160498399	39.730785813
36.4	2583.63712258	-270.184198246	35.7338563005
36.45	2739.72964234	-272.4850058	37.8927460386
36.5	2790.07730026	-273.102212956	38.5890961402
36.55	2711.79168053	-272.016337802	37.5063407249
36.6	2742.90517343	-272.329420559	37.9366662821
36.65	3007.58230832	-276.181437937	41.5973718128
36.7	2634.03724048	-270.873599694	36.4309319676
36.75	2750.60974002	-272.477805923	38.0432268641
36.8	2814.23232998	-273.424559759	38.923180348
36.85	2769.5574641	-272.755943143	38.3052896916
36.9	2648.8191768	-270.937669085	36.6353784758
36.95	2580.33552565	-270.089775326	35.6881924613
37.0	2756.99651002	-272.700973954	38.13156122
37.05	2682.69233783	-271.53353376	37.1038725449
37.1	2618.2909586	-270.580747087	36.213147756
37.15	2656.84943772	-271.184909245	36.7464436819
37.2	2707.05543666	-271.955531251	37.4408345219
37.25	2742.27082123	-272.400755667	37.9278926621
37.3	2545.26968718	-269.554234831	35.2032026684
37.35	2441.96043568	-268.060987865	33.7743495546
37.4	2760.39592802	-272.662163006	38.1785780063
37.45	2730.10398538	-272.210618877	37.7596151744
37.5	2710.97401315	-271.962496103	37.4950317031
37.55	2566.60841762	-269.92027922	35.4983351081
37.6	2894.08569737	-274.572068137	40.0276190211
37.65	2755.54566473	-272.600825687	38.1114948196
37.7	2591.31828225	-270.241538137	35.8400931452
37.75	2536.03597165	-269.436881927	35.0754926812
37.8	2772.10512648	-272.856987549	38.3405259871
37.85	2541.72374469	-269.683821949	35.1541593262
37.9	2773.59977917	-272.761577369	38.3611982805
37.95	2614.78613294	-270.549883781	36.1646730938
38.0	2782.71039756	-272.96425562	38.4872057315
38.05	2804.93110197	-273.24545637	38.7945366068
38.1	2677.14431878	-271.454710892	37.0271388141
38.15	2853.16120903	-273.945578874	39.461599214
38.2	2677.18820092	-271.509865956	37.0277457407
38.25	2690.05445939	-271.633454793	37.2056968264
38.3	2699.91041836	-271.834642875	37.3420129595
38.35	2684.33165636	-271.548112318	37.1265456875
38.4	2619.2853416	-270.665056845	36.2269009021
38.45	2702.47300384	-271.861607695	37.377455654
38.5	2968.77894845	-275.506087023	41.0606889818
38.55	2813.83208887	-273.342355761	38.9176446796
38.6	2335.11470169	-266.651402765	32.2965839382
38.65	2679.67485626	-271.514462842	37.062138258
38.7	3009.59299822	-276.082789365	41.6251813312
38.75	2847.45064995	-273.785143706	39.3826174191
38.8	2852.19254303	-273.942675974	39.4482017554
38.85	2658.03133176	-271.20698001	36.7627902623
38.9	2842.77929949	-273.749012322	39.3180087459
38.95	2704.60408562	-271.751914834	37.4069302925
39.0	2579.14419729	-270.056789896	35.6717153964
39.05	2606.8389779	-270.502851097	36.0547573112
39.1	2794.0257414	-273.201730658	38.6437063745
39.15	2676.03638885	-271.501957278	37.0118152191
39.2	2497.94006909	-268.982595361	34.5485945747
39.25	2336.90489158	-266.696117811	32.3213437576
39.3	2736.44743866	-272.396898359	37.8473504241
39.35	2787.67096594	-273.029986902	38.5558145297
39.4	2593.96297849	-270.295255887	35.8766715
39.45	2796.73109269	-273.112913629	38.6811236392
39.5	2501.39730477	-269.043847081	34.5964110277
39.55	2564.04855023	-269.846449895	35.462930007
39.6	2471.05124338	-268.593997118	34.1766996885
39.65	2616.60149599	-270.725254794	36.1897810789
39.7	2862.60595535	-273.985716132	39.592227933
39.75	2516.69158127	-269.080616676	34.807943628
39.8	2717.11391662	-271.904262837	37.579951689
39.85	2609.70551644	-270.439564446	36.0944039301
39.9	2717.86931194	-272.000852517	37.5903994364
39.95	2706.80316859	-271.914940569	37.4373454441
40.0	2789.00246047	-273.10569498	38.5742302096
40.05	2941.65696934	-275.155312933	40.6855693895
40.1	2536.75125831	-269.454628684	35.0853856923
40.15	2581.1242698	-270.121900532	35.6991014507
40.2	2665.50928386	-271.316775202	36.8662165769
40.25	2547.22796613	-269.832293247	35.2302872996
40.3	2718.90567608	-272.072764292	37.6047332169
40.35	2286.36438122	-266.037550597	31.6223263458
40.4	2594.22965783	-270.362302103	35.8803598978
40.45	2786.68626263	-272.99326132	38.5421952615
40.5	2752.87128091	-272.580111096	38.0745058608
40.55	2860.42716977	-274.036071662	39.5620935112
40.6	2502.81806201	-268.893317254	34.6160612853
40.65	2619.75100787	-270.685995086	36.2333414551
40.7	2562.23202295	-269.941733694	35.4378059196
40.75	2666.86880246	-271.376056074	36.885019853
40.8	2638.53361078	-270.882560043	36.493120519
40.85	2735.52379112	-272.326392496	37.8345756082
40.9	2611.42505401	-270.544710745	36.1181865688
40.95	2711.23535373	-272.067043349	37.4986462612
41.0	2681.46303772	-271.59790337	37.0868702991
41.05	2459.73859557	-268.35189419	34.0202363338
41.1	2820.19587919	-273.632336958	39.0056612075
41.15	2288.80501518	-265.99534626	31.656082349
41.2	2608.21178895	-270.452684655	36.0737444331
41.25	2743.18678637	-272.44648526	37.9405612239
41.3	2954.6218825	-275.357658097	40.8648849518
41.35	2720.7278464	-272.152404681	37.6299353522
41.4	2765.30983041	-272.71284761	38.2465413748
41.45	2610.74243079	-270.432541802	36.1087453204
41.5	2655.37681663	-271.088660174	36.726076104
41.55	2634.81199899	-270.872200028	36.441647524
41.6	2763.76213787	-272.914315986	38.2251354962
41.65	2755.41380888	-272.731232779	38.1096711432
41.7	2698.3313961	-271.7983261	37.3201737647
41.75	2632.74021056	-270.815647339	36.412992962
41.8	2741.92805723	-272.454835217	37.92315195
41.85	2681.35440565	-271.608829172	37.0853678269
41.9	2686.68231372	-271.690825924	37.1590572393
41.95	2539.48726653	-269.521978438	35.123226968
42.0	2427.29313156	-268.036175949	33.5714885052
42.05	2625.77758465	-270.889845692	36.3166940385
42.1	2606.82094534	-270.421257469	36.0545079059
42.15	2681.91424097	-271.515049566	37.0931108164
42.2	2392.18180079	-267.428031953	33.085869516
42.25	2841.27146358	-273.832572606	39.2971541178
42.3	2674.43072356	-271.415872147	36.9896075289
42.35	2652.83940341	-271.135516266	36.6909815629
42.4	2469.68872769	-268.562967784	34.15785496
42.45	2606.23888351	-270.588186366	36.0464575053
42.5	2477.60518214	-268.769826117	34.2673461278
42.55	2548.5637711	-269.75368003	35.2487625964
42.6	2782.02852157	-272.939689314	38.4777748179
42.65	2691.86556769	-271.711678351	37.2307459649
42.7	2709.81357469	-271.983741244	37.4789818714
42.75	2739.56206901	-272.354978639	37.8904283597
42.8	2540.35971882	-269.563401594	35.1352937108
42.85	2689.13550283	-271.62190989	37.1929868908
42.9	2933.78045858	-275.116048204	40.5766306762
42.95	2802.87942463	-273.317270981	38.766160198
43.0	2747.67599668	-272.436024099	38.0026507468
43.05	2782.98318934	-273.005759785	38.4909786693
43.1	2693.51235322	-271.639338453	37.2535223823
43.15	2717.71344692	-272.026369213	37.5882436931
43.2	2655.00530544	-271.16735611	36.7209377944
43.25	2641.19344979	-271.071337035	36.529908311
43.3	2800.04390722	-273.211296878	38.7269426272
43.35	2483.31652145	-268.844841845	34.3463387141
43.4	2685.46082168	-271.777483677	37.1421629857
43.45	2872.59981709	-274.324131825	39.7304513763
43.5	2641.04857192	-271.096699822	36.5279045292
43.55	2614.12080936	-270.640175024	36.1554711138
43.6	2607.78479733	-270.4902579	36.0678387828
43.65	2680.27421506	-271.464392384	37.0704278901
43.7	2661.68442727	-271.228062851	36.8133156201
43.75	2847.36153945	-273.914747738	39.3813849465
43.8	2838.22887459	-273.793983542	39.2550725743
43.85	2632.31390248	-270.806022311	36.4070967656
43.9	2583.23375122	-270.133784412	35.7282773382
43.95	2591.23062325	-270.42083611	35.8388807482
44.0	2418.30344774	-267.925852851	33.4471536801
44.05	2910.6222078	-274.745939948	40.2563327526
44.1	2666.87219705	-271.337724038	36.8850668031
44.15	2758.58942196	-272.624050518	38.1535925208
44.2	2545.98168928	-269.672790014	35.2130502513
44.25	2567.63606721	-270.054464776	35.5125483591
44.3	2552.06239377	-269.733314371	35.297151466
44.35	2753.61757952	-272.545962683	38.0848277931
44.4	2558.75491834	-269.836187642	35.3897146628
44.45	2500.73022354	-269.050070309	34.5871847378
44.5	3132.17225629	-277.876461108	43.3205547082
44.55	2567.81086149	-269.833586434	35.5149659097
44.6	2846.27079262	-273.83986035	39.366299008
44.65	2602.73634687	-270.449178126	35.9980145023
44.7	2622.87985233	-270.802833974	36.2766159836
44.75	2892.19325503	-274.550156832	40.0014449651
44.8	2737.22389454	-272.315338287	37.8580894566
44.85	2620.31624191	-270.719999756	36.2411591132
44.9	2665.32550733	-271.35583222	36.8636747943
44.95	2770.35489693	-272.693918513	38.3163188527
45.0	2545.42630775	-269.636258219	35.2053688615
45.05	2927.41131976	-274.969872536	40.4885401741
45.1	2414.0903648	-267.800078553	33.3888832291
45.15	2902.99917286	-274.646429465	40.1508998215
45.2	2605.68381079	-270.450262303	36.0387803866
45.25	2535.98894876	-269.445306615	35.0748423154
45.3	2818.54434082	-273.353747592	38.9828190543
45.35	2582.42511582	-270.104803708	35.7170932362
45.4	2523.39048623	-269.300986638	34.9005950709
45.45	2814.65787366	-273.443106127	38.929065972
45.5	2864.5547888	-274.158311735	39.6191819251
45.55	2788.34803037	-273.120057282	38.5651788954
45.6	2816.46442729	-273.551922773	38.9540521154
45.65	2557.5588503	-269.810747553	35.3731720442
45.7	2646.52027069	-271.038296847	36.6035826868
45.75	2712.39245758	-272.04333149	37.5146499726
45.8	2651.63370505	-271.153387118	36.674305749
45.85	2548.6040851	-269.708387683	35.2493201727
45.9	2581.44406657	-270.1560298	35.7035245068
45.95	2958.52472637	-275.467753153	40.9188645378
46.0	2741.99179151	-272.347755683	37.9240334483
46.05	2574.32912669	-270.107004458	35.6051189539
46.1	2749.36077749	-272.4819221	38.0259526705
46.15	2796.09808599	-273.256485534	38.6723686286
46.2	2714.8908626	-272.108052901	37.5492049978
46.25	2747.78092444	-272.495004797	38.0041019852
46.3	2573.14373981	-269.922806738	35.5887240648
46.35	2671.62805169	-271.363279063	36.9508442393
46.4	2896.95978402	-274.651946757	40.0673700365
46.45	2775.07095625	-272.843349677	38.3815458865
46.5	2559.69140526	-269.703003897	35.4026670579
46.55	2859.30286223	-274.010521851	39.5465434002
46.6	2700.25227276	-271.825909129	37.346741091
46.65	2602.06298972	-270.472681939	35.9887014112
46.7	2506.86934669	-269.07400745	34.6720939314
46.75	2917.91676778	-275.010492136	40.3572226012
46.8	2459.10193306	-268.485482557	34.0114307603
46.85	2683.64013872	-271.499593897	37.1169814218
46.9	2371.08592004	-267.165456351	32.7940958901
46.95	2693.09362092	-271.654607523	37.2477309653
47.0	2412.20604093	-267.698785516	33.3628214584
47.05	2775.83011743	-272.838731895	38.3920457188
47.1	2933.7323638	-275.055201073	40.5759654853
47.15	2592.95823872	-270.282678905	35.8627751111
47.2	2811.74745736	-273.577616313	38.8888124871
47.25	2810.40282894	-273.47784142	38.8702151545
47.3	2653.03805234	-271.256743606	36.6937290433
47.35	2839.7048327	-273.844673554	39.2754863061
47.4	2461.75820617	-268.474235597	34.0481692329
47.45	2729.6435218	-272.344705531	37.7532465791
47.5	2479.7170411	-268.907304588	34.2965548986
47.55	2508.30339302	-269.17481032	34.6919279883
47.6	2760.58663095	-272.739630107	38.1812155869
47.65	2896.03817566	-274.569492353	40.0546234243
47.7	2798.61401816	-273.175556307	38.7071660689
47.75	2856.68685238	-273.94467356	39.5103618021
47.8	2877.97505278	-274.416775303	39.8047953692
47.85	2793.31670824	-273.06746951	38.6338998545
47.9	2557.41665399	-269.771791641	35.3712053506
47.95	2658.84559503	-271.187620872	36.7740522026
48.0	2567.31023175	-269.828522968	35.5080417828
48.05	2557.85237494	-269.716278339	35.3772317348
48.1	2445.09814049	-268.102658212	33.8177466291
48.15	2791.62356442	-273.022974894	38.6104822632
48.2	2488.98686455	-268.891195731	34.4247642884
48.25	2618.36003527	-270.722947992	36.2141031439
48.3	2661.49011239	-271.335085418	36.8106280833
48.35	2819.86484456	-273.582055692	39.0010827224
48.4	2495.22779508	-268.948853819	34.511081563
48.45	2740.76557216	-272.296633877	37.9070738119
48.5	2682.3121552	-271.563518989	37.098614302
48.55	2669.16136094	-271.301812792	36.9167278489
48.6	2624.22139419	-270.728059926	36.2951706263
48.65	2541.59340637	-269.52731976	35.1523566385
48.7	2573.3076731	-269.918275027	35.5909913989
48.75	2763.33272738	-272.757561925	38.2191963909
48.8	2633.13556645	-270.937937342	36.4184610637
48.85	2791.78916262	-273.22583932	38.6127726245
48.9	2723.60839388	-272.286636216	37.6697757264
48.95	2560.01996203	-269.747183946	35.4072112722
49.0	2893.6684535	-274.465923389	40.0218481903
49.05	2578.47143331	-270.030476282	35.6624105094
49.1	2637.17700239	-270.914412666	36.4743574936
49.15	2641.21380969	-271.010451389	36.5301899054
49.2	2831.29349322	-273.562772925	39.1591504655
49.25	2760.49413708	-272.619444173	38.1799363195
49.3	2837.15461269	-273.674369402	39.2402146362
49.35	2753.28165057	-272.543591441	38.0801816155
49.4	2539.11781825	-269.542307809	35.1181171901
49.45	2453.66847855	-268.328457222	33.9362815526
49.5	2741.35138485	-272.401694529	37.9151760901
49.55	2734.69888808	-272.294007265	37.8231665112
49.6	2899.9527998	-274.558946278	40.1087659411
49.65	2837.54840302	-273.672494699	39.245661085
49.7	2828.48049102	-273.597762911	39.1202442988
49.75	2703.88169302	-271.823652834	37.3969390002
49.8	2779.09144646	-272.930724049	38.4371526194
49.85	2490.21181784	-268.797684101	34.4417064142
49.9	2805.17258955	-273.239862888	38.7978765815
49.95	2665.13006577	-271.363132886	36.8609716745
50.0	2613.00366189	-270.560139765	36.1400200325
50.05	2694.65203264	-271.852547459	37.2692850992
50.1	2667.46716984	-271.440889749	36.8932957729
50.15	2615.36485664	-270.587362057	36.1726773253
50.2	2422.91566082	-267.84048879	33.5109444339
50.25	2672.8477694	-271.518706998	36.9677139526
50.3	2729.32948138	-272.163973512	37.7489031382
50.35	2877.82632647	-274.329428201	39.8027383602
50.4	2500.91033111	-268.935769577	34.5896757758
50.45	2808.18605588	-273.377613647	38.8395553341
50.5	2622.51026786	-270.735266039	36.271504322
50.55	2617.64152761	-270.615336067	36.2041655836
50.6	2651.84467628	-271.104715768	36.6772236571
50.65	2639.35656951	-270.942374059	36.5045027247
50.7	2800.85617251	-273.268476116	38.7381769337
50.75	2668.67823243	-271.280413079	36.9100457786
50.8	2796.66053283	-273.182844035	38.6801477375
50.85	2618.73086032	-270.68905037	36.2192319636
50.9	2651.69200123	-271.109859593	36.6751120338
50.95	2560.50232534	-269.823835648	35.413882759
51.0	2688.13659755	-271.628995589	37.1791711976
51.05	2431.66343004	-267.926817704	33.6319333782
51.1	2790.77996229	-273.060051613	38.5988145423
51.15	2724.46261245	-272.142666376	37.6815902816
51.2	2727.51934437	-272.171543963	37.7238674335
51.25	2666.47137145	-271.270248855	36.8795230507
51.3	2743.90587579	-272.473605057	37.9505068304
51.35	2684.71365199	-271.625409342	37.1318290056
51.4	2688.60094546	-271.593663931	37.1855935166
51.45	2663.80999926	-271.156936943	36.8427140536
51.5	2710.24819199	-271.976984254	37.4849929911
51.55	2710.42977523	-272.080294152	37.4875044386
51.6	2784.40813297	-272.981839089	38.5106868283
51.65	2486.8687237	-268.627516166	34.3954686338
51.7	2702.62386132	-271.836058152	37.3795421388
51.75	2735.59164331	-272.219697205	37.8355140606
51.8	2928.00286828	-274.961406691	40.4967217835
51.85	2974.01039808	-275.604313957	41.1330442934
51.9	2498.08216478	-268.852908388	34.5505598766
51.95	2680.27955192	-271.560855273	37.0705017034
52.0	2854.51116178	-273.90776178	39.4802701865
52.05	2892.38920857	-274.519131319	40.004155166
52.1	2656.7695023	-271.255319711	36.7453381085
52.15	2795.18062609	-273.152186858	38.659679393
52.2	2566.74665406	-269.960478381	35.5002470333
52.25	2680.43222236	-271.574952317	37.072613263
52.3	2564.08470544	-269.946337651	35.4634300636
52.35	2832.54694732	-273.628739111	39.1764867812
52.4	2805.57466149	-273.276104226	38.8034375718
52.45	2708.95917682	-271.921716299	37.4671648362
52.5	2786.36988602	-273.047899779	38.5378195091
52.55	2722.79085007	-272.190572291	37.6584684136
52.6	2803.65209369	-273.150993897	38.7768468555
52.65	2725.25008363	-272.146581418	37.6924816649
52.7	2351.03416115	-266.90331181	32.5167633403
52.75	2504.38833258	-269.053979655	34.6377794369
52.8	2828.28155887	-273.523247202	39.1174929013
52.85	2638.67771463	-270.909938224	36.4951135955
52.9	2723.05798999	-272.096123028	37.6621631815
52.95	2554.22844035	-269.621337709	35.3271096968
53.0	2789.82273406	-273.047177786	38.5855752774
53.05	2577.83765376	-270.002047623	35.6536448097
53.1	2701.93098389	-271.773550316	37.369959066
53.15	2663.3922382	-271.280695174	36.8369360697
53.2	2624.37603541	-270.772478255	36.2973094434
53.25	2823.57417412	-273.473287503	39.0523858441
53.3	2572.12830134	-269.80285732	35.5746797039
53.35	2665.10862959	-271.248500347	36.8606751942
53.4	2629.03369698	-270.783811844	36.3617287877
53.45	2697.79006503	-271.760959357	37.3126867044
53.5	2747.4745419	-272.445706535	37.9998644592
53.55	2734.69277057	-272.350351475	37.8230819009
53.6	2827.52439663	-273.619527313	39.107020716
53.65	2654.32616266	-271.187385218	36.7115446833
53.7	2608.10235752	-270.560144553	36.0722309051
53.75	2492.42640877	-268.924544664	34.4723360537
53.8	2620.26256625	-270.668066946	36.2404167342
53.85	2616.46579079	-270.59403578	36.1879041628
53.9	2594.81928705	-270.258360389	35.8885149617
53.95	2699.12792743	-271.766404466	37.3311904573
54.0	2792.88650211	-273.086914461	38.627949745
54.05	2872.93477041	-274.235904347	39.7350840601
54.1	2690.83910979	-271.682945824	37.2165491959
54.15	2748.11934815	-272.518859644	38.0087826673
54.2	2404.73124884	-267.678020454	33.2594388494
54.25	2779.73603792	-272.920781591	38.4460678569
54.3	2690.79253603	-271.6662345	37.215905042
54.35	2707.28558876	-271.887257732	37.4440177175
54.4	2680.22384325	-271.653541377	37.069731206
54.45	2742.54907385	-272.562357057	37.9317411279
54.5	2612.66469888	-270.610143832	36.1353318914
54.55	2833.8525863	-273.735059782	39.1945448572
54.6	2839.94318719	-273.789304404	39.2787829474
54.65	2492.13046367	-268.792439943	34.4682428862
54.7	2901.46005066	-274.596493371	40.1296124776
54.75	2721.47487208	-272.07044624	37.6402673403
54.8	2640.63340329	-270.924682481	36.5221624008
54.85	2543.91239843	-269.659592811	35.1844302329
54.9	2724.90993908	-272.305529824	37.6877771821
54.95	2850.2450049	-274.014127293	39.4212656787
55.0	2364.88770871	-267.026407878	32.7083694576
55.05	2687.50573256	-271.591879157	37.1704458086
55.1	2708.59090498	-271.879895904	37.4620713295
55.15	2632.385413	-270.824549033	36.4080858157
55.2	2890.40438973	-274.488438944	39.9767034659
55.25	2409.030797	-267.604277424	33.3189051864
55.3	2724.58282133	-272.090380441	37.6832528706
55.35	2777.02354931	-272.904083254	38.408551877
55.4	2815.64336014	-273.493127631	38.9426960719
55.45	2601.63402346	-270.467637235	35.9827684501
55.5	2534.08203661	-269.367014928	35.0484681299
55.55	2847.40254291	-273.950777521	39.3819520585
55.6	2856.28446195	-274.013538921	39.5047964068
55.65	2829.10403677	-273.515767453	39.1288684567
55.7	2555.4563651	-269.692737001	35.3440929203
55.75	2576.5242976	-270.132622842	35.6354799985
55.8	2427.30483343	-268.035500974	33.5716503519
55.85	2338.87806408	-266.796185836	32.348634379
55.9	2568.34948623	-270.012174481	35.5224155391
55.95	2638.94834034	-270.957347105	36.4988565747
56.0	2779.98738106	-272.899404344	38.4495441422
56.05	2572.27251437	-270.058493516	35.5766742902
56.1	2478.20148397	-268.702011669	34.2755934794
56.15	2735.51380394	-272.338541952	37.8344374772
56.2	2883.12485367	-274.390368835	39.8760214107
56.25	2697.73144973	-271.476615693	37.311876006
56.3	2570.12734432	-269.883914042	35.5470047993
56.35	2773.82581269	-272.832455443	38.3643245125
56.4	2440.39359723	-268.188170095	33.7526788719
56.45	2968.20898145	-275.575871835	41.0528058628
56.5	2544.0297882	-269.53874244	35.1860538314
56.55	2623.39778074	-270.617488921	36.2837793654
56.6	2642.62040452	-271.011675839	36.5496442851
56.65	2337.65877414	-266.643482382	32.3317705822
56.7	2916.39420229	-274.829943849	40.3361642505
56.75	2794.25912782	-273.159179862	38.6469343033
56.8	2554.37963422	-269.805387246	35.3292008342
56.85	2770.12888483	-272.876952268	38.3131929168
56.9	2740.55798949	-272.352269421	37.9042027705
56.95	2592.55770718	-270.088750095	35.8572354258
57.0	2582.35365162	-270.128965353	35.7161048266
57.05	2631.23772217	-270.842200382	36.3922122944
57.1	2383.10110063	-267.43881059	32.960275859
57.15	2613.53799543	-270.748143302	36.1474103111
57.2	2713.85253447	-272.159686346	37.5348440538
57.25	2604.101489	-270.517984081	36.0168955565
57.3	2746.59553606	-272.508224222	37.9877070752
57.35	2486.08073758	-268.841387107	34.3845701286
57.4	2829.89435436	-273.66272497	39.1397992081
57.45	2556.28566004	-269.730613332	35.3555627609
57.5	2603.37306224	-270.419386556	36.0068208068
57.55	2694.12827066	-271.760147205	37.2620410342
57.6	2747.39063049	-272.488416218	37.9987038943
57.65	2652.02798104	-271.117144673	36.6797589148
57.7	2657.58995622	-271.191086599	36.7566856705
57.75	2900.13216613	-274.743967857	40.1112467271
57.8	2761.06792354	-272.579103358	38.1878722648
57.85	2686.89234052	-271.571665241	37.1619620852
57.9	2361.9875814	-267.029696082	32.6682582781
57.95	2506.93092914	-269.131731996	34.6729456681
58.0	2652.79559201	-271.170366396	36.6903756146
58.05	2442.20894049	-268.154540377	33.7777865833
58.1	2736.34175077	-272.327677573	37.8458886725
58.15	2662.78597266	-271.285034984	36.8285509116
58.2	2553.37994882	-269.712416948	35.3153743513
58.25	2655.79637479	-271.076762477	36.7318789434
58.3	2492.12724241	-268.91942119	34.4681983334
58.35	2720.75519559	-272.024707388	37.6303136143
58.4	2643.70392388	-270.988128489	36.5646302615
58.45	2598.29789333	-270.37875081	35.9366269879
58.5	2679.61841203	-271.566388903	37.0613575873
58.55	2405.19733959	-267.734524056	33.2658852732
58.6	2347.17249938	-266.917876096	32.4633533372
58.65	2353.61679481	-266.912931831	32.5524833178
58.7	2746.83030331	-272.517733688	37.9909541021
58.75	2629.33927001	-270.837433713	36.3659551176
58.8	2395.87382905	-267.488089752	33.1369333461
58.85	2766.21248972	-272.795828525	38.259025906
58.9	2652.59158466	-271.085492009	36.6875540229
58.95	2536.79782992	-269.482300033	35.0860298164
59.0	2829.53369961	-273.72930369	39.1348110521
59.05	2600.11301876	-270.425372034	35.9617316865
59.1	2590.86730388	-270.321002762	35.8338557383
59.15	2354.54477785	-266.849551164	32.5653180973
59.2	2576.65506403	-270.064073602	35.6372886073
59.25	2534.32387719	-269.337508925	35.0518129868
59.3	2712.75513064	-271.846083942	37.5196660435
59.35	2324.07436027	-266.472575577	32.1438868082
59.4	2762.92714198	-272.687464993	38.2135868066
59.45	2438.39025159	-268.143009042	33.7249709308
59.5	2345.2245438	-266.8636252	32.4364114868
59.55	2514.87832592	-269.190815253	34.7828647941
59.6	2814.2430992	-273.406334508	38.9233292953
59.65	2768.68880274	-272.643985799	38.2932753804
59.7	2589.73532988	-270.115921595	35.8181995937
59.75	2591.45327613	-270.108057227	35.8419602232
59.8	2385.36629125	-267.254149381	32.9916053345
59.85	2593.09481146	-270.247304593	35.8646640259
59.9	2753.94558541	-272.582779408	38.0893643881
59.95	2809.79308936	-273.367827561	38.8617819476
60.0	2739.63896624	-272.261540771	37.8914919125
60.05	2632.09428484	-270.864882377	36.4040592705
60.1	2620.13016247	-270.702380117	36.2385854795
60.15	2734.33037423	-272.296794922	37.8180696573
60.2	2879.70571988	-274.383256557	39.8287319387
60.25	2609.51729953	-270.465123644	36.0918007332
60.3	2640.41190215	-271.011985071	36.5190988552
60.35	2716.61415746	-271.971595477	37.573039603
60.4	2800.82882225	-273.168999239	38.7377986568
60.45	2637.25888227	-270.901051489	36.4754899606
60.5	2302.9669894	-266.196678038	31.8519542643
60.55	2620.72034012	-270.683390374	36.2467481286
60.6	2677.87586343	-271.533923245	37.0372566868
60.65	2611.79474262	-270.587566917	36.1232996706
60.7	2585.0653885	-270.24013259	35.7536104095
60.75	2581.69864051	-270.109108076	35.7070454767
60.8	2823.09720438	-273.515425029	39.0457889546
60.85	2380.33872379	-267.33690606	32.9220698833
60.9	2630.37002918	-270.796258646	36.3802113766
60.95	2605.28859498	-270.472522155	36.0333142224
61.0	2522.83469672	-269.207050086	34.8929080383
61.05	2763.43395919	-272.752592052	38.2205965113
61.1	2513.6290881	-269.173617059	34.7655867931
61.15	2679.51442341	-271.541099943	37.0599193379
61.2	2413.58833749	-267.802123264	33.3819397728
61.25	2815.30115953	-273.304789068	38.9379631521
61.3	2949.49419449	-275.331276944	40.7939647499
61.35	2728.15937471	-272.290070394	37.7327195869
61.4	2675.89679332	-271.357356643	37.0098844965
61.45	2949.24747229	-275.23586178	40.7905523761
61.5	2611.47514608	-270.551382958	36.118879384
61.55	2686.91439237	-271.654372172	37.1622670806
61.6	2746.6419513	-272.55021459	37.9883490367
61.65	2755.08231597	-272.650677197	38.1050863198
61.7	2584.96730405	-270.240454363	35.7522538197
61.75	2707.11748687	-271.869370799	37.441692728
61.8	2828.37494351	-273.6648944	39.1187844888
61.85	2713.81042341	-271.989064855	37.5342616226
61.9	2750.55296609	-272.555723052	38.0424416332
61.95	2617.97514637	-270.606741513	36.2087798093
62.0	2747.67991898	-272.492780095	38.0027049954
