# 	 t 	 T	E	K
2.05	1549.26328361	-301.285564966	21.427603383
2.1	1409.27429898	-299.26913744	19.4914389671
2.15	1490.77521087	-300.407222656	20.6186645548
2.2	1454.86754638	-299.915147617	20.1220316058
2.25	1545.0713298	-301.185267783	21.3696251654
2.3	1475.71838481	-300.234773556	20.4104160922
2.35	1415.53712135	-299.372537463	19.5780590239
2.4	1423.96559627	-299.470015638	19.6946318619
2.45	1457.64531735	-299.965665719	20.1604504951
2.5	1390.72009889	-299.019665493	19.2348189046
2.55	1544.46173889	-301.16654645	21.3611940147
2.6	1435.93645439	-299.630027215	19.8601988141
2.65	1557.44549793	-301.342871839	21.5407702314
2.7	1486.14745017	-300.347938211	20.5546587644
2.75	1393.97517063	-299.066125243	19.2798392617
2.8	1417.0332406	-299.388835039	19.598751601
2.85	1367.22479397	-298.693174256	18.9098592412
2.9	1635.5713944	-302.468402659	22.6213165409
2.95	1463.98209845	-300.03737781	20.248093463
3.0	1485.66606214	-300.327479482	20.5480007665
3.05	1433.21621591	-299.605102854	19.822575647
3.1	1471.10543332	-300.156386778	20.3466151255
3.15	1449.92089553	-299.851964041	20.0536152988
3.2	1422.11021402	-299.479894432	19.668970378
3.25	1374.34281289	-298.789152068	19.0083073796
3.3	1485.35129457	-300.372692068	20.5436472685
3.35	1532.00784583	-301.016328124	21.1889462865
3.4	1613.1153761	-302.12401615	22.3107310783
3.45	1522.61342874	-300.851243686	21.0590136627
3.5	1410.50608318	-299.283247216	19.5084755699
3.55	1365.19000114	-298.656637088	18.8817163591
3.6	1377.12089801	-298.804578767	19.0467306139
3.65	1399.39574422	-299.16400037	19.3548103154
3.7	1433.9315353	-299.656094124	19.8324691109
3.75	1563.60037189	-301.460320622	21.6258972718
3.8	1479.69941691	-300.263510066	20.4654770865
3.85	1570.61154321	-301.519971348	21.7228676189
3.9	1457.7709226	-299.948972457	20.1621877206
3.95	1415.85796563	-299.385392935	19.582496568
4.0	1402.87381269	-299.178137869	19.4029149033
4.05	1504.21070063	-300.589937127	20.804488584
4.1	1329.18321907	-298.135822649	18.3837125315
4.15	1526.19345377	-300.910380372	21.1085283948
4.2	1549.54863949	-301.24077917	21.4315500928
4.25	1429.70719036	-299.559831374	19.774042897
4.3	1525.44217747	-300.901296122	21.098137617
4.35	1472.00916382	-300.153542453	20.3591144721
4.4	1355.86592724	-298.562673319	18.7527566403
4.45	1484.79252098	-300.352511362	20.5359189637
4.5	1483.21342338	-300.288836494	20.5140787268
4.55	1483.40854724	-300.293643246	20.5167774525
4.6	1513.54665065	-300.730210169	20.9336125595
4.65	1289.72089305	-297.584361304	17.8379156489
4.7	1516.22346178	-300.774214066	20.97063509
4.75	1510.43704394	-300.65964781	20.8906041051
4.8	1509.66534354	-300.688779903	20.879930845
4.85	1266.23663534	-297.306510531	17.5131087777
4.9	1586.28152535	-301.782627526	21.9395965415
4.95	1496.43540147	-300.484128412	20.6969497116
5.0	1592.06401715	-301.831339877	22.019573226
5.05	1325.76626595	-298.066847138	18.33645322
5.1	1395.44243423	-299.059849197	19.300132741
5.15	1507.27942427	-300.648084038	20.8469315914
5.2	1396.09692512	-299.104392488	19.309184896
5.25	1467.84092611	-300.089888943	20.301464268
5.3	1511.26564961	-300.691167574	20.9020644127
5.35	1475.9168815	-300.213470343	20.4131614668
5.4	1495.48422737	-300.511893163	20.6837941805
5.45	1513.20242531	-300.712310478	20.9288516359
5.5	1438.87866495	-299.678281129	19.9008920401
5.55	1498.14849772	-300.559455993	20.7206432616
5.6	1531.29037575	-301.016910533	21.1790230768
5.65	1485.27736967	-300.346525577	20.5426248254
5.7	1460.74921342	-300.029128757	20.2033799667
5.75	1388.73841324	-298.983706292	19.2074105392
5.8	1568.61448631	-301.540124305	21.6952466563
5.85	1443.54710555	-299.75251359	19.9654604673
5.9	1558.57654368	-301.374395289	21.5564135375
5.95	1348.98470169	-298.456670668	18.6575835517
6.0	1556.21316267	-301.398735403	21.5237260069
6.05	1566.34419433	-301.455790019	21.6638466246
6.1	1406.45698799	-299.221682573	19.4524732063
6.15	1450.57030962	-299.871157824	20.0625972374
6.2	1456.79431496	-299.957666207	20.1486804224
6.25	1443.29170754	-299.771185647	19.9619280999
6.3	1597.10119928	-301.951523621	22.0892416561
6.35	1247.95973705	-297.010124452	17.2603240303
6.4	1552.09377231	-301.281478272	21.4667514025
6.45	1541.68509098	-301.130234205	21.3227906583
6.5	1438.55337283	-299.652921112	19.8963929787
6.55	1372.84116959	-298.743069926	18.9875384004
6.6	1387.61248208	-298.957757495	19.1918379722
6.65	1579.312062	-301.663980538	21.8432030505
6.7	1450.38784046	-299.835448854	20.0600735366
6.75	1555.83120611	-301.313018785	21.5184432292
6.8	1428.66442398	-299.586625566	19.7596205682
6.85	1263.05548714	-297.27617074	17.4691108448
6.9	1502.11188818	-300.550575309	20.7754602573
6.95	1551.25699791	-301.246851812	21.4551781146
7.0	1546.52705326	-301.20302603	21.3897590351
7.05	1401.85482265	-299.184369545	19.3888214212
7.1	1468.87048547	-300.112642804	20.3157039328
7.15	1530.48215423	-300.979255593	21.1678446991
7.2	1336.82261652	-298.239496749	18.48937177
7.25	1464.60388638	-300.056095289	20.2566933087
7.3	1533.56430601	-300.985418993	21.2104734289
7.35	1502.47166052	-300.552176428	20.7804362089
7.4	1478.79823979	-300.259339865	20.4530130553
7.45	1344.65641936	-298.350678842	18.5977197971
7.5	1483.5489269	-300.311343019	20.5187190204
7.55	1435.48837548	-299.648588939	19.854001509
7.6	1479.49667685	-300.244735839	20.4626730223
7.65	1312.65355375	-297.903819345	18.1550934735
7.7	1610.47593282	-302.105697434	22.2742253763
7.75	1401.12015991	-299.136526835	19.3786604227
7.8	1471.24260005	-300.158812208	20.3485122559
7.85	1416.97094586	-299.378834824	19.5978900129
7.9	1474.14189542	-300.16039716	20.3886119289
7.95	1578.59834535	-301.652545954	21.8333317539
8.0	1376.22182662	-298.793764252	19.0342957068
8.05	1297.46012855	-297.706416261	17.9449557308
8.1	1512.93707555	-300.785287481	20.9251816275
8.15	1541.50221942	-301.163358205	21.3202613921
8.2	1648.27749978	-302.619275461	22.7970525759
8.25	1402.14988948	-299.181969267	19.3929024415
8.3	1445.9559459	-299.794241395	19.9987767384
8.35	1425.2487647	-299.471290279	19.7123791515
8.4	1524.68536235	-300.922377224	21.0876702326
8.45	1406.85427085	-299.281509609	19.4579679595
8.5	1439.06140003	-299.703946272	19.9034194187
8.55	1496.1817133	-300.482598341	20.6934409927
8.6	1562.06838003	-301.40523784	21.6047085466
8.65	1341.31975507	-298.327083235	18.5515709469
8.7	1364.7259656	-298.648444055	18.8752983606
8.75	1470.95501605	-300.135696813	20.3445347292
8.8	1535.77416228	-301.060623354	21.2410375843
8.85	1577.85678484	-301.646443855	21.8230753535
8.9	1493.40040948	-300.477049444	20.6549732411
8.95	1411.62767316	-299.284287475	19.5239880948
9.0	1387.10659556	-298.944835607	19.1848411397
9.05	1437.7306512	-299.705637244	19.8850140524
9.1	1394.71406117	-299.048408391	19.2900587341
9.15	1488.0656265	-300.337293223	20.5811887429
9.2	1491.15306242	-300.430006274	20.6238905568
9.25	1366.85740493	-298.663299222	18.9047779444
9.3	1532.06683468	-300.981907408	21.1897621515
9.35	1413.46158349	-299.358483225	19.5493526042
9.4	1480.50288854	-300.304685953	20.4765897692
9.45	1492.26247305	-300.457826139	20.6392346312
9.5	1403.61053029	-299.22181859	19.4131043222
9.55	1550.45694673	-301.244659627	21.4441127396
9.6	1535.61900345	-301.030438116	21.2388916083
9.65	1465.03411281	-300.058286543	20.2626436991
9.7	1447.80499796	-299.820138159	20.0243506707
9.75	1405.54384583	-299.211804949	19.4398436886
9.8	1341.61455043	-298.332655348	18.5556482127
9.85	1422.82826621	-299.455521876	19.6789016386
9.9	1579.0761217	-301.639838982	21.8399397993
9.95	1529.0016327	-300.923715538	21.1473678515
10.0	1544.45615637	-301.166405591	21.3611168039
10.05	1363.92059376	-298.652934592	18.8641593964
10.1	1384.04650841	-298.953372191	19.1425175821
10.15	1446.3081537	-299.806896497	20.003648066
10.2	1592.23802581	-301.828613632	22.0219799109
10.25	1503.32158205	-300.583997957	20.7921913325
10.3	1387.99848083	-298.989643496	19.1971766569
10.35	1472.41043676	-300.174329797	20.3646644116
10.4	1349.20019316	-298.415338108	18.6605639785
10.45	1546.38063465	-301.193025818	21.3877339435
10.5	1580.16706453	-301.644288244	21.8550284485
10.55	1289.15822872	-297.580397178	17.8301335319
10.6	1421.99735557	-299.453022502	19.6674094514
10.65	1625.89933548	-302.318995828	22.4875438991
10.7	1446.05054128	-299.81648566	20.0000850715
10.75	1466.61398037	-300.121337319	20.2844945851
10.8	1431.59015034	-299.640845236	19.800085804
10.85	1632.07063069	-302.427564159	22.572898059
10.9	1558.02542774	-301.352260259	21.5487911445
10.95	1372.07724307	-298.749683029	18.9769726594
11.0	1414.94404909	-299.381145134	19.5698563399
11.05	1433.1852572	-299.620306696	19.8221474623
11.1	1552.51861399	-301.29707019	21.4726273172
11.15	1536.65477066	-301.074688128	21.2532171327
11.2	1352.31752044	-298.473178214	18.7036792148
11.25	1480.36005339	-300.245060473	20.47461424
11.3	1425.91590234	-299.50275504	19.7216062215
11.35	1364.75263294	-298.665774923	18.8756671922
11.4	1619.17216313	-302.208608403	22.3945014946
11.45	1377.03070709	-298.793515796	19.0454831983
11.5	1437.59300478	-299.673458006	19.8831102877
11.55	1391.28210249	-298.994153132	19.2425918832
11.6	1565.34422632	-301.475838466	21.650016233
11.65	1386.8403683	-298.942751355	19.1811589947
11.7	1550.56809553	-301.273100326	21.4456500201
11.75	1527.19500101	-300.919233943	21.1223806285
11.8	1461.31043868	-299.99642493	20.2111421801
11.85	1370.14686825	-298.715396911	18.9502739656
11.9	1501.0135596	-300.592255502	20.760269457
11.95	1369.85956903	-298.705706648	18.9463003778
12.0	1567.76651896	-301.493438074	21.6835185605
12.05	1401.11295537	-299.164141993	19.3785607779
12.1	1548.99677107	-301.265485683	21.4239172922
12.15	1441.30001395	-299.693635766	19.9343813163
12.2	1421.14815086	-299.418530632	19.655664242
12.25	1483.94571486	-300.334912772	20.5242069287
12.3	1412.25897485	-299.310624864	19.5327195237
12.35	1588.92867657	-301.821990773	21.9762088508
12.4	1429.4897728	-299.563768385	19.7710358309
12.45	1389.71995369	-299.020154773	19.2209860623
12.5	1529.70220657	-300.965004055	21.1570573725
12.55	1571.86836153	-301.540706169	21.7402504644
12.6	1527.3468096	-300.907478465	21.1244802679
12.65	1256.62094872	-297.149487044	17.3801158116
12.7	1437.12885644	-299.69101436	19.8766907289
12.75	1487.17065413	-300.348314306	20.5688105287
12.8	1416.97455773	-299.361423754	19.597939968
12.85	1571.27352724	-301.537754145	21.7320234102
12.9	1453.59612701	-299.904826978	20.1044468155
12.95	1410.87883166	-299.308573043	19.5136309923
13.0	1272.96488698	-297.32845115	17.6061661096
13.05	1609.77128607	-302.087136661	22.264479524
13.1	1458.67805132	-299.965420664	20.1747340673
13.15	1463.24060908	-300.017333873	20.2378380467
13.2	1541.42470317	-301.140226499	21.3191892777
13.25	1368.82815186	-298.751159016	18.9320350181
13.3	1365.82993451	-298.666358681	18.8905671715
13.35	1599.37719835	-301.943173992	22.1207206216
13.4	1586.82920997	-301.812329106	21.9471714767
13.45	1373.53512565	-298.809105655	18.9971363915
13.5	1393.32030691	-299.035627735	19.2707819503
13.55	1561.07493437	-301.416890297	21.5909683645
13.6	1455.21348573	-299.952879435	20.1268162356
13.65	1415.33543558	-299.345609123	19.5752695416
13.7	1597.18474587	-301.940344311	22.0903971751
13.75	1464.12455503	-300.050405541	20.2500637564
13.8	1318.69486342	-298.005595334	18.2386498251
13.85	1573.16056093	-301.593691362	21.75812266
13.9	1394.19546534	-299.039405548	19.2828861213
13.95	1557.89897583	-301.362634734	21.547042209
14.0	1495.43501292	-300.482005964	20.6831135036
14.05	1382.09230756	-298.879439537	19.1154893544
14.1	1550.44966506	-301.240635141	21.444012028
14.15	1464.8325158	-300.049257537	20.2598554443
14.2	1318.32813772	-297.999561107	18.2335777028
14.25	1380.56941495	-298.870031829	19.0944264795
14.3	1529.85265291	-300.978553087	21.1591381708
14.35	1498.26999048	-300.518966278	20.7223236078
14.4	1365.34819511	-298.668266388	18.8839043137
14.45	1574.31124216	-301.610093267	21.7740375411
14.5	1367.79441517	-298.667527314	18.9177375774
14.55	1567.68405642	-301.496060778	21.6823780349
14.6	1351.34256464	-298.453949249	18.6901947629
14.65	1504.10783456	-300.610532996	20.8030658605
14.7	1446.20728666	-299.765448589	20.0022529908
14.75	1413.58081764	-299.32962645	19.551001712
14.8	1560.9349329	-301.440551194	21.5890320275
14.85	1398.27819696	-299.091970462	19.3393537048
14.9	1523.8671309	-300.877803976	21.0763534092
14.95	1492.74642247	-300.524115062	20.6459280553
15.0	1414.88131654	-299.363598123	19.5689886965
15.05	1421.03688144	-299.434654106	19.6541252931
15.1	1621.15921255	-302.247180761	22.4219840453
15.15	1309.66962771	-297.861093615	18.1138232877
15.2	1491.74676401	-300.436542454	20.632101945
15.25	1432.44697337	-299.552692234	19.8119363812
15.3	1462.57155253	-300.031753871	20.2285844365
15.35	1456.37140595	-299.989734336	20.142831238
15.4	1616.55743402	-302.152207866	22.3583376102
15.45	1387.95779241	-298.930768599	19.196613902
15.5	1504.41322943	-300.61696548	20.8072897262
15.55	1331.87748876	-298.194817391	18.4209765285
15.6	1421.87687284	-299.426293617	19.6657430748
15.65	1498.16904613	-300.516940336	20.7209274632
15.7	1376.80828453	-298.832094619	19.0424069088
15.75	1451.95910615	-299.876614258	20.0818054517
15.8	1389.44757892	-299.023124067	19.2172188921
15.85	1339.59116156	-298.314993291	18.527663057
15.9	1601.25948719	-301.951051947	22.1467542461
15.95	1519.9455121	-300.805813182	21.0221141504
16.0	1505.91291323	-300.64131412	20.8280316041
16.05	1277.51026508	-297.410130489	17.6690324798
16.1	1558.92915884	-301.367014933	21.5612904993
16.15	1435.56393235	-299.618334928	19.8550465236
16.2	1455.55724462	-299.922369213	20.1315707078
16.25	1497.64814065	-300.517043723	20.713722906
16.3	1347.03355217	-298.387840421	18.6305975265
16.35	1506.59700957	-300.637746442	20.837493227
16.4	1424.3520405	-299.490495705	19.6999767079
16.45	1428.75532157	-299.541692773	19.7608777577
16.5	1672.57248782	-302.955701329	23.1330725238
16.55	1421.31862934	-299.428772503	19.6580221015
16.6	1388.60581122	-298.999873129	19.2055765426
16.65	1491.06565817	-300.42726073	20.6226816831
16.7	1419.75622637	-299.41702457	19.6364127654
16.75	1507.42392451	-300.648130239	20.8489301503
16.8	1397.1850434	-299.113740572	19.3242344793
16.85	1491.669959	-300.445761763	20.6310396677
16.9	1498.17413156	-300.514825684	20.720997799
16.95	1496.99979741	-300.503461216	20.7047557782
17.0	1419.30633334	-299.449294097	19.6301903695
17.05	1473.25399958	-300.167470592	20.376331589
17.1	1515.5798034	-300.730678153	20.9617327578
17.15	1459.64577221	-299.989847649	20.1881184544
17.2	1381.8245175	-298.952596456	19.1117855946
17.25	1428.89361815	-299.552697117	19.7627905147
17.3	1615.85393995	-302.157158644	22.3486077005
17.35	1519.39873342	-300.816093131	21.0145517452
17.4	1372.67809431	-298.766881308	18.9852829333
17.45	1435.75169594	-299.628719204	19.8576434506
17.5	1519.01552856	-300.793260708	21.0092517024
17.55	1434.3702944	-299.606990484	19.8385375152
17.6	1378.9142921	-298.845083616	19.07153475
17.65	1480.57642868	-300.271980021	20.4776068907
17.7	1536.43330511	-301.064778679	21.2501540794
17.75	1386.88667268	-298.96801759	19.1817994228
17.8	1552.23685555	-301.294577811	21.4687303631
17.85	1416.22130766	-299.360924847	19.5875218913
17.9	1439.16826367	-299.717297272	19.904897432
17.95	1412.52296792	-299.332334367	19.536370768
18.0	1546.09253242	-301.160877902	21.3837492495
18.05	1523.49562541	-300.878057163	21.0712151784
18.1	1415.05300496	-299.355629635	19.5713632905
18.15	1426.90986343	-299.480426945	19.7353535325
18.2	1537.55910521	-301.07336045	21.2657248338
18.25	1301.2111423	-297.74826204	17.9968353796
18.3	1524.39523019	-300.884855357	21.0836574628
18.35	1415.52343571	-299.388976413	19.5778697401
18.4	1587.29739182	-301.765451521	21.9536468221
18.45	1529.38421581	-300.903344348	21.1526592951
18.5	1384.37527816	-298.88558645	19.147064742
18.55	1418.44031397	-299.396877151	19.6182125993
18.6	1479.35411547	-300.251585286	20.4607012795
18.65	1517.36785497	-300.823685399	20.9864630023
18.7	1356.49700633	-298.538425251	18.7614849905
18.75	1498.5586362	-300.520499165	20.7263158188
18.8	1522.33576815	-300.886034536	21.0551733851
18.85	1368.54999101	-298.666445892	18.9281878215
18.9	1569.61156232	-301.489316909	21.7090370491
18.95	1483.88624758	-300.331527797	20.5233844467
19.0	1370.48478881	-298.76456255	18.9549476889
19.05	1438.02646264	-299.684728058	19.8891053713
19.1	1454.53218921	-299.895841241	20.1173933365
19.15	1456.03244752	-299.949887034	20.1381431603
19.2	1345.04562343	-298.391579092	18.603102814
19.25	1440.31497329	-299.691102759	19.9207573824
19.3	1609.02853027	-302.080001915	22.2542065917
19.35	1546.27857196	-301.221500258	21.3863223315
19.4	1382.10607266	-298.904518384	19.1156797372
19.45	1484.91981306	-300.331165773	20.5376795193
19.5	1501.50710033	-300.560318873	20.7670955369
19.55	1466.76572337	-300.117926727	20.2865933173
19.6	1395.43634031	-299.104387373	19.3000484571
19.65	1468.73973948	-300.077165306	20.3138956066
19.7	1561.57577553	-301.428031034	21.5978954155
19.75	1408.23245949	-299.25579925	19.4770294579
19.8	1543.10891967	-301.130063121	21.3424833966
19.85	1442.84297173	-299.751237297	19.9557217093
19.9	1407.24936333	-299.256201702	19.4634324181
19.95	1420.3018494	-299.414967026	19.6439591869
20.0	1579.59904496	-301.642489531	21.8471722642
20.05	1457.42517737	-299.944289588	20.1574057757
20.1	1430.58613079	-299.570943235	19.7861993763
20.15	1280.10403294	-297.422980491	17.7049064526
20.2	1605.97986229	-302.021811507	22.2120409709
20.25	1386.24179257	-298.924845795	19.172880193
20.3	1562.19014766	-301.422206147	21.6063926946
20.35	1331.72365137	-298.16232559	18.4188488291
20.4	1374.83324127	-298.742255867	19.0150904131
20.45	1434.59554794	-299.615207867	19.8416529595
20.5	1646.76103661	-302.611572843	22.7760786254
20.55	1379.10788737	-298.856026445	19.074212334
20.6	1342.26119891	-298.319009522	18.5645919005
20.65	1466.90865397	-300.083793373	20.2885701668
20.7	1468.54653086	-300.161312583	20.3112233702
20.75	1463.00508167	-300.058058991	20.2345805061
20.8	1462.18823167	-300.006672292	20.2232827893
20.85	1531.41445494	-300.972658381	21.1807391955
20.9	1391.34800695	-299.015623171	19.2435033967
20.95	1518.50413401	-300.816884683	21.0021786891
21.0	1563.627996	-301.441168624	21.6262793363
21.05	1397.87274975	-299.092020074	19.3337460317
21.1	1386.7526417	-298.938414367	19.1799456626
21.15	1451.47746906	-299.869790539	20.075144009
21.2	1537.09986333	-301.034706389	21.2593731355
21.25	1476.70051784	-300.225808931	20.423999811
21.3	1456.70926684	-299.938647965	20.1475041359
21.35	1425.12607541	-299.46681884	19.7106822563
21.4	1445.16454355	-299.791713547	19.9878309839
21.45	1499.75552102	-300.575012445	20.7428697341
21.5	1441.35523635	-299.71099391	19.9351450882
21.55	1399.64213606	-299.13545204	19.3582181201
21.6	1585.21285082	-301.736100359	21.9248158815
21.65	1440.02213276	-299.682004193	19.9167071535
21.7	1454.7277808	-299.934367667	20.1200985313
21.75	1332.31317143	-298.194081384	18.4270023832
21.8	1468.5669751	-300.082595323	20.3115061312
21.85	1576.57249764	-301.608114827	21.8053125904
21.9	1422.74235625	-299.465730272	19.6777134322
21.95	1418.13368243	-299.387912203	19.6139716293
22.0	1506.00812741	-300.623595987	20.8293484956
22.05	1355.5289522	-298.532327121	18.7480959946
22.1	1319.81374775	-297.992558234	18.2541249286
22.15	1634.84511098	-302.423503251	22.6112714354
22.2	1641.05330503	-302.551526947	22.6971359372
22.25	1377.2588983	-298.831824581	19.048639273
22.3	1481.97290055	-300.280650209	20.4969212613
22.35	1301.68584599	-297.785802088	18.0034009275
22.4	1592.36245413	-301.86890594	22.0237008583
22.45	1407.41106588	-299.245045207	19.4656688992
22.5	1512.07453368	-300.727975537	20.9132519541
22.55	1499.19664955	-300.518829683	20.7351400757
22.6	1430.01445632	-299.569547112	19.7782926415
22.65	1384.44805746	-298.932182619	19.1480713404
22.7	1347.8394065	-298.426970379	18.6417431639
22.75	1429.78176859	-299.547114972	19.7750743761
22.8	1600.50774899	-301.971831719	22.1363570799
22.85	1459.74065486	-299.982455322	20.1894307606
22.9	1470.86174741	-300.10331229	20.3432447461
22.95	1418.18107517	-299.436465768	19.6146271105
23.0	1554.09788549	-301.351613113	21.4944699593
23.05	1473.19984965	-300.20204444	20.3755826502
23.1	1580.33324019	-301.704593286	21.8573267965
23.15	1420.67373314	-299.429599177	19.6491026492
23.2	1413.0403255	-299.321994766	19.5435262549
23.25	1500.83269169	-300.581093806	20.757767903
23.3	1404.73382166	-299.207626336	19.4286403787
23.35	1609.97825399	-302.086548463	22.267342063
23.4	1475.98301803	-300.21627917	20.4140761903
23.45	1554.02169828	-301.333473176	21.4934162267
23.5	1367.83253506	-298.657140574	18.9182648073
23.55	1414.41208043	-299.3159889	19.5624987697
23.6	1417.98236758	-299.401153278	19.6118788188
23.65	1440.40048149	-299.697900783	19.9219400322
23.7	1500.77750097	-300.537397336	20.7570045693
23.75	1537.94884824	-301.078782391	21.271115305
23.8	1373.06633511	-298.757451078	18.9906526273
23.85	1502.61410705	-300.641326857	20.7824063632
23.9	1390.38938236	-299.017145528	19.2302448191
23.95	1638.72924718	-302.502667392	22.6649922787
24.0	1440.60846907	-299.724360171	19.9248166739
24.05	1278.69902663	-297.450762515	17.6854740435
24.1	1576.05788242	-301.604731088	21.7981950327
24.15	1459.26817396	-299.966627844	20.1828959556
24.2	1484.0002196	-300.31709201	20.5249607747
24.25	1423.94179633	-299.463563125	19.6943026889
24.3	1474.83583927	-300.21540309	20.3982097511
24.35	1589.70073594	-301.832297307	21.9868870758
24.4	1353.36623478	-298.520000716	18.7181838088
24.45	1487.66894313	-300.378987978	20.575702281
24.5	1516.46226301	-300.773249137	20.9739379102
24.55	1538.20030702	-301.081669594	21.2745931895
24.6	1412.35323211	-299.321464594	19.5340231803
24.65	1455.71307655	-299.925891732	20.1337259933
24.7	1456.17778564	-299.993942	20.1401533077
24.75	1544.82917827	-301.229394171	21.3662760079
24.8	1460.86511972	-299.98089096	20.2049830475
24.85	1531.04251217	-301.010805169	21.1755949168
24.9	1452.49168755	-299.886334193	20.0891714967
24.95	1474.21420182	-300.192295643	20.3896119867
25.0	1492.8180831	-300.476514497	20.6469191815
25.05	1478.9101197	-300.253347229	20.4545604477
25.1	1504.69045022	-300.638355449	20.811123921
25.15	1463.00076803	-300.072208821	20.2345208448
25.2	1478.74219096	-300.223874506	20.4522378532
25.25	1492.86855107	-300.434986986	20.6476171956
25.3	1380.1307071	-298.909402956	19.088358784
25.35	1502.58369896	-300.58548182	20.781985794
25.4	1408.97423044	-299.239431961	19.4872887688
25.45	1600.83949159	-301.966873822	22.1409453568
25.5	1394.87558567	-299.077789554	19.2922927527
25.55	1512.54225179	-300.738148986	20.9197208855
25.6	1310.63126769	-297.888762364	18.1271235706
25.65	1502.36776601	-300.576437481	20.7789992611
25.7	1503.94205227	-300.573530422	20.8007729532
25.75	1379.69889454	-298.862565051	19.0823864562
25.8	1513.77717466	-300.770216719	20.9368008989
25.85	1540.89872983	-301.099806712	21.3119146278
25.9	1452.61910522	-299.860238391	20.0909337893
25.95	1500.86237379	-300.613781758	20.7581784311
26.0	1313.96865723	-297.942160122	18.1732824515
26.05	1590.6827505	-301.795460192	22.0004691562
26.1	1463.08114414	-300.02219438	20.2356325135
26.15	1567.02909282	-301.522807956	21.673319342
26.2	1520.8125591	-300.855044934	21.0341061336
26.25	1394.7214915	-299.057449095	19.2901615017
26.3	1420.31638263	-299.403662284	19.6441601936
26.35	1511.17908828	-300.695117932	20.9008671972
26.4	1415.38577178	-299.379699623	19.5759657332
26.45	1379.83681032	-298.852392728	19.0842939465
26.5	1617.88638199	-302.208203143	22.3767180691
26.55	1385.65865821	-298.927459108	19.1648149584
26.6	1527.09133182	-300.903059962	21.1209467971
26.65	1482.82678624	-300.294951796	20.5087312126
26.7	1396.53515728	-299.110164403	19.3152460122
26.75	1466.29487983	-300.116958486	20.2800811585
26.8	1359.9098057	-298.592611842	18.8086868523
26.85	1404.81954092	-299.208069293	19.4298259476
26.9	1505.00325999	-300.614798154	20.815450341
26.95	1492.01908442	-300.435988046	20.6358683634
27.0	1537.75995143	-301.021864824	21.2685027046
27.05	1546.50525301	-301.208027777	21.3894575195
27.1	1429.23122316	-299.591066104	19.7674598736
27.15	1348.06046444	-298.441356859	18.6448005797
27.2	1515.23300207	-300.761691537	20.9569362062
27.25	1600.80811717	-301.950323318	22.1405114223
27.3	1432.86141559	-299.627525821	19.8176684628
27.35	1253.92139453	-297.092798643	17.3427787256
27.4	1708.09869652	-303.456549958	23.624429621
27.45	1388.26093279	-298.956038406	19.2008065863
27.5	1393.09698474	-299.055489096	19.2676932183
27.55	1523.69990524	-300.880019479	21.0740405389
27.6	1541.24438805	-301.107678769	21.3166953693
27.65	1483.0709254	-300.304123841	20.5121078608
27.7	1449.81169269	-299.851667225	20.0521049325
27.75	1449.61578999	-299.832453348	20.0493954347
27.8	1421.34261333	-299.46223906	19.6583538202
27.85	1510.03374614	-300.711069547	20.8850261602
27.9	1457.43690045	-299.965390345	20.1575679156
27.95	1447.0696008	-299.818887828	20.0141795146
28.0	1561.77668426	-301.404612384	21.6006741508
28.05	1461.80093397	-300.032030599	20.2179261391
28.1	1382.78045809	-298.930582529	19.1250070503
28.15	1425.8999817	-299.512710577	19.7213860259
28.2	1624.76010199	-302.277682933	22.4717873496
28.25	1537.55218489	-301.046405566	21.26562912
28.3	1332.45319078	-298.172032611	18.4289389677
28.35	1396.74661458	-299.096419688	19.318170643
28.4	1431.65758944	-299.590643313	19.8010185431
28.45	1423.80843097	-299.486097177	19.6924581348
28.5	1510.19796106	-300.67454185	20.8872973895
28.55	1481.53469842	-300.244624231	20.4908605604
28.6	1526.89246348	-300.910317255	21.118196282
28.65	1384.70241804	-298.942090448	19.1515893594
28.7	1455.38366359	-299.944739196	20.1291699374
28.75	1620.74505486	-302.29020366	22.416255899
28.8	1455.37500211	-299.948741084	20.1290501419
28.85	1453.01614995	-299.90416958	20.096425249
28.9	1426.81356511	-299.48982118	19.7340216464
28.95	1498.35747011	-300.507240164	20.723533524
29.0	1340.32183546	-298.295413231	18.5377688865
29.05	1516.62162492	-300.824764012	20.9761420184
29.1	1612.98568638	-302.144816706	22.3089373612
29.15	1358.1506565	-298.549452144	18.7843563516
29.2	1366.74199138	-298.67259372	18.9031816787
29.25	1530.67104769	-300.97542305	21.1704572533
29.3	1295.65571096	-297.682787561	17.9199991306
29.35	1475.33233426	-300.204446086	20.4050766911
29.4	1598.25383263	-301.9239782	22.1051835367
29.45	1381.29482466	-298.863309433	19.1044595008
29.5	1544.60694016	-301.169208965	21.3632022694
29.55	1303.80652871	-297.801682339	18.0327317384
29.6	1526.46719179	-300.943659466	21.1123144199
29.65	1516.06711541	-300.770954486	20.9684726893
29.7	1488.83095924	-300.376284481	20.5917739331
29.75	1389.99445508	-299.022499759	19.2247826454
29.8	1402.5964269	-299.188276889	19.3990784265
29.85	1520.55434008	-300.856532744	21.0305347491
29.9	1446.53869735	-299.775724917	20.0068366771
29.95	1538.23569879	-301.095735325	21.2750826874
30.0	1558.51422724	-301.430080135	21.5555516492
30.05	1372.94456379	-298.75284622	18.9889684284
30.1	1468.60663451	-300.138403093	20.3120546538
30.15	1482.88605369	-300.344748272	20.5095509309
30.2	1516.56190697	-300.767084903	20.9753160693
30.25	1441.03851907	-299.725655736	19.930764624
30.3	1414.4198168	-299.372651751	19.5626057702
30.35	1386.67909524	-298.925587539	19.1789284537
30.4	1514.42537004	-300.694195638	20.9457659815
30.45	1501.38272024	-300.565955705	20.7653752566
30.5	1563.24563627	-301.436840614	21.6209909823
30.55	1343.57550214	-298.315029893	18.5827698104
30.6	1492.44789255	-300.471973335	20.6417991375
30.65	1403.56201928	-299.187712313	19.4124333744
30.7	1369.81560953	-298.67650535	18.9456923813
30.75	1474.9041998	-300.206256259	20.3991552343
30.8	1435.39390952	-299.67639996	19.852694966
30.85	1534.33101107	-301.039923415	21.2210775994
30.9	1570.98601943	-301.580770397	21.7280469373
30.95	1456.54504204	-299.930591124	20.1452327699
31.0	1328.99938458	-298.163619127	18.3811699472
31.05	1464.27220048	-300.041991858	20.2521058161
31.1	1434.49522152	-299.585158056	19.8402653614
31.15	1568.66465444	-301.519326548	21.6959405234
31.2	1425.82369316	-299.532924222	19.7203308916
31.25	1439.37256626	-299.699199403	19.9077231071
31.3	1523.75858556	-300.880856344	21.0748521366
31.35	1431.97349042	-299.585125929	19.805387717
31.4	1428.39603616	-299.52996733	19.7559085408
31.45	1465.31050724	-300.059402457	20.2664664645
31.5	1445.19265901	-299.798347328	19.9882198441
31.55	1531.16483599	-300.992723311	21.1772867573
31.6	1392.83464402	-299.012800798	19.2640648274
31.65	1438.54258708	-299.68225184	19.8962438028
31.7	1663.63840063	-302.84612659	23.0095066465
31.75	1510.85516106	-300.695215125	20.8963870136
31.8	1197.8198313	-296.333885155	16.5668473144
31.85	1512.64158951	-300.740185444	20.921094809
31.9	1447.50872341	-299.797847502	20.0202529465
31.95	1626.86639818	-302.345365647	22.5009191828
32.0	1308.9097148	-297.856384985	18.1033130582
32.05	1476.27741579	-300.243014294	20.4181479569
32.1	1542.25091916	-301.168945177	21.3306165339
32.15	1443.32027618	-299.732641634	19.9623232279
32.2	1584.50353957	-301.728027488	21.9150055152
32.25	1498.96709327	-300.54915992	20.7319651207
32.3	1398.74067445	-299.138457767	19.3457501541
32.35	1571.8785342	-301.551915365	21.740391161
32.4	1466.24118978	-300.066043948	20.2793385804
32.45	1338.9588112	-298.299817711	18.518917124
32.5	1565.09196709	-301.485605953	21.6465272775
32.55	1438.90919425	-299.706116143	19.9013142858
32.6	1342.62731945	-298.329553221	18.5696556529
32.65	1515.47770527	-300.772565836	20.9603206556
32.7	1463.28238551	-300.041393626	20.2384158494
32.75	1462.28760591	-300.003912538	20.2246572178
32.8	1518.17346942	-300.779356179	20.9976053221
32.85	1463.07861041	-300.016537403	20.2355974699
32.9	1495.4913656	-300.522994419	20.6838929082
32.95	1397.91858538	-299.115192515	19.3343799766
33.0	1497.98242361	-300.507581043	20.7183463182
33.05	1424.79674064	-299.50578969	19.7061272817
33.1	1443.90636747	-299.787460331	19.9704293593
33.15	1445.49875274	-299.773162771	19.9924533757
33.2	1516.44165974	-300.78675511	20.9736529498
33.25	1428.68935588	-299.542588543	19.7599653972
33.3	1450.38042953	-299.858535026	20.0599710373
33.35	1575.9669642	-301.602113458	21.7969375578
33.4	1451.96682477	-299.872599452	20.0819122066
33.45	1472.15775498	-300.175388666	20.3611696118
33.5	1430.63097224	-299.577183049	19.7868195709
33.55	1509.82983472	-300.678112192	20.8822058951
33.6	1428.48415525	-299.53928317	19.7571273014
33.65	1393.28104328	-299.07322953	19.2702389014
33.7	1383.50052935	-298.937557706	19.1349662364
33.75	1516.8699251	-300.76402828	20.9795762169
33.8	1668.7302205	-302.867738128	23.0799307621
33.85	1420.96383363	-299.413351661	19.6531149809
33.9	1264.52619163	-297.248195588	17.4894519145
33.95	1395.72494278	-299.084482929	19.3040400699
34.0	1502.6217189	-300.569109662	20.7825116415
34.05	1528.77330196	-300.924722585	21.144209847
34.1	1368.19972108	-298.672815452	18.9233432962
34.15	1456.09717507	-299.951412074	20.1390383963
34.2	1471.37935057	-300.152405002	20.3504036296
34.25	1672.65515904	-302.983864987	23.1342159358
34.3	1455.84953246	-299.930017847	20.1356132924
34.35	1462.49760298	-300.057170136	20.2275616525
34.4	1308.55961389	-297.873638454	18.0984708707
34.45	1422.55990651	-299.477602393	19.6751900002
34.5	1444.93350526	-299.779725208	19.9846355317
34.55	1367.33640894	-298.675324801	18.9114029692
34.6	1583.3988946	-301.70561901	21.8997273539
34.65	1541.47424186	-301.098332737	21.3198744391
34.7	1560.15786184	-301.38613362	21.5782844865
34.75	1303.8035282	-297.795366697	18.0326902387
34.8	1474.11790948	-300.192541615	20.3882801833
34.85	1398.59595734	-299.132928339	19.3437485959
34.9	1504.0488643	-300.61189399	20.8022502526
34.95	1352.51209058	-298.46308471	18.7063702821
35.0	1401.13277262	-299.164709343	19.378834867
35.05	1593.91785082	-301.865370277	22.0452132918
35.1	1421.43447294	-299.440568021	19.6596243152
35.15	1547.61251513	-301.226547061	21.4047718781
35.2	1394.23399861	-299.065192461	19.2834190685
35.25	1578.19260752	-301.624002676	21.8277200613
35.3	1478.4821009	-300.24966046	20.4486405908
35.35	1366.883861	-298.728593467	18.9051438539
35.4	1424.72120052	-299.494310092	19.7050824989
35.45	1621.31736948	-302.252668484	22.4241714877
35.5	1445.77190962	-299.774234029	19.9962313632
35.55	1456.53693814	-299.967050491	20.1451206863
35.6	1428.29047884	-299.536583855	19.7544485951
35.65	1476.12188839	-300.197342364	20.4159968831
35.7	1486.63084646	-300.321077694	20.5613445384
35.75	1472.74308174	-300.142999479	20.369265169
35.8	1504.22204285	-300.624481761	20.8046454564
35.85	1333.68517249	-298.204238344	18.4459783022
35.9	1408.9689052	-299.25402415	19.4872151164
35.95	1432.32516584	-299.592659784	19.8102516814
36.0	1500.69171035	-300.523404691	20.7558180134
36.05	1500.10085707	-300.505254589	20.7476460198
36.1	1536.80215255	-301.052288506	21.2552555472
36.15	1278.97306859	-297.428097868	17.6892642724
36.2	1552.7280508	-301.313062965	21.4755240031
36.25	1399.75972469	-299.137762627	19.359844469
36.3	1530.25281909	-300.977985981	21.1646728029
36.35	1626.1749595	-302.314338656	22.4913560091
36.4	1415.23420726	-299.371740692	19.5738694694
36.45	1475.07771234	-300.234253089	20.4015550574
36.5	1409.2659267	-299.31392341	19.4913231714
36.55	1433.35922019	-299.615829653	19.8245535155
36.6	1508.63439755	-300.672300299	20.8656720021
36.65	1572.58008912	-301.580563904	21.7500942507
36.7	1511.49628144	-300.705335152	20.9052542432
36.75	1462.90307929	-300.02417409	20.2331697281
36.8	1349.092121	-298.432881791	18.6590692503
36.85	1479.47197914	-300.278873055	20.4623314323
36.9	1609.03402809	-302.073889831	22.2542826312
36.95	1363.09244201	-298.628067836	18.8527053669
37.0	1500.4957278	-300.581362828	20.7531074113
37.05	1402.35056486	-299.185499118	19.3956779494
37.1	1558.95552875	-301.374543867	21.5616552171
37.15	1423.05579566	-299.457426488	19.6820485607
37.2	1532.49827825	-301.022544318	21.1957293759
37.25	1417.73640773	-299.421106178	19.608476989
37.3	1408.53671978	-299.264354734	19.4812376316
37.35	1567.48873621	-301.471690736	21.6796765935
37.4	1485.96076625	-300.337601963	20.5520767702
37.45	1387.56061231	-298.996018741	19.1911205701
37.5	1444.59530518	-299.758178894	19.9799579424
37.55	1501.90107828	-300.552366447	20.7725445806
37.6	1464.53009241	-300.060719093	20.2556726765
37.65	1488.3267959	-300.392326665	20.5848009335
37.7	1471.67150708	-300.135750817	20.3544443977
37.75	1490.87883369	-300.418449585	20.6200977447
37.8	1467.98857562	-300.118893983	20.3035063839
37.85	1518.03941996	-300.835589428	20.9957513062
37.9	1471.67232365	-300.191196495	20.3544556916
37.95	1494.99975545	-300.499001494	20.6770935297
38.0	1453.33658006	-299.86716288	20.1008570647
38.05	1495.02808394	-300.488269449	20.6774853364
38.1	1445.1565546	-299.769414624	19.9877204901
38.15	1450.5802825	-299.854427083	20.0627351706
38.2	1563.49908756	-301.449733539	21.6244964251
38.25	1315.24612294	-297.949545802	18.1909508678
38.3	1508.65219448	-300.687241219	20.8659181485
38.35	1533.41515498	-301.016233419	21.2084105458
38.4	1397.74904212	-299.128250882	19.3320350519
38.45	1416.78589007	-299.387902812	19.5953305369
38.5	1556.72024567	-301.327850654	21.5307393878
38.55	1455.9118769	-299.910351889	20.136475568
38.6	1424.59603203	-299.478882004	19.7033513143
38.65	1524.46988273	-300.927458982	21.0846899697
38.7	1472.21278611	-300.167246965	20.3619307382
38.75	1479.6208127	-300.258018299	20.4643899247
38.8	1481.58234913	-300.290628629	20.4915196095
38.85	1396.0805886	-299.12295851	19.3089589482
38.9	1480.83878562	-300.31142831	20.481235506
38.95	1478.668692	-300.228811852	20.4512213012
39.0	1420.3044293	-299.38912882	19.6439948692
39.05	1565.56465079	-301.494237393	21.6530648873
39.1	1350.36408964	-298.45722988	18.6766616375
39.15	1561.64816843	-301.430308982	21.5988966697
39.2	1492.73243852	-300.45066262	20.6457346456
39.25	1490.99428763	-300.468934504	20.621694569
39.3	1494.69533981	-300.519207497	20.6728832075
39.35	1494.67814921	-300.474174034	20.6726454472
39.4	1408.40058406	-299.258228831	19.479354761
39.45	1512.75932453	-300.750420419	20.9227231826
39.5	1530.29329614	-300.96889648	21.1652326343
39.55	1417.94033283	-299.38253877	19.6112974431
39.6	1503.35887648	-300.612188269	20.7927071456
39.65	1420.89682175	-299.465152801	19.6521881508
39.7	1451.37643628	-299.876238634	20.0737466414
39.75	1450.22988829	-299.832885674	20.0578889264
39.8	1554.46144878	-301.333422048	21.4994983428
39.85	1405.17631354	-299.216826708	19.4347604105
39.9	1445.60630301	-299.77513315	19.9939408856
39.95	1532.41944971	-301.010983045	21.1946391115
40.0	1384.98673461	-298.900273807	19.1555216947
40.05	1481.76360637	-300.332955136	20.4940265483
40.1	1478.74984562	-300.238480871	20.4523437236
40.15	1565.8658028	-301.419044023	21.6572300708
40.2	1501.3961028	-300.567825513	20.7655603485
40.25	1311.1456332	-297.881158302	18.1342376746
40.3	1487.76265933	-300.377241896	20.5769984544
40.35	1433.45820077	-299.63655945	19.8259224995
40.4	1411.92582088	-299.332182155	19.5281117264
40.45	1495.21782925	-300.480999926	20.6801096722
40.5	1494.7127991	-300.48693944	20.6731246841
40.55	1499.99464329	-300.570374403	20.7461769946
40.6	1453.55075839	-299.885381206	20.1038193297
40.65	1535.43915116	-301.036161403	21.2364041011
40.7	1441.43905878	-299.715374519	19.9363044222
40.75	1361.21883105	-298.56280046	18.8267917647
40.8	1484.67425606	-300.31687959	20.5342832612
40.85	1359.59470413	-298.580016002	18.8043287347
40.9	1580.89858168	-301.720190281	21.8651459409
40.95	1327.92041533	-298.141443489	18.3662469025
41.0	1582.23460265	-301.705006204	21.8836242252
41.05	1454.61784259	-299.87634014	20.1185779941
41.1	1535.4129618	-301.052582907	21.2360418804
41.15	1401.26686382	-299.172627093	19.3806894601
41.2	1363.32505586	-298.601746803	18.8559226106
41.25	1551.45139986	-301.242996164	21.4578668557
41.3	1513.75623325	-300.707875691	20.9365112617
41.35	1409.9642924	-299.291652476	19.5009821515
41.4	1271.81251209	-297.36018586	17.5902278037
41.45	1492.83557286	-300.430695728	20.6471610796
41.5	1520.83688028	-300.816579072	21.0344425158
41.55	1554.59408505	-301.295754111	21.5013328131
41.6	1326.40665348	-298.075322502	18.3453103137
41.65	1358.79470205	-298.598566404	18.7932640388
41.7	1415.94559217	-299.405821197	19.5837085161
41.75	1422.16146434	-299.42670194	19.6696792126
41.8	1623.56373914	-302.272848096	22.4552406537
41.85	1441.91782481	-299.703787518	19.9429261557
41.9	1567.77168234	-301.511674873	21.6835899745
41.95	1378.48551755	-298.819222809	19.0656044404
42.0	1512.09226024	-300.73346876	20.9134971271
42.05	1245.83854927	-296.994531173	17.2309862342
42.1	1516.79305081	-300.783453612	20.9785129815
42.15	1635.9581313	-302.473261309	22.6266654348
42.2	1458.73018562	-299.975705111	20.1754551282
42.25	1436.48885718	-299.672004639	19.8678390054
42.3	1482.42114783	-300.304037102	20.5031208952
42.35	1490.44344589	-300.397505155	20.6140759684
42.4	1457.01517058	-299.935086259	20.1517350398
42.45	1460.00601252	-299.979184194	20.1931008783
42.5	1413.27848081	-299.322743413	19.5468201415
42.55	1512.0582633	-300.710031659	20.913026921
42.6	1393.28664054	-299.095752758	19.2703163162
42.65	1461.39855198	-300.027851549	20.2123608606
42.7	1501.99505995	-300.534475107	20.7738444255
42.75	1398.39789503	-299.100823437	19.3410092289
42.8	1524.44146717	-300.925391894	21.0842969589
42.85	1439.75036859	-299.73653917	19.9129484284
42.9	1520.73422219	-300.838148694	21.0330226687
42.95	1548.96691635	-301.237819338	21.4235043766
43.0	1450.2871134	-299.861399003	20.0586803975
43.05	1575.45040389	-301.605059326	21.7897930979
43.1	1416.09126903	-299.378901411	19.5857233485
43.15	1402.61981652	-299.183017111	19.3994019244
43.2	1481.27833877	-300.330098079	20.4873148927
43.25	1448.79576857	-299.849539636	20.0380538545
43.3	1596.0342991	-301.913330044	22.0744855368
43.35	1376.89915176	-298.830051717	19.0436636783
43.4	1509.2111376	-300.682220335	20.873648798
43.45	1358.58870529	-298.567753689	18.7904149318
43.5	1610.64645562	-302.115549851	22.2765838488
43.55	1285.51436389	-297.503040185	17.7797358422
43.6	1619.64355682	-302.250093361	22.4010212624
43.65	1515.25170552	-300.756314128	20.9571948905
43.7	1321.20902476	-298.053017969	18.2734227734
43.75	1449.71391297	-299.83899742	20.0507525573
43.8	1516.8872847	-300.778780116	20.9798163147
43.85	1525.86636222	-300.91850558	21.1040044458
43.9	1510.95197341	-300.687343078	20.8977260092
43.95	1537.9313997	-301.097403766	21.2708739771
44.0	1366.3811393	-298.702608651	18.8981907934
44.05	1397.98978649	-299.167157512	19.3353647474
44.1	1638.62687785	-302.498627823	22.6635764255
44.15	1351.31529087	-298.456290782	18.6898175439
44.2	1501.09799439	-300.560132595	20.7614372606
44.25	1446.36913263	-299.779973843	20.0044914556
44.3	1416.42547829	-299.362520407	19.5903457413
44.35	1474.966158	-300.175575756	20.4000121679
44.4	1544.55554899	-301.165308921	21.3624914867
44.45	1390.47163601	-299.038260532	19.2313824558
44.5	1537.07690147	-301.095912269	21.2590555539
44.55	1467.3875736	-300.080269212	20.2951940248
44.6	1500.06004636	-300.569821449	20.7470815736
44.65	1260.99243142	-297.169447374	17.4405770634
44.7	1600.99993714	-301.975175968	22.1431644525
44.75	1515.2961604	-300.744741256	20.9578097385
44.8	1504.34244208	-300.598235161	20.8063106782
44.85	1370.9192127	-298.76143307	18.9609561335
44.9	1393.08873602	-299.060342028	19.2675791317
44.95	1606.9027104	-302.046882736	22.22480473
45.0	1453.67900403	-299.865868076	20.1055930739
45.05	1482.21409127	-300.325503985	20.5002571302
45.1	1384.62566468	-298.93257537	19.1505277964
45.15	1479.21106375	-300.265606253	20.4587227549
45.2	1601.20496878	-301.964136183	22.1460002111
45.25	1508.01252514	-300.65052628	20.8570709879
45.3	1280.63153043	-297.464187863	17.7122021828
45.35	1505.91778429	-300.639839312	20.8280989748
45.4	1480.03582023	-300.272107018	20.4701298249
45.45	1507.30395547	-300.66459473	20.8472708784
45.5	1422.5103278	-299.451622499	19.6745042852
45.55	1451.96460316	-299.854371111	20.0818814799
45.6	1287.83325882	-297.573416559	17.8118080931
45.65	1519.16301644	-300.795541683	21.0112915827
45.7	1494.19439327	-300.436555923	20.6659546991
45.75	1506.30771103	-300.665725895	20.8334919869
45.8	1343.16923377	-298.344072834	18.57715078
45.85	1436.25225395	-299.633637775	19.8645665853
45.9	1647.95298579	-302.643670113	22.7925642768
45.95	1386.12362212	-298.978599274	19.1712457971
46.0	1433.37193242	-299.598161901	19.8247293363
46.05	1573.45944423	-301.55120933	21.7622564653
46.1	1324.85418611	-298.096317013	18.323838395
46.15	1360.16835606	-298.605948391	18.8122628194
46.2	1395.4363595	-299.082881481	19.3000487225
46.25	1482.73086684	-300.275672374	20.5074045674
46.3	1557.52730272	-301.310016161	21.54190166
46.35	1458.5648743	-299.949221801	20.1731687348
46.4	1429.97443402	-299.608286008	19.7777390997
46.45	1484.21108992	-300.330218437	20.5278772871
46.5	1567.12404306	-301.442375459	21.674632583
46.55	1438.68292797	-299.685928675	19.8981848344
46.6	1282.99712818	-297.509829458	17.7449203728
46.65	1491.57652312	-300.422672935	20.6297473715
46.7	1559.26156243	-301.396561649	21.5658879182
46.75	1394.63695646	-299.078703325	19.2889923116
46.8	1473.58109946	-300.155048373	20.3808556531
46.85	1597.60244509	-301.906262099	22.0961743038
46.9	1424.3187358	-299.480439445	19.6995160762
46.95	1424.89195949	-299.450450058	19.707444238
47.0	1549.92546725	-301.273955696	21.4367619351
47.05	1319.23974989	-298.03681839	18.2461860594
47.1	1480.2202563	-300.304680524	20.4726807296
47.15	1567.28176459	-301.484340178	21.6768140034
47.2	1515.81106619	-300.746502296	20.964931315
47.25	1432.0024519	-299.607760798	19.8057882784
47.3	1325.5244531	-298.080726658	18.3331087466
47.35	1547.26681399	-301.193464745	21.399990543
47.4	1386.90472819	-298.951630991	19.1820491455
47.45	1400.90341463	-299.175924789	19.3756626548
47.5	1359.29206635	-298.582095675	18.8001430019
47.55	1423.74010474	-299.478301565	19.691513126
47.6	1521.56967124	-300.817500616	21.0445776258
47.65	1541.07873632	-301.124161794	21.3144042677
47.7	1449.30241287	-299.852150321	20.0450611678
47.75	1357.60326576	-298.548318711	18.7767854812
47.8	1419.31214396	-299.404675441	19.6302707353
47.85	1541.05287299	-301.13015559	21.3140465562
47.9	1446.67531476	-299.809142606	20.0087262098
47.95	1479.24208444	-300.261792022	20.4591517969
48.0	1362.79635432	-298.60978782	18.8486102272
48.05	1504.25160893	-300.624481699	20.8050543799
48.1	1484.15675879	-300.330388165	20.5271258424
48.15	1511.8888883	-300.690536413	20.9106843235
48.2	1461.43282021	-299.972945067	20.2128348187
48.25	1371.9133598	-298.732333025	18.9747060171
48.3	1484.72455256	-300.338693181	20.5349789038
48.35	1462.75102203	-300.015546351	20.2310666493
48.4	1560.64535899	-301.396273325	21.5850269788
48.45	1367.22538063	-298.688949274	18.9098673552
48.5	1456.8432353	-299.954879214	20.1493570315
48.55	1412.59701292	-299.315597173	19.5373948722
48.6	1582.42578036	-301.734815845	21.8862683724
48.65	1421.38349284	-299.451598562	19.6589192179
48.7	1392.64221828	-299.011781386	19.2614034189
48.75	1468.30048339	-300.106435424	20.3078203285
48.8	1528.79104909	-300.955887795	21.1444553047
48.85	1464.99041069	-300.035485692	20.2620392623
48.9	1438.77745903	-299.690248014	19.8994922778
48.95	1466.77874402	-300.078403345	20.2867734038
49.0	1518.95237395	-300.788489715	21.0083782214
49.05	1385.04612753	-298.901560651	19.1563431482
49.1	1467.30821072	-300.109625318	20.2940963699
49.15	1457.22262723	-299.981965705	20.1546043383
49.2	1414.95503848	-299.35286031	19.5700083324
49.25	1470.35450784	-300.128286302	20.3362291998
49.3	1461.73143084	-299.989914767	20.2169648529
49.35	1511.96318764	-300.744152773	20.9117119453
49.4	1464.72818586	-300.065856123	20.2584124742
49.45	1547.86567917	-301.195072483	21.4082733479
49.5	1435.33432624	-299.649148457	19.8518708795
49.55	1430.68270222	-299.599262241	19.7875350397
49.6	1339.08174915	-298.279042315	18.5206174585
49.65	1568.72969249	-301.529459348	21.6968400539
49.7	1311.1822343	-297.895303241	18.1347438983
49.75	1428.48754422	-299.524418781	19.7571741736
49.8	1597.93819604	-301.921513521	22.1008180194
49.85	1522.69769643	-300.876625875	21.0601791552
49.9	1345.26623668	-298.338817794	18.6061540792
49.95	1547.99936658	-301.219825872	21.4101223563
50.0	1363.74200371	-298.632053575	18.861689347
50.05	1483.7141503	-300.328859949	20.5210041977
50.1	1476.26665357	-300.200415601	20.4179991063
50.15	1560.32442387	-301.383214431	21.5805881783
50.2	1413.88740082	-299.366945209	19.5552420131
50.25	1522.13676082	-300.893958543	21.0524209479
50.3	1494.68427914	-300.493275194	20.6727302293
50.35	1300.58302826	-297.752366434	17.9881480385
50.4	1563.32534795	-301.443224379	21.6220934613
50.45	1523.78260215	-300.882832031	21.0751843062
50.5	1388.69006623	-299.004974284	19.2067418597
50.55	1499.73679815	-300.565005318	20.7426107813
50.6	1500.50918048	-300.500239618	20.7532934731
50.65	1512.21423424	-300.702743917	20.9151841292
50.7	1301.7613406	-297.788609146	18.0044450809
50.75	1417.88001754	-299.395184941	19.6104632324
50.8	1486.51844955	-300.338842345	20.5597899953
50.85	1529.18867623	-300.974173751	21.1499548196
50.9	1559.10904619	-301.346776727	21.5637784914
50.95	1462.24516908	-299.976970252	20.2240702812
51.0	1425.02239198	-299.488582569	19.709248228
51.05	1367.63765209	-298.720587687	18.9155694133
51.1	1434.80856807	-299.630036405	19.8445992056
51.15	1598.17179979	-301.878606362	22.1040489542
51.2	1470.75164784	-300.116147291	20.3417219772
51.25	1462.17291322	-300.025258077	20.2230709223
51.3	1438.37838508	-299.722581686	19.8939727522
51.35	1508.99651417	-300.702778522	20.8706803769
51.4	1474.59088704	-300.160278716	20.3948218576
51.45	1352.05396546	-298.437060821	18.7000340295
51.5	1469.07194518	-300.091839825	20.3184902886
51.55	1591.11281015	-301.840153428	22.0064172398
51.6	1338.64672221	-298.284052299	18.5146006731
51.65	1533.26832579	-301.014662029	21.2063797757
51.7	1444.96944736	-299.7715672	19.9851326409
51.75	1399.4997492	-299.121655509	19.3562487911
51.8	1547.55594148	-301.232031766	21.4039894173
51.85	1528.52032129	-300.947523552	21.1407109133
51.9	1521.95229644	-300.847905491	21.0498696516
51.95	1316.44645729	-297.956127712	18.207552493
52.0	1571.0935369	-301.555409498	21.7295339936
52.05	1493.10263935	-300.420234382	20.6508548318
52.1	1380.00961471	-298.856111692	19.0866839752
52.15	1458.04201953	-299.964827059	20.1659372172
52.2	1431.45198499	-299.580364101	19.7981748619
52.25	1636.30396289	-302.461743445	22.6314485741
52.3	1447.27039152	-299.803441836	20.0169566177
52.35	1427.94992187	-299.564306396	19.7497384081
52.4	1396.98088732	-299.111256787	19.3214108304
52.45	1423.58349502	-299.479817255	19.6893470829
52.5	1263.91003472	-297.236994199	17.4809299506
52.55	1546.93259099	-301.19998128	21.3953679601
52.6	1584.51437202	-301.71077245	21.9151553371
52.65	1479.66938484	-300.257249524	20.4650617178
52.7	1451.11678685	-299.877100691	20.0701554733
52.75	1521.77260698	-300.846338191	21.0473843965
52.8	1514.66040791	-300.758334615	20.9490167513
52.85	1333.74743845	-298.228428915	18.4468394924
52.9	1373.17622439	-298.767687956	18.9921724878
52.95	1506.60855699	-300.622249705	20.8376529374
53.0	1550.02911545	-301.229499231	21.438195476
53.05	1385.31440521	-298.922707683	19.1600536524
53.1	1412.94579997	-299.296769191	19.5422188879
53.15	1580.98933004	-301.695736988	21.8664010664
53.2	1527.19361416	-300.940079934	21.1223614471
53.25	1251.78433509	-297.081428455	17.3132214111
53.3	1365.90529875	-298.661910981	18.8916095217
53.35	1531.84797368	-300.992874917	21.1867351213
53.4	1550.72512175	-301.266307777	21.4478218237
53.45	1491.98198316	-300.408825495	20.635355222
53.5	1405.26962055	-299.214841262	19.4360509243
53.55	1340.33889123	-298.326389219	18.5380047819
53.6	1610.66969535	-302.077462297	22.2769052737
53.65	1363.27463291	-298.607842481	18.8552252191
53.7	1499.13219838	-300.565233332	20.7342486621
53.75	1503.79935546	-300.575065308	20.7987993373
53.8	1434.97108808	-299.65845972	19.8468469928
53.85	1453.92378309	-299.914138569	20.1089785725
53.9	1521.10554906	-300.848167209	21.0381584291
53.95	1481.64632975	-300.318276698	20.4924045148
54.0	1412.48013625	-299.317700612	19.5357783704
54.05	1583.15610935	-301.70276471	21.8963694314
54.1	1608.4143924	-302.068799109	22.2457125528
54.15	1286.06305002	-297.518814909	17.787324629
54.2	1386.03175147	-298.964050678	19.1699751495
54.25	1469.89735166	-300.123940431	20.3299063486
54.3	1499.52778893	-300.527821928	20.7397200095
54.35	1446.11032455	-299.783848855	20.000911924
54.4	1408.17349726	-299.237160929	19.4762139611
54.45	1437.82200994	-299.647444263	19.8862776201
54.5	1517.04265586	-300.77613762	20.9819652274
54.55	1436.32995867	-299.659148693	19.8656413065
54.6	1363.41177123	-298.613845138	18.8571219564
54.65	1375.60833927	-298.781109246	19.0258106649
54.7	1576.76154631	-301.60814161	21.8079272912
54.75	1593.06580081	-301.862911805	22.0334287296
54.8	1400.3853952	-299.184033738	19.368498014
54.85	1305.05645877	-297.773137031	18.0500193135
54.9	1563.62613394	-301.427294445	21.6262535825
54.95	1423.6479438	-299.465088324	19.6902384633
55.0	1441.86425074	-299.739984279	19.9421851817
55.05	1436.60879646	-299.671675409	19.8694978657
55.1	1562.83584515	-301.456004618	21.6153232293
55.15	1523.94696325	-300.932119938	21.0774575573
55.2	1459.63225563	-300.003229317	20.1879315088
55.25	1535.93144453	-301.038641001	21.243212929
55.3	1469.21870716	-300.129484683	20.3205201291
55.35	1404.03458355	-299.240252587	19.4189693324
55.4	1485.50225863	-300.350769805	20.5457352272
55.45	1497.99509068	-300.519532544	20.7185215142
55.5	1495.07604925	-300.485580768	20.6781487367
55.55	1546.80165468	-301.206098237	21.3935570018
55.6	1324.32803241	-298.062368987	18.3165612505
55.65	1563.97066548	-301.500433415	21.6310187411
55.7	1468.14465504	-300.193782795	20.3056650925
55.75	1458.49149993	-299.971180796	20.1721539061
55.8	1515.67294573	-300.711507389	20.9630209939
55.85	1569.95444519	-301.562439497	21.7137794052
55.9	1464.11687134	-300.037117278	20.2499574845
55.95	1438.00763507	-299.650515811	19.8888449704
56.0	1470.27402504	-300.120486313	20.3351160555
56.05	1342.65594272	-298.362625613	18.5700515365
56.1	1430.00492157	-299.582844669	19.7781607679
56.15	1435.61845905	-299.605606047	19.8558006734
56.2	1579.11440203	-301.634282429	21.8404692483
56.25	1425.6170719	-299.490212402	19.7174731473
56.3	1603.56695826	-302.026787429	22.1786684957
56.35	1399.4724501	-299.123172688	19.3558712217
56.4	1453.07408823	-299.873789301	20.0972265838
56.45	1245.12171214	-296.968266649	17.2210717787
56.5	1410.64757571	-299.316197183	19.5104325296
56.55	1441.77810047	-299.714050361	19.9409936517
56.6	1530.84570634	-300.952469713	21.1728729281
56.65	1395.99623331	-299.088683202	19.3077922442
56.7	1576.96751835	-301.639561909	21.8107760563
56.75	1364.0295583	-298.592076198	18.8656664668
56.8	1476.29209411	-300.244150559	20.4183509702
56.85	1430.56536356	-299.594312108	19.7859121481
56.9	1601.08317736	-301.992352549	22.1443157341
56.95	1416.61787511	-299.405686468	19.5930067499
57.0	1645.37014243	-302.582532146	22.7568413989
57.05	1450.12118298	-299.823761336	20.0563854414
57.1	1407.51776355	-299.242430151	19.467144617
57.15	1302.14847799	-297.761978005	18.0097995139
57.2	1450.35620123	-299.874098499	20.0596359398
57.25	1526.50625874	-300.911746327	21.1128547485
57.3	1612.23858873	-302.123309774	22.2986043776
57.35	1444.31213478	-299.749971881	19.9760414597
57.4	1500.81072275	-300.56197153	20.7574640541
57.45	1333.78665001	-298.210669352	18.4473818209
57.5	1492.08361337	-300.44700432	20.6367608526
57.55	1490.3550577	-300.425782187	20.6128534859
57.6	1370.99823549	-298.739050248	18.9620490847
57.65	1528.33410691	-300.983126977	21.1381354132
57.7	1373.79702291	-298.788905578	19.0007586489
57.75	1539.98242719	-301.081229288	21.299241398
57.8	1603.76164759	-301.995434648	22.1813612115
57.85	1332.24357723	-298.177418065	18.4260398374
57.9	1486.66643188	-300.37407579	20.5618367143
57.95	1389.99523221	-299.008094218	19.2247933938
58.0	1438.62422839	-299.668131575	19.8973729702
58.05	1451.89811754	-299.861818498	20.0809619284
58.1	1366.74156854	-298.667852664	18.9031758305
58.15	1553.98492947	-301.32603659	21.4929076833
58.2	1507.0107942	-300.650177743	20.8432162135
58.25	1563.28704323	-301.422882548	21.6215636751
58.3	1231.05195065	-296.753421654	17.0264752425
58.35	1609.43327457	-302.103941275	22.2598045431
58.4	1415.94019958	-299.381681849	19.5836339321
58.45	1441.6819698	-299.761817365	19.9396640843
58.5	1383.21264154	-298.923596495	19.1309845078
58.55	1418.70176077	-299.420550838	19.6218286266
58.6	1619.48684052	-302.216914185	22.3988537454
58.65	1524.88150181	-300.884062078	21.090383005
58.7	1343.1837578	-298.369326958	18.5773516594
58.75	1460.69963925	-299.997063653	20.2026943145
58.8	1519.7250582	-300.775308978	21.0190650891
58.85	1398.67386721	-299.135610147	19.3448261544
58.9	1341.40248745	-298.320503014	18.5527152048
58.95	1480.52296935	-300.239516537	20.4768675036
59.0	1517.28894705	-300.776605015	20.98537164
59.05	1363.88764302	-298.604240928	18.8637036601
59.1	1582.98367457	-301.706771244	21.8939845146
59.15	1434.73086207	-299.656985742	19.8435244667
59.2	1486.14420268	-300.393735379	20.554613849
59.25	1333.63923122	-298.215056392	18.4453428961
59.3	1527.53970023	-300.945010001	21.1271481062
59.35	1516.15166276	-300.772385336	20.9696420497
59.4	1511.50514709	-300.702738127	20.9053768626
59.45	1474.93830207	-300.186632899	20.3996268972
59.5	1297.58210156	-297.722427715	17.9466427193
59.55	1464.37531071	-300.07860523	20.2535319166
59.6	1623.57045789	-302.288756851	22.4553335795
59.65	1378.53196118	-298.847951548	19.0662467945
59.7	1449.43723134	-299.831946444	20.0469258197
59.75	1450.64655522	-299.811328035	20.0636517776
59.8	1523.6319774	-300.846947814	21.0731010401
59.85	1406.79864333	-299.252802573	19.4571985845
59.9	1503.49207229	-300.601502561	20.7945493547
59.95	1459.4159791	-299.960968405	20.184940224
60.0	1514.19715547	-300.782854375	20.9426095838
60.05	1451.0810723	-299.873645274	20.0696615112
60.1	1389.64839664	-298.979461071	19.2199963687
60.15	1560.52724321	-301.422067589	21.583393339
60.2	1488.60739089	-300.394660827	20.5886817963
60.25	1465.02329717	-300.051595321	20.2624941098
60.3	1364.42582436	-298.639597138	18.871147157
60.35	1443.99902132	-299.734983035	19.9717108394
60.4	1497.47333309	-300.520267246	20.7113051717
60.45	1333.69038019	-298.185487995	18.446050329
60.5	1524.02218297	-300.888349313	21.0784979086
60.55	1616.1122625	-302.200850301	22.3521805168
60.6	1490.61454485	-300.429198239	20.6164424097
60.65	1389.74167536	-299.010383111	19.2212864911
60.7	1560.66110569	-301.389224764	21.5852447688
60.75	1386.45276431	-298.948096961	19.1757981082
60.8	1420.98838413	-299.425634792	19.6534545348
60.85	1433.61639238	-299.591093652	19.8281104214
60.9	1536.67503682	-301.078772811	21.2534974306
60.95	1469.06865062	-300.151572684	20.318444722
61.0	1393.20173067	-299.062682289	19.2691419419
61.05	1523.00857803	-300.885778782	21.0644789069
61.1	1444.03925059	-299.762002564	19.9722672437
61.15	1453.6464763	-299.91803222	20.1051431882
61.2	1460.40961271	-300.012425378	20.1986830057
61.25	1542.93953917	-301.166070826	21.340140723
61.3	1454.35337115	-299.869484288	20.1149201336
61.35	1413.01070209	-299.299887043	19.5431165384
61.4	1372.62686091	-298.778796326	18.9845743325
61.45	1618.29368973	-302.236941326	22.3823514747
61.5	1480.04678954	-300.268887095	20.4702815397
61.55	1502.35071724	-300.565198512	20.7787634624
61.6	1350.63967895	-298.431397178	18.6804732675
61.65	1497.57087672	-300.533331214	20.7126542813
61.7	1505.23380124	-300.651930221	20.8186389188
61.75	1495.3902848	-300.509547553	20.6824948764
61.8	1435.63900692	-299.659771728	19.8560848675
61.85	1556.20554352	-301.359109305	21.5236206277
61.9	1556.97084091	-301.350613952	21.534205329
61.95	1500.37523889	-300.574635356	20.7514409491
62.0	1274.41481211	-297.376657563	17.6262197835
