# 	 t 	 T	E	K
2.05	2283.14078121	-273.819820545	31.5777412689
2.1	2340.10276065	-274.554573065	32.365572954
2.15	2438.76502897	-275.972235701	33.7301544146
2.2	2382.30438929	-275.182321571	32.9492566766
2.25	2251.47785319	-273.407606338	31.1398165658
2.3	2633.7596024	-278.715288308	36.4270920013
2.35	2472.36779867	-276.501966273	34.1949087462
2.4	2315.19105195	-274.239433011	32.0210232449
2.45	2475.59777482	-276.592022767	34.2395820103
2.5	2444.17893153	-276.096742762	33.8050332025
2.55	2453.99186743	-276.156733092	33.9407542906
2.6	2472.92568967	-276.421737237	34.2026248439
2.65	2086.11334861	-271.02597661	28.8526875444
2.7	2422.3637814	-275.742363714	33.5033114812
2.75	2263.2936547	-273.465673559	31.3032389557
2.8	2238.41309866	-273.052730616	30.9591201139
2.85	2202.10301969	-272.609787193	30.4569214372
2.9	2285.34832001	-273.830207757	31.6082733718
2.95	2337.23214641	-274.626021582	32.3258699648
3.0	2477.53563386	-276.57288618	34.2663842171
3.05	2098.76588227	-271.162722071	29.0276826378
3.1	2404.3182059	-275.602610745	33.253726121
3.15	2498.24351784	-276.881406377	34.5527915241
3.2	2501.84963654	-276.828951032	34.6026671533
3.25	2537.9674845	-277.341415483	35.1022071149
3.3	2304.24396264	-274.045828823	31.8696158694
3.35	2308.2803492	-274.206408353	31.925442462
3.4	2437.76396832	-275.972194009	33.7163089109
3.45	2183.99728885	-272.374542751	30.2065040785
3.5	2409.46212458	-275.61702119	33.3248708067
3.55	2358.10574489	-274.939081981	32.6145692415
3.6	2425.53456916	-275.844026169	33.5471661205
3.65	2356.12288705	-274.882527358	32.5871446638
3.7	2160.01746296	-272.059417037	29.8748430859
3.75	2449.45643708	-276.177758242	33.8780255061
3.8	2471.90978357	-276.542330423	34.1885740153
3.85	2610.47025873	-278.427704812	36.1049809538
3.9	2266.37777593	-273.638861141	31.3458949247
3.95	2455.09770529	-276.266663985	33.9560489505
4.0	2500.3127595	-276.809874947	34.5814108621
4.05	2229.58476851	-272.934649062	30.8370169446
4.1	2273.78081481	-273.654747782	31.448285127
4.15	2527.33459412	-277.214114533	34.9551453726
4.2	2307.526597	-274.141143428	31.9150174404
4.25	2391.19236012	-275.40404053	33.0721847262
4.3	2335.94144249	-274.561629842	32.3080184531
4.35	2144.0864103	-271.951960727	29.6545033403
4.4	2485.79541168	-276.686231889	34.3806238334
4.45	2324.48693014	-274.452743925	32.1495929936
4.5	2201.41279153	-272.622493641	30.447375006
4.55	2510.48795014	-277.049071189	34.7221422353
4.6	2621.77768374	-278.642198305	36.2613720727
4.65	2436.84498407	-275.92517723	33.7035985922
4.7	2412.64721202	-275.561269922	33.3689232225
4.75	2499.94925456	-276.778977188	34.5763832855
4.8	2396.106076	-275.381878215	33.1401455151
4.85	2145.3373117	-271.901195598	29.67180435
4.9	2442.37702021	-276.12522984	33.7801112661
4.95	2272.68048009	-273.718085433	31.43306658
5.0	2414.01839237	-275.629727949	33.3878877903
5.05	2270.51528787	-273.585697785	31.4031201656
5.1	2327.92172377	-274.4489949	32.1970990543
5.15	2587.06579846	-277.978887341	35.7812777476
5.2	2392.51986227	-275.20477102	33.0905451882
5.25	2554.5414359	-277.564307242	35.3314386864
5.3	2238.64227363	-273.136987159	30.9622897949
5.35	2314.5723854	-274.286791645	32.0124665706
5.4	2458.51427227	-276.332411804	34.0033029215
5.45	2431.82616312	-276.032561537	33.6341841126
5.5	2362.81307188	-274.978594671	32.6796754999
5.55	2361.58784323	-274.902093535	32.6627295658
5.6	2539.49266964	-277.41005717	35.1233016974
5.65	2502.34523098	-276.886621	34.6095216377
5.7	2299.68098655	-274.059821367	31.8065061043
5.75	2371.6375865	-274.932249814	32.8017258972
5.8	2260.1283692	-273.443781808	31.2594604172
5.85	2283.98246518	-273.840118688	31.5893824603
5.9	2276.38733301	-273.756746386	31.4843354476
5.95	2355.20083311	-274.773170004	32.5743918887
6.0	2355.88215632	-274.778192511	32.583815157
6.05	2242.05408159	-273.237262931	31.0094779446
6.1	2523.18575405	-277.236427769	34.897763454
6.15	2398.71348315	-275.499596148	33.1762081307
6.2	2200.83066776	-272.639737379	30.4393237487
6.25	2245.422272	-273.308010833	31.0560628272
6.3	2487.53894042	-276.660162375	34.4047382901
6.35	2221.45794389	-272.922933047	30.7246161819
6.4	2422.65578192	-275.822827083	33.5073500919
6.45	2308.52773599	-274.297583793	31.9288640276
6.5	2228.5002772	-273.129385245	30.8220175252
6.55	2298.27452528	-273.96755663	31.7870535718
6.6	2409.64302258	-275.659535768	33.3273727768
6.65	2503.99146457	-276.977418721	34.6322904213
6.7	2475.66780256	-276.571195112	34.2405505523
6.75	2615.52879767	-278.495825237	36.1749447665
6.8	2362.3078635	-275.03118831	32.6726880467
6.85	2127.9051861	-271.638883478	29.4307035136
6.9	2249.13886152	-273.397374777	31.1074663601
6.95	2581.45946435	-278.072655041	35.703737471
7.0	2613.03525808	-278.408690741	36.1404570341
7.05	2321.1792937	-274.314177963	32.1038456228
7.1	2332.24210327	-274.527238951	32.2568535062
7.15	2177.39152628	-272.374000266	30.1151408725
7.2	2544.91573589	-277.596518734	35.1983072268
7.25	2287.73571452	-273.853351501	31.641293029
7.3	2261.88136277	-273.633437042	31.2837057804
7.35	2232.22672455	-273.171199581	30.8735574003
7.4	2605.37224132	-278.376044619	36.034471121
7.45	2296.69794191	-274.037306983	31.7652481088
7.5	2379.91733289	-275.19331882	32.9162416956
7.55	2212.26846016	-272.867768751	30.5975179574
7.6	2033.07427544	-270.300764763	28.119112925
7.65	2433.40313439	-275.916555673	33.6559949405
7.7	2190.46701816	-272.449061944	30.295985831
7.75	2188.42112662	-272.401155914	30.2676894446
7.8	2605.94811425	-278.290078939	36.0424359239
7.85	2477.73103931	-276.471972023	34.2690868374
7.9	2397.54519346	-275.409090096	33.1600497099
7.95	2233.69107783	-273.224218983	30.8938106274
8.0	2401.54094005	-275.544468339	33.2153142179
8.05	2457.82396001	-276.257550864	33.9937553271
8.1	2407.4272207	-275.62674	33.2967263888
8.15	2483.56514271	-276.685973205	34.3497773533
8.2	2379.90549739	-275.142498118	32.9160780008
8.25	2421.74487826	-275.68369363	33.4947515346
8.3	2394.42838778	-275.376136977	33.1169416878
8.35	2482.32364585	-276.650474796	34.3326064164
8.4	2478.19320059	-276.530047561	34.2754789133
8.45	2341.21351306	-274.629057466	32.3809355863
8.5	2275.48330566	-273.709255032	31.4718319953
8.55	2228.99264016	-273.098322051	30.8288273156
8.6	2237.81937979	-273.178258104	30.9509084868
8.65	2542.18566777	-277.487026153	35.1605481077
8.7	2375.19944864	-275.091195259	32.8509894215
8.75	2319.23165437	-274.363169819	32.0769081465
8.8	2334.87394125	-274.539009888	32.2932540205
8.85	2226.02825056	-273.014542448	30.787827335
8.9	2417.50214221	-275.692757792	33.4360709563
8.95	2359.83692925	-274.791390809	32.6385129651
9.0	2366.22236823	-274.834822094	32.7268289121
9.05	2543.76581325	-277.469211715	35.1824028376
9.1	2250.0324577	-273.408384766	31.1198255407
9.15	2361.65909425	-274.91908136	32.6637150269
9.2	2350.69818839	-274.789280188	32.5121165568
9.25	2212.39585103	-272.809613743	30.5992798794
9.3	2442.16951559	-276.18576228	33.7772413041
9.35	2191.90421309	-272.51271102	30.3158634355
9.4	2376.82288234	-275.127121453	32.8734428636
9.45	2412.75778335	-275.645790729	33.3704525162
9.5	2316.74738192	-274.249515317	32.0425485865
9.55	2669.13529673	-279.252407963	36.9163673592
9.6	2381.7650611	-275.303877654	32.9417973179
9.65	2296.08554767	-274.059544886	31.7567781858
9.7	2537.17669881	-277.353475551	35.0912698893
9.75	2425.20789889	-275.746900639	33.5426479983
9.8	2314.79677605	-274.209746836	32.0155700804
9.85	2297.73618357	-274.044640411	31.7796078569
9.9	2491.54418589	-276.728019747	34.4601341755
9.95	2402.0998162	-275.521161961	33.2230439412
10.0	2315.6613982	-274.239819568	32.0275285259
10.05	2270.6628002	-273.702823693	31.4051603842
10.1	2622.25461187	-278.609565429	36.2679683865
10.15	2361.32687634	-274.877235397	32.6591201761
10.2	2492.86467266	-276.73228801	34.4783976089
10.25	2324.78913314	-274.386549494	32.1537727131
10.3	2431.54558294	-275.840341872	33.6303034547
10.35	2292.54494504	-273.90085882	31.7078086982
10.4	2661.5259396	-279.143078266	36.8111236034
10.45	2513.17611834	-276.997399365	34.7593218435
10.5	2369.74039942	-274.950329114	32.7754862176
10.55	2471.56136998	-276.394983167	34.1837551647
10.6	2282.72843193	-273.849463202	31.5720381344
10.65	2593.52674188	-278.156103481	35.870637984
10.7	2315.40725698	-274.313317406	32.0240135409
10.75	2268.3603181	-273.604481293	31.3733151364
10.8	2498.87758929	-276.952583066	34.5615612611
10.85	2155.74547205	-272.057488917	29.8157578886
10.9	2303.00947515	-274.08702292	31.8525418777
10.95	2420.78785649	-275.695220726	33.4815151252
11.0	2383.4875132	-275.244395301	32.9656202671
11.05	2266.34170028	-273.553664389	31.3453959684
11.1	2121.53777461	-271.516643632	29.3426369018
11.15	2453.54093859	-276.252803164	33.9345175686
11.2	2326.99158343	-274.455332312	32.1842344376
11.25	2463.1415184	-276.362884356	34.0673015948
11.3	2460.95640093	-276.392321816	34.0370795976
11.35	2316.95935479	-274.233305477	32.0454803481
11.4	2265.52411152	-273.50631862	31.3340880339
11.45	2461.31526662	-276.343772242	34.0420430095
11.5	2335.02429189	-274.56256913	32.2953334953
11.55	2446.81837614	-276.184389835	33.8415389229
11.6	2281.7519714	-273.727332134	31.5585328708
11.65	2564.983034	-277.807343212	35.4758546969
11.7	2333.77475961	-274.545244031	32.2780514218
11.75	2313.6025768	-274.186706939	31.9990533088
11.8	2410.53543561	-275.621090011	33.3397155934
11.85	2201.11121597	-272.638362388	30.4432039645
11.9	2088.12637265	-270.933844029	28.8805293459
11.95	2235.13741071	-273.159668532	30.9138146175
12.0	2298.61331944	-273.984758609	31.7917393776
12.05	2595.17310313	-278.210777154	35.8934085331
12.1	2495.33979409	-276.800821564	34.5126306026
12.15	2318.45409498	-274.374384485	32.0661538516
12.2	2516.14639728	-277.094131367	34.8004032786
12.25	2520.98578643	-277.125126664	34.8673360669
12.3	2493.95695889	-276.761621896	34.4935048386
12.35	2534.15680075	-277.310290398	35.0495021803
12.4	2438.30930622	-275.944747396	33.7238513889
12.45	2219.34388093	-272.923840046	30.6953769279
12.5	2578.30167282	-278.058741583	35.6600625803
12.55	2471.57528907	-276.451196325	34.1839476774
12.6	2331.73705077	-274.40585755	32.2498682089
12.65	2270.483903	-273.625707492	31.4026860867
12.7	2343.91577302	-274.616628121	32.4183100954
12.75	2264.3348347	-273.43809967	31.3176393435
12.8	2216.95549742	-272.752904665	30.6623435919
12.85	2312.44408349	-274.182173934	31.98303038
12.9	2472.33622272	-276.459469357	34.1944720244
12.95	2512.44264514	-276.992800148	34.7491772975
13.0	2523.01841006	-277.189942292	34.895448947
13.05	2314.90501015	-274.282680952	32.0170670483
13.1	2349.7958542	-274.739584388	32.4996365223
13.15	2236.66489082	-273.20480985	30.9349409414
13.2	2514.46337954	-277.171811204	34.7771257396
13.25	2317.74706696	-274.348849438	32.0563750643
13.3	2354.63624645	-274.797984856	32.5665831844
13.35	2428.23574755	-275.897389552	33.5845256705
13.4	2471.41376134	-276.567721181	34.1817136142
13.45	2332.82284557	-274.604389314	32.2648856566
13.5	2435.81175443	-275.984769651	33.6893081646
13.55	2512.45854285	-276.958915974	34.749397176
13.6	2562.7453796	-277.737812893	35.4449060703
13.65	2199.25501451	-272.60380119	30.4175311502
13.7	2300.85616649	-273.997027991	31.822759823
13.75	2583.88043157	-278.103491666	35.7372214668
13.8	2579.33358973	-278.084633464	35.6743348518
13.85	2227.79238626	-273.144988766	30.8122268032
13.9	2339.19297969	-274.6339751	32.3529899246
13.95	2162.67680268	-272.150713538	29.9116239722
14.0	2301.34812315	-274.156887473	31.8295639939
14.05	2503.98465198	-276.940141388	34.6321961976
14.1	2238.2207871	-273.159240005	30.9564602846
14.15	2507.94693179	-276.939205827	34.6869978322
14.2	2427.51043328	-275.850933699	33.5744939692
14.25	2316.01306427	-274.210636855	32.0323923609
14.3	2398.0921287	-275.458331117	33.1676142805
14.35	2375.6348823	-275.146433287	32.8570118321
14.4	2403.30692844	-275.506408929	33.2397393103
14.45	2310.19079156	-274.154134175	31.9518654733
14.5	2503.96805675	-276.816067396	34.6319666717
14.55	2275.57868152	-273.637666799	31.4731511231
14.6	2462.56286732	-276.390253524	34.0592983677
14.65	2360.48462477	-274.985768087	32.6474711344
14.7	2328.92269399	-274.491220159	32.2109433073
14.75	2295.62121756	-273.995486851	31.750356113
14.8	2512.26994669	-277.043139971	34.7467887338
14.85	2378.8402473	-275.249655844	32.9013447036
14.9	2637.57213663	-278.906341307	36.4798225296
14.95	2334.02439461	-274.607564483	32.281504082
15.0	2480.89075289	-276.626962706	34.3127883116
15.05	2277.52380733	-273.654871619	31.5000538353
15.1	2386.86339558	-275.270076453	33.012311536
15.15	2183.00874024	-272.389103953	30.1928316268
15.2	2451.53308631	-276.203133107	33.9067472968
15.25	2313.37733749	-274.292034896	31.9959380612
15.3	2325.60149691	-274.457921669	32.1650083816
15.35	2406.94842397	-275.651864913	33.2901042307
15.4	2336.15015671	-274.712320255	32.3109051449
15.45	2478.4944927	-276.559854138	34.2796460345
15.5	2234.46418047	-273.083684098	30.9045032817
15.55	2554.81532029	-277.679200003	35.3352267358
15.6	2361.40642929	-274.985316121	32.6602204597
15.65	2294.21162778	-274.006593267	31.7308603106
15.7	2224.88877526	-272.988721174	30.7720674413
15.75	2477.3565979	-276.632332097	34.2639080004
15.8	2309.71189494	-274.209571042	31.9452419336
15.85	2405.67022182	-275.499309819	33.2724256288
15.9	2472.2036818	-276.519445414	34.192638873
15.95	2323.57978603	-274.360295616	32.137046434
16.0	2297.50975475	-274.001446855	31.7764761576
16.05	2520.24897632	-277.112736646	34.8571453685
16.1	2259.60690872	-273.405443345	31.2522481839
16.15	2501.95606559	-276.821747543	34.6041391558
16.2	2360.43929613	-274.795199769	32.6468442014
16.25	2294.6149052	-273.939454017	31.7364379738
16.3	2306.5532964	-274.0632868	31.9015558813
16.35	2297.87889743	-273.966038926	31.7815817086
16.4	2291.09070975	-273.916757432	31.6876954114
16.45	2745.8342104	-280.313079829	37.9771773063
16.5	2119.31726771	-271.445891932	29.3119254394
16.55	2338.01293901	-274.601518901	32.3366689776
16.6	2181.95050557	-272.277009886	30.1781953585
16.65	2214.42955675	-272.667026813	30.6274077256
16.7	2347.92647926	-274.740104932	32.4737815078
16.75	2608.92581259	-278.437343638	36.0836199755
16.8	2295.18560855	-273.984919322	31.7443312772
16.85	2369.04412739	-275.156980107	32.7658561947
16.9	2536.60173585	-277.473538515	35.0833176719
16.95	2244.30022788	-273.270584527	31.0405440212
17.0	2424.79651189	-275.916525406	33.5369581729
17.05	2333.78865808	-274.580735029	32.2782436491
17.1	2372.41501314	-275.037277247	32.8124783561
17.15	2495.27655879	-276.81932963	34.5117560057
17.2	2621.79161263	-278.636635255	36.2615647209
17.25	2704.54094994	-279.718758538	37.4060570734
17.3	2319.9617665	-274.420083609	32.0870062063
17.35	2273.41026994	-273.658132003	31.4431601823
17.4	2332.83927187	-274.431201432	32.265112846
17.45	2233.0354198	-273.128194714	30.88474233
17.5	2448.38587428	-276.201172762	33.8632187295
17.55	2501.32816797	-276.896564211	34.5954548081
17.6	2625.28371143	-278.729241809	36.3098633599
17.65	2222.78434109	-273.019718196	30.7429613615
17.7	2599.86715605	-278.316860907	35.9583312002
17.75	2488.6321981	-276.713212362	34.4198589556
17.8	2659.46970677	-279.090722226	36.7826841884
17.85	2576.27730127	-277.963929546	35.6320638333
17.9	2375.40921776	-275.106760868	32.8538907033
17.95	2339.67660734	-274.579300351	32.3596788982
18.0	2199.62117581	-272.637108871	30.4225954663
18.05	2407.71368278	-275.498225326	33.3006883983
18.1	2480.54571711	-276.564641291	34.308016179
18.15	2279.46092836	-273.740609834	31.5268458349
18.2	2360.56515683	-274.964455575	32.64858496
18.25	2597.22458442	-278.182495851	35.9217822305
18.3	2411.05677944	-275.555043374	33.3469262134
18.35	2515.24127201	-277.053305948	34.7878846413
18.4	2631.22447028	-278.720136866	36.3920290097
18.45	2208.89652926	-272.725142964	30.5508813407
18.5	2377.67705315	-275.115153507	32.8852567584
18.55	2106.80379103	-271.376720792	29.13885362
18.6	2203.10338109	-272.791103152	30.4707572697
18.65	2422.1909646	-275.768667901	33.5009212807
18.7	2361.85992779	-274.849309303	32.6664927222
18.75	2295.94003606	-274.112467448	31.7547656388
18.8	2493.36976138	-276.785104289	34.4853834071
18.85	2439.62322145	-276.031090132	33.7420239324
18.9	2345.38678807	-274.699507954	32.4386554604
18.95	2503.64594555	-276.892930831	34.6275116051
19.0	2212.45181187	-272.834327502	30.6000538644
19.05	2366.35785763	-275.010245182	32.7287028434
19.1	2221.4586712	-272.997739919	30.7246262412
19.15	2518.2808737	-277.196026518	34.8299248678
19.2	2581.41664378	-277.953153951	35.7031452268
19.25	2408.6172755	-275.558452851	33.3131858393
19.3	2470.03197713	-276.428551532	34.162602386
19.35	2314.94407744	-274.26025892	32.0176073814
19.4	2137.44132606	-271.661417994	29.5625962828
19.45	2298.25916041	-273.985370662	31.7868410629
19.5	2626.51846604	-278.729850391	36.3269410459
19.55	2428.34274588	-275.97515536	33.5860055467
19.6	2304.23437755	-274.048088658	31.8694832995
19.65	2478.2164148	-276.408843165	34.2757999853
19.7	2350.93210797	-274.679320805	32.5153518597
19.75	2279.76483203	-273.804174465	31.5310490761
19.8	2537.13850555	-277.400904788	35.0907416446
19.85	2332.71092271	-274.493102099	32.2633376701
19.9	2547.78340726	-277.567300312	35.2379695136
19.95	2346.45645848	-274.740798275	32.4534498943
20.0	2381.83945266	-275.1871583	32.9428262152
20.05	2414.34337102	-275.66827077	33.3923825161
20.1	2303.39298591	-274.170254642	31.8578461514
20.15	2330.90111857	-274.54561833	32.2383065693
20.2	2548.85360541	-277.632588404	35.2527712466
20.25	2406.75637602	-275.508223344	33.2874480474
20.3	2452.03321229	-276.193984399	33.9136644563
20.35	2429.34813771	-275.856528686	33.5999109543
20.4	2343.29979514	-274.669244384	32.4097906075
20.45	2417.71901654	-275.811415254	33.4390705092
20.5	2313.3504429	-274.212991907	31.9955660866
20.55	2472.31680797	-276.505359855	34.1942035023
20.6	2042.72574626	-270.428280742	28.2526008162
20.65	2375.71967204	-275.032483975	32.858184545
20.7	2266.66882113	-273.605490601	31.3499203225
20.75	2558.76151824	-277.680777367	35.3898059449
20.8	2537.80458567	-277.4499353	35.0999540882
20.85	2237.7536091	-273.176127045	30.9499988233
20.9	2325.55484841	-274.376416754	32.1643631939
20.95	2436.33298404	-275.944324663	33.6965172048
21.0	2440.08390527	-276.001211164	33.7483955738
21.05	2484.12987772	-276.635693106	34.3575881097
21.1	2558.80909825	-277.638490271	35.3904640161
21.15	2289.71328959	-273.803860161	31.6686445417
21.2	2366.16650338	-274.921116155	32.7260562545
21.25	2348.71548734	-274.743781963	32.4846941476
21.3	2078.72615082	-270.986253075	28.7505164376
21.35	2087.55949892	-271.13186941	28.8726890093
21.4	2282.73903362	-273.831645682	31.5721847647
21.45	2264.64553446	-273.579545826	31.3219365804
21.5	2344.73914565	-274.693875043	32.4296980255
21.55	2259.13450417	-273.475156551	31.2457144349
21.6	2457.0124993	-276.266283965	33.9825321487
21.65	2290.82729925	-273.952422745	31.6840522244
21.7	2508.92318766	-276.98072822	34.7005002651
21.75	2532.14754716	-277.33432657	35.0217125273
21.8	2467.11799891	-276.4006287	34.1222996368
21.85	2018.11223098	-270.12049827	27.9121753708
21.9	2393.01969	-275.413775497	33.0974582226
21.95	2237.9732501	-273.122647399	30.9530366415
22.0	2439.22789065	-275.936538828	33.7365561777
22.05	2336.38453251	-274.468100882	32.3141467576
22.1	2529.36957246	-277.177086767	34.9832908203
22.15	2280.31847244	-273.618964528	31.5387063846
22.2	2380.59925899	-275.179327649	32.9256733024
22.25	2332.28807394	-274.491436422	32.2574893189
22.3	2436.52749134	-275.940268553	33.699207403
22.35	2222.0531279	-273.006441054	30.7328480732
22.4	2273.93134444	-273.708493372	31.4503670772
22.45	2684.33575266	-279.469775952	37.1266023428
22.5	2478.65046156	-276.600223908	34.281803214
22.55	2553.47405336	-277.605534742	35.3166758955
22.6	2225.61134372	-272.910426976	30.7820611658
22.65	2476.80460013	-276.513707843	34.2562734108
22.7	2258.88409065	-273.433543706	31.2422510071
22.75	2439.45531439	-275.999851567	33.7397016377
22.8	2378.60947898	-275.191254373	32.8981529852
22.85	2500.03602991	-276.881489343	34.577583461
22.9	2499.54802708	-276.833400355	34.5708339748
22.95	2526.2499193	-277.268644656	34.9401434152
23.0	2406.44824477	-275.59202189	33.2831863351
23.05	2583.75283914	-278.086870688	35.735456757
23.1	2322.25782612	-274.356264119	32.1187626258
23.15	2341.18671829	-274.655185181	32.3805649922
23.2	2257.80261685	-273.376437979	31.2272933224
23.25	2530.64284591	-277.281150184	35.0009012541
23.3	2513.96945028	-277.112469076	34.7702942859
23.35	2394.57923328	-275.402399128	33.1190280069
23.4	2500.36076961	-276.8917909	34.5820748819
23.45	2222.79364331	-272.973994204	30.743090019
23.5	2527.86168961	-277.324584951	34.9624355428
23.55	2460.30637772	-276.398696021	34.0280892345
23.6	2336.09867811	-274.555460652	32.3101931528
23.65	2582.40754883	-277.988281924	35.71685027
23.7	2454.52613016	-276.256310114	33.9481435897
23.75	2458.23026608	-276.345163697	33.9993748789
23.8	2476.74442122	-276.524994433	34.2554410863
23.85	2620.45022117	-278.591767851	36.2430121581
23.9	2333.9186959	-274.491730777	32.2800421807
23.95	2432.60139171	-275.895819435	33.6449061705
24.0	2483.14833202	-276.65908575	34.3440125139
24.05	2525.49923108	-277.15929096	34.9297607709
24.1	2413.34083131	-275.600572546	33.3785165558
24.15	2296.06252954	-273.956787406	31.7564598257
24.2	2343.30491804	-274.570514714	32.4098614615
24.25	2262.7765546	-273.512583169	31.29608703
24.3	2555.40431213	-277.636397247	35.3433729843
24.35	2352.64030915	-274.762660218	32.5389777067
24.4	2514.90426469	-277.11257611	34.783223549
24.45	2253.79467644	-273.404596661	31.1718601637
24.5	2311.61668515	-274.251154178	31.9715867709
24.55	2560.51455026	-277.673120182	35.4140518399
24.6	2572.18534117	-277.929912274	35.5754686122
24.65	2425.73385655	-275.793747403	33.5499224313
24.7	2255.21490292	-273.311557769	31.1915030805
24.75	2358.09511359	-274.847863638	32.6144222018
24.8	1981.17959605	-269.423404205	27.401366226
24.85	2222.183847	-272.970008309	30.7346560274
24.9	2350.21324116	-274.740137771	32.5054093322
24.95	2273.73694084	-273.620859381	31.4476783133
25.0	2369.55626589	-274.953886081	32.7729394973
25.05	2043.87605859	-270.387084649	28.2685105952
25.1	2452.05106511	-276.247448249	33.9139113757
25.15	2345.35522128	-274.800632751	32.4382188653
25.2	2232.67519673	-273.117199751	30.8797601445
25.25	2188.68866272	-272.514059373	30.271389692
25.3	2218.93660855	-272.845595112	30.6897440112
25.35	2446.44489588	-276.069848185	33.8363733795
25.4	2361.8156345	-274.894255542	32.6658801091
25.45	2174.19575933	-272.267447866	30.0709407502
25.5	2329.97504427	-274.472354719	32.2254981895
25.55	2408.76222149	-275.617014084	33.3151905632
25.6	2232.87628975	-273.084656527	30.8825414287
25.65	2153.0840489	-271.951956835	29.7789481867
25.7	2633.07787826	-278.752204094	36.4176631879
25.75	2448.53336425	-276.057191519	33.8652586389
25.8	2633.3337097	-278.772555263	36.4212015501
25.85	2403.15400618	-275.486477535	33.2376242678
25.9	2475.36237211	-276.489034233	34.2363261944
25.95	2282.54550086	-273.858082899	31.5695080452
26.0	2254.18470543	-273.428281545	31.17725459
26.05	2353.93433766	-274.771365835	32.5568752004
26.1	2471.2088498	-276.406813861	34.1788795166
26.15	2509.54350636	-276.922201193	34.70907979
26.2	2202.8318639	-272.721831267	30.4670019605
26.25	2401.46910605	-275.51015497	33.2143206938
26.3	2536.91759854	-277.357049405	35.0876863164
26.35	2114.86200348	-271.366923925	29.2503054192
26.4	2365.55239603	-274.887605541	32.7175626378
26.45	2333.02569692	-274.504819632	32.2676912599
26.5	2279.75850856	-273.782038755	31.5309616171
26.55	2497.27733776	-276.939807497	34.5394284477
26.6	2355.50445177	-274.907665032	32.578591188
26.65	2395.64264469	-275.410851384	33.1337358735
26.7	2310.31060615	-274.171419496	31.953522609
26.75	2337.89112844	-274.59838682	32.334984236
26.8	2598.11507103	-278.324480667	35.9340984029
26.85	2473.77231195	-276.593005867	34.2143343362
26.9	2307.75307017	-274.19845387	31.9181497532
26.95	2127.60743355	-271.598543329	29.4265853475
27.0	2409.39238883	-275.601929887	33.3239063031
27.05	2428.81660301	-275.965793574	33.592559386
27.1	2322.00069441	-274.357182023	32.1152062798
27.15	2483.40208143	-276.533504157	34.3475220799
27.2	2207.41779115	-272.741711706	30.5304291593
27.25	2266.67536312	-273.556200915	31.3500108037
27.3	2317.52224096	-274.20848568	32.0532655333
27.35	2207.71121403	-272.681504101	30.5344874424
27.4	2438.85754942	-276.04485821	33.7314340496
27.45	2292.30234073	-274.015241845	31.7044532783
27.5	2609.73478437	-278.432965396	36.09480873
27.55	2544.7059407	-277.552191153	35.1954055844
27.6	2333.55142904	-274.440326853	32.2749625737
27.65	2349.22759889	-274.670261042	32.4917770774
27.7	2436.4976573	-275.860172072	33.6987947733
27.75	2438.49796705	-275.934350876	33.7264607255
27.8	2510.79171577	-276.97101944	34.7263435673
27.85	2369.16662208	-275.067898126	32.7675503985
27.9	2287.28262235	-273.824288782	31.6350263864
27.95	2342.67102777	-274.637502696	32.4010942303
28.0	2573.23759704	-277.850197851	35.5900221886
28.05	2329.06740178	-274.418621194	32.2129447368
28.1	2377.93446968	-275.174810213	32.8888170436
28.15	2365.82925007	-274.973622145	32.72139176
28.2	2220.50653619	-272.874826513	30.7114574199
28.25	2332.03352387	-274.488552542	32.2539686792
28.3	2330.35443929	-274.536172044	32.2307455389
28.35	2379.99888591	-275.1775741	32.9173696419
28.4	2592.70338083	-278.18144994	35.8592502139
28.45	2387.71688073	-275.303275589	33.0241159476
28.5	2331.40639924	-274.398592286	32.2452950224
28.55	2402.39644502	-275.536165593	33.2271465652
28.6	2323.83945226	-274.389473676	32.1406378344
28.65	2304.68739112	-274.143766172	31.875748855
28.7	2276.7071896	-273.641184063	31.4887593309
28.75	2339.36069896	-274.581275622	32.355309622
28.8	2463.72301708	-276.342352919	34.0753442065
28.85	2253.32270921	-273.406412252	31.1653324633
28.9	2582.89709251	-278.037410019	35.7236210675
28.95	2452.54101132	-276.178478179	33.9206877404
29.0	2405.3200643	-275.473550015	33.2675826583
29.05	2280.59110774	-273.752793017	31.5424771582
29.1	2577.67653007	-277.990644349	35.6514163347
29.15	2465.27358464	-276.319418489	34.0967898492
29.2	2500.57217532	-276.815519442	34.5849987991
29.25	2177.29104587	-272.345514331	30.1137511446
29.3	2198.20895783	-272.643330357	30.4030633138
29.35	2453.55601501	-276.287523702	33.934726088
29.4	2171.17006804	-272.266430558	30.0290929161
29.45	2249.23334079	-273.32719474	31.1087730873
29.5	2337.8200081	-274.568880639	32.3340005823
29.55	2186.57047087	-272.463170204	30.242093332
29.6	2329.60270494	-274.550083102	32.2203484259
29.65	2262.93309591	-273.527138042	31.2982521269
29.7	2222.14776134	-272.903985554	30.7341569325
29.75	2529.29110917	-277.242654346	34.9822056075
29.8	2393.79580637	-275.320018137	33.1081925592
29.85	2372.79855087	-275.03332351	32.8177830029
29.9	2275.20943376	-273.727835179	31.4680441185
29.95	2337.52094458	-274.552377708	32.3298642844
30.0	2295.78907532	-273.97886074	31.7526777259
30.05	2326.9432313	-274.428378724	32.1835656873
30.1	2447.04363676	-276.188696519	33.8446544651
30.15	2119.00479908	-271.475795997	29.3076037376
30.2	2396.29324753	-275.404249918	33.1427342536
30.25	2300.0407955	-274.058727468	31.8114825621
30.3	2292.76765783	-273.961664531	31.7108890019
30.35	2328.4718039	-274.518868701	32.2047071213
30.4	2442.97521509	-276.122192195	33.7883848002
30.45	2469.93284011	-276.443052022	34.1612312384
30.5	2445.1300268	-276.080681881	33.8181876434
30.55	2504.93354935	-276.890918737	34.6453202396
30.6	2412.22225722	-275.621715516	33.3630457431
30.65	2381.34597999	-275.21875938	32.9360010766
30.7	2499.80927311	-276.874933887	34.5744472253
30.75	2629.74521983	-278.801315316	36.3715697422
30.8	2312.44611586	-274.309296308	31.9830584894
30.85	2424.59039768	-275.835197818	33.5341074415
30.9	2442.15250696	-275.971684556	33.7770060606
30.95	2390.68943268	-275.366333851	33.0652288203
31.0	2343.7411485	-274.765567064	32.4158948926
31.05	2182.22570692	-272.409244799	30.1820016228
31.1	2448.34315539	-276.14011784	33.8626278917
31.15	2216.25515796	-272.804450786	30.6526573131
31.2	2251.64230747	-273.283085675	31.1420911057
31.25	2316.12692431	-274.269982482	32.0339671402
31.3	2270.9779406	-273.776749156	31.4095190388
31.35	2487.97487499	-276.805701431	34.4107676288
31.4	2221.39761383	-272.957441888	30.7237817669
31.45	2397.76647323	-275.416643861	33.1631101937
31.5	2411.33711993	-275.67972353	33.3508035562
31.55	2166.55603934	-272.251300457	29.9652770508
31.6	2432.77618624	-276.044608571	33.6473237246
31.65	2296.74603956	-274.0898538	31.7659133394
31.7	2019.57736143	-270.078886792	27.932439347
31.75	2344.35514453	-274.638131571	32.4243869698
31.8	2386.20627031	-275.32617932	33.0032229454
31.85	2128.31096363	-271.607964704	29.4363157552
31.9	2316.22338901	-274.372707303	32.0353013275
31.95	2240.73845426	-273.265901097	30.9912817214
32.0	2520.36978515	-277.2512511	34.8588162554
32.05	2314.92566487	-274.210335149	32.0173527203
32.1	2511.36215723	-276.958269104	34.7342332485
32.15	2227.04907509	-272.983675645	30.8019461897
32.2	2171.31451704	-272.212804414	30.0310907662
32.25	2440.13111421	-276.016815214	33.7490485128
32.3	2017.55392282	-270.080119233	27.9044535033
32.35	2192.27560796	-272.591996181	30.3210001364
32.4	2340.23180518	-274.613929359	32.3673577476
32.45	2276.21344733	-273.690586909	31.4819304635
32.5	2187.09873168	-272.455928361	30.2493996196
32.55	2384.04780741	-275.24194881	32.9733696033
32.6	2266.55795839	-273.622447542	31.3483869983
32.65	2245.80937844	-273.405134205	31.0614168322
32.7	2306.72478156	-274.195078833	31.9039276641
32.75	2335.65934704	-274.524246118	32.3041168378
32.8	2311.02718475	-274.19183783	31.9634334887
32.85	2471.83202868	-276.37824157	34.1874986003
32.9	2663.45963206	-279.154743046	36.837868183
32.95	2422.85966361	-275.803052057	33.5101699458
33.0	2315.08794627	-274.307172347	32.0195972074
33.05	2098.42952185	-271.234998744	29.0230304926
33.1	2465.54014806	-276.370383522	34.1004766435
33.15	2263.7841449	-273.489400474	31.3100228443
33.2	2297.77791699	-274.071659984	31.7801850649
33.25	2300.81914892	-274.075076322	31.8222478391
33.3	2247.20681986	-273.222951133	31.0807446126
33.35	2325.21868287	-274.306076936	32.1597137442
33.4	2388.87802125	-275.265993088	33.0401754893
33.45	2551.69316968	-277.614269835	35.2920447889
33.5	2384.59526282	-275.23984398	32.9809413681
33.55	2293.46653057	-274.030161147	31.7205549949
33.6	2292.04780116	-273.914005678	31.7009327837
33.65	2769.83560937	-280.614166247	38.3091366726
33.7	2267.21427545	-273.606180401	31.3574644107
33.75	2336.19349091	-274.57799663	32.3115044929
33.8	2470.91122553	-276.39507405	34.1747631248
33.85	2339.06897295	-274.669173434	32.3512748078
33.9	2434.23459427	-275.99174216	33.6674947241
33.95	2514.44647439	-277.049022581	34.7768919272
34.0	2450.19539074	-276.163551501	33.8882458515
34.05	2603.20665363	-278.342837166	36.0045192371
34.1	2428.82446526	-275.895798004	33.5926681275
34.15	2404.89687578	-275.474239495	33.2617296081
34.2	2204.43308758	-272.564605009	30.4891482195
34.25	2667.07664587	-279.216535595	36.8878945008
34.3	2354.92279216	-274.837392332	32.5705463505
34.35	2588.88336392	-278.051882019	35.8064161939
34.4	2367.17865302	-274.934405897	32.7400551283
34.45	2400.82551006	-275.518633735	33.2054192245
34.5	2509.21665184	-277.037024475	34.7045591194
34.55	2256.34118394	-273.517293586	31.2070804864
34.6	2313.26237444	-274.214479291	31.9943480264
34.65	2346.0607143	-274.656158021	32.4479764222
34.7	2377.99512252	-275.158978098	32.8896559229
34.75	2301.91650987	-274.209026025	31.8374252562
34.8	2447.60287114	-276.201984891	33.8523891431
34.85	2254.07912969	-273.41805231	31.1757943894
34.9	2335.18802332	-274.568305012	32.2975980376
34.95	2352.86676489	-274.82814632	32.5421097785
35.0	2226.86171385	-272.956098891	30.7993548275
35.05	2453.03233158	-276.16380808	33.9274831094
35.1	2340.43460075	-274.609074736	32.3701625794
35.15	2453.22498546	-276.18697099	33.9301476732
35.2	2610.11404188	-278.361082115	36.1000541776
35.25	2651.97561621	-278.966078599	36.6790346654
35.3	2327.33531229	-274.405065497	32.1889884945
35.35	2664.87875744	-279.109756458	36.8574958706
35.4	2202.88480492	-272.593688029	30.467734179
35.45	2232.61396302	-273.14004095	30.8789132313
35.5	2392.70317249	-275.452509183	33.0930805213
35.55	2509.47661528	-277.038079007	34.7081546307
35.6	2378.50233294	-275.11705242	32.8966710661
35.65	2379.79534111	-275.216756745	32.9145544476
35.7	2586.0069113	-278.072580507	35.7666324551
35.75	2635.16451525	-278.727060192	36.4465231178
35.8	2411.40423525	-275.709774394	33.3517318171
35.85	2418.74553056	-275.722416581	33.4532680542
35.9	2134.47963388	-271.662109788	29.5216336098
35.95	2386.36204058	-275.240929094	33.0053773782
36.0	2403.83977859	-275.506507341	33.2471090723
36.05	2390.46484275	-275.310430531	33.0621225542
36.1	2378.69491011	-275.130813809	32.899334569
36.15	2481.53491387	-276.532378902	34.3216975952
36.2	2371.82721557	-274.972157874	32.8043486255
36.25	2576.90229358	-277.792712655	35.6407079983
36.3	2296.05667567	-273.938807521	31.7563788619
36.35	2342.19818695	-274.592390341	32.3945544475
36.4	2523.45837823	-277.204568138	34.9015340737
36.45	2242.40799804	-273.298975678	31.0143729042
36.5	2380.72371203	-275.256330183	32.9273945917
36.55	2405.39847962	-275.581880557	33.2686672076
36.6	2432.45284283	-275.946960718	33.6428516156
36.65	2468.18221737	-276.45451984	34.1370186658
36.7	2464.11019448	-276.450057167	34.0806991929
36.75	2283.04792321	-273.832793442	31.5764569654
36.8	2623.30156053	-278.559240638	36.2824485597
36.85	2312.35869365	-274.15600904	31.9818493674
36.9	2170.20021752	-272.156408822	30.0156790745
36.95	2396.54888557	-275.357559593	33.1462699409
37.0	2196.53603301	-272.5672491	30.3799253682
37.05	2288.3631845	-273.860514153	31.6499714623
37.1	2399.89549191	-275.398542296	33.1925562977
37.15	2188.3976013	-272.296347652	30.2673640698
37.2	2275.86071661	-273.652589801	31.4770519036
37.25	2288.95124885	-273.867545553	31.6581048826
37.3	2446.3053761	-276.188985012	33.8344437044
37.35	2524.78595099	-277.252625644	34.9198955123
37.4	2450.47640359	-276.141442341	33.8921324935
37.45	2315.24803133	-274.260073108	32.0218113174
37.5	2203.62031892	-272.601389304	30.477906951
37.55	2366.74767663	-274.928589889	32.7340943653
37.6	2440.12793677	-275.956707996	33.7490045663
37.65	2428.7752372	-275.896624015	33.5919872625
37.7	2433.04330722	-275.938554928	33.6510182306
37.75	2470.06990708	-276.461993356	34.1631269889
37.8	2280.76095827	-273.742283959	31.5448263328
37.85	2399.39831056	-275.452899047	33.185679865
37.9	2471.4840192	-276.465533498	34.1826853389
37.95	2444.08086412	-276.111330322	33.8036768484
38.0	2359.67294886	-274.904120946	32.6362449795
38.05	2348.98494931	-274.805189694	32.4884210314
38.1	2329.61988646	-274.500330098	32.2205860607
38.15	2388.09225472	-275.275246861	33.0293076829
38.2	2545.29770381	-277.544039062	35.2035901618
38.25	2574.77638425	-277.914734387	35.611304899
38.3	2290.94934389	-273.89369341	31.6857402035
38.35	2196.6668108	-272.636287583	30.3817341341
38.4	2445.92274699	-276.162125733	33.8291516248
38.45	2508.18579034	-276.999856174	34.6903014452
38.5	2419.73833504	-275.713380769	33.4669993683
38.55	2471.03783293	-276.433339358	34.1765142107
38.6	2337.27847277	-274.588216713	32.3265106971
38.65	2382.80678922	-275.192374229	32.9562052866
38.7	2647.47739858	-278.937536084	36.6168205639
38.75	2513.39375319	-277.0587307	34.7623319151
38.8	2476.5022604	-276.563649526	34.2520918002
38.85	2328.52259507	-274.486552551	32.2054096055
38.9	2251.30688435	-273.342481323	31.1374519241
38.95	2393.43292702	-275.350136461	33.1031736352
39.0	2325.05988828	-274.303753746	32.1575174826
39.05	2468.23786485	-276.393904135	34.1377883168
39.1	2582.13490751	-278.052807981	35.7130794132
39.15	2484.05254135	-276.613202054	34.3565184831
39.2	2158.88410923	-271.979551043	29.8591678586
39.25	2397.3148983	-275.355711575	33.1568645357
39.3	2367.42169149	-274.96899411	32.743416553
39.35	2442.81326401	-275.969966387	33.7861448816
39.4	2491.24492025	-276.733171312	34.4559950821
39.45	2208.66215162	-272.760456939	30.5476397024
39.5	2647.98460933	-279.006638827	36.6238357116
39.55	2340.38187517	-274.588384859	32.3694333406
39.6	2409.25504609	-275.543711347	33.3220067384
39.65	2317.61186938	-274.296651634	32.0545051692
39.7	2415.64581907	-275.690880964	33.410396459
39.75	2300.43021432	-274.040426994	31.8168685492
39.8	2356.25455564	-274.795262495	32.5889657502
39.85	2453.58582822	-276.19753305	33.9351384296
39.9	2687.62258405	-279.416550288	37.1720619622
39.95	2378.35147817	-275.010881676	32.8945846189
40.0	2624.81539377	-278.691753886	36.303386136
40.05	2333.61559867	-274.542451965	32.2758500932
40.1	2454.28930684	-276.099978384	33.9448681257
40.15	2531.98247315	-277.296213288	35.0194294161
40.2	2346.40584941	-274.744992648	32.4527499287
40.25	2463.62357061	-276.372485138	34.0739687789
40.3	2254.7766859	-273.355987905	31.1854421736
40.35	2375.17224189	-275.127695298	32.8506131294
40.4	2509.14357336	-277.009853838	34.7035483831
40.45	2548.02240019	-277.6389167	35.2412749852
40.5	2401.61680422	-275.544632324	33.2163634827
40.55	2341.86909538	-274.61617681	32.3900028365
40.6	2274.25380223	-273.68048384	31.4548269374
40.65	2373.74196937	-275.11805671	32.8308312675
40.7	2425.07374739	-275.776490172	33.5407925711
40.75	2403.88888967	-275.43277997	33.2477883194
40.8	2505.58637357	-276.924617288	34.6543493431
40.85	2084.96903321	-271.080301966	28.836860708
40.9	2379.27956148	-275.250065649	32.907420785
40.95	2258.66070693	-273.454276305	31.239161424
41.0	2503.62828917	-276.842499962	34.6272674028
41.05	2559.4372137	-277.734340759	35.3991513767
41.1	2267.97471925	-273.667979396	31.3679819827
41.15	2427.26190543	-275.950204522	33.5710566218
41.2	2402.73069883	-275.523518715	33.2317695741
41.25	2250.31353437	-273.386652664	31.1237130654
41.3	2574.56076266	-277.864332695	35.6083226727
41.35	2052.6561789	-270.470204471	28.3899469822
41.4	2232.73692793	-273.173218129	30.8806139385
41.45	2605.42333255	-278.31359801	36.0351777553
41.5	2208.29751654	-272.717738513	30.5425964951
41.55	2038.42162191	-270.295335284	28.1930711866
41.6	2511.40824235	-277.132296197	34.7348706441
41.65	2287.05735511	-273.851069185	31.6319107526
41.7	2237.187666	-273.136455236	30.9421713581
41.75	2295.80135133	-274.075559361	31.7528475133
41.8	2462.90163064	-276.296625137	34.0639837469
41.85	2272.76989663	-273.673709263	31.4343032853
41.9	2212.4231771	-272.830801648	30.5996578217
41.95	2733.06853649	-280.174651694	37.8006173889
42.0	2410.09160588	-275.525256171	33.3335770581
42.05	2582.32862508	-278.04218085	35.7157586888
42.1	2418.79418201	-275.810144449	33.4539409444
42.15	2435.84164527	-276.085796507	33.6897215798
42.2	2467.76583747	-276.428330786	34.1312597844
42.25	2318.13455647	-274.206616714	32.0617343675
42.3	2405.15643526	-275.593730608	33.2653195322
42.35	2334.4823228	-274.602340795	32.2878376108
42.4	2163.79000741	-272.10257845	29.9270205222
42.45	2293.76900825	-274.012414614	31.7247385134
42.5	2649.02882524	-278.981566603	36.6382780885
42.55	2433.22760228	-275.904083508	33.6535671849
42.6	2488.77230809	-276.667616758	34.4217967937
42.65	2450.53075736	-276.105768434	33.8928842515
42.7	2424.69162601	-275.716495642	33.5355075137
42.75	2572.43550982	-277.809072199	35.5789286533
42.8	2480.4894046	-276.61964947	34.30723733
42.85	2452.23435832	-276.244682942	33.9164464737
42.9	2105.23255182	-271.257621046	29.1171220712
42.95	2483.83305119	-276.539297883	34.3534827511
43.0	2251.69704997	-273.373908866	31.14284824
43.05	2800.28559751	-281.097028555	38.7302854056
43.1	2643.20482982	-278.875799997	36.5577273744
43.15	2318.29794079	-274.410700774	32.063994109
43.2	2534.51717003	-277.313881211	35.054486388
43.25	2385.84917608	-275.113533832	32.9982840344
43.3	2620.42424693	-278.54667612	36.2426529128
43.35	2280.64536523	-273.75384409	31.5432275846
43.4	2140.16460101	-271.746770719	29.6002614468
43.45	2451.36964517	-276.248171952	33.9044867696
43.5	2435.65973576	-275.959704287	33.6872056196
43.55	2513.11906468	-277.063413914	34.7585327438
43.6	2372.09571954	-275.046683222	32.8080622593
43.65	2266.47519058	-273.550296516	31.3472422505
43.7	2563.74315696	-277.740657486	35.4587061633
43.75	2167.01172073	-272.181086391	29.9715795044
43.8	2501.5295469	-276.878599538	34.5982400466
43.85	2233.27794	-273.157646264	30.8880965867
43.9	2446.05976548	-276.184938454	33.8310467047
43.95	2276.15619761	-273.722835229	31.4811386522
44.0	2338.35468434	-274.639424148	32.3413956007
44.05	2471.12446962	-276.551827664	34.1777124684
44.1	2433.74945959	-275.92093276	33.6607849068
44.15	2519.97753379	-277.17303352	34.853391092
44.2	2331.72325963	-274.51501857	32.2496774659
44.25	2500.94296337	-276.901071924	34.5901271072
44.3	2445.87459975	-276.141988067	33.8284857082
44.35	2511.20185676	-277.046261389	34.7320161593
44.4	2657.89911585	-279.133681273	36.760961606
44.45	2436.22588132	-275.970257083	33.6950358848
44.5	2640.64164537	-278.857790283	36.5222763957
44.55	2133.23533541	-271.801655214	29.5044239242
44.6	2553.06190517	-277.651730337	35.3109755424
44.65	2477.75895382	-276.516535319	34.2694729184
44.7	2216.02598376	-272.85563306	30.6494876427
44.75	2311.50243706	-274.175123668	31.9700066245
44.8	2325.71046815	-274.357889338	32.1665155447
44.85	2424.36549843	-275.691986393	33.5309968973
44.9	2400.66988483	-275.498168276	33.2032667977
44.95	2302.14374888	-274.025710175	31.8405681613
45.0	2153.85300951	-271.890688009	29.7895835532
45.05	2361.89426295	-274.874608011	32.6669676061
45.1	2361.61705471	-274.783196019	32.6631335849
45.15	2240.56135006	-273.101311238	30.9888322225
45.2	2538.4606988	-277.454926692	35.1090286801
45.25	2260.15107453	-273.522554365	31.2597744509
45.3	2240.3616764	-273.261915172	30.9860705693
45.35	2200.99532392	-272.700763157	30.4416010807
45.4	2271.53796531	-273.67907519	31.4172646477
45.45	2376.4840541	-275.098508615	32.8687565864
45.5	2359.19427981	-274.804462047	32.6296245874
45.55	2247.86461362	-273.280362067	31.0898424489
45.6	2304.0532538	-274.17059254	31.866978207
45.65	2499.07105555	-276.841909391	34.5642370607
45.7	2231.1348157	-273.049473502	30.8584553901
45.75	2449.22933968	-276.080968549	33.8748845596
45.8	2349.44169673	-274.663456781	32.4947382292
45.85	2425.33377106	-275.816674948	33.5443889153
45.9	2390.71963031	-275.255200048	33.0656464786
45.95	2227.47541951	-272.929173056	30.8078428886
46.0	2374.97390356	-275.039933335	32.8478699449
46.05	2312.81436572	-274.275157334	31.9881516921
46.1	2484.4356391	-276.707615222	34.3618170445
46.15	2393.58962264	-275.360561319	33.1053408663
46.2	2485.46587788	-276.64740375	34.3760661061
46.25	2226.79000313	-273.058808305	30.7983630085
46.3	2534.43372353	-277.40962328	35.0533322533
46.35	2319.17356136	-274.347647027	32.0761046718
46.4	2254.91019465	-273.395697725	31.1872887109
46.45	2262.55060984	-273.483073684	31.2929620255
46.5	2323.08480682	-274.332305671	32.1302004587
46.55	2138.43559011	-271.772546555	29.5763477839
46.6	2481.98494311	-276.660022101	34.3279218749
46.65	2410.71120048	-275.648426922	33.3421465681
46.7	2223.35798725	-272.880719204	30.7508953664
46.75	2481.81326458	-276.615139602	34.3255474178
46.8	2733.24135794	-280.163722581	37.8030076538
46.85	2261.60323684	-273.400155768	31.2798590668
46.9	2546.84133112	-277.553105573	35.2249398149
46.95	2396.40117937	-275.436906298	33.1442270408
47.0	2417.36639489	-275.639841786	33.4341934576
47.05	2349.42268851	-274.823052421	32.4944753296
47.1	2331.44525128	-274.549575732	32.2458323786
47.15	2453.18736405	-276.198601115	33.9296273378
47.2	2445.08585457	-276.068497877	33.8175767046
47.25	2490.8015041	-276.729238329	34.449862267
47.3	2422.29706611	-275.870645175	33.5023887531
47.35	2416.58195758	-275.68762019	33.4233440353
47.4	2404.3566359	-275.498170741	33.25425764
47.45	2364.6385146	-275.083819783	32.7049228953
47.5	2364.8163326	-274.900128877	32.7073822665
47.55	2320.205066	-274.304480737	32.0903712412
47.6	2448.89930251	-276.148235044	33.8703198703
47.65	2228.72512961	-272.9709861	30.8251274216
47.7	2125.9187954	-271.461096093	29.4032300735
47.75	2364.77478671	-274.892619961	32.7068076522
47.8	2501.80758642	-276.765009876	34.602085565
47.85	2152.9889612	-271.924479637	29.7776330445
47.9	2600.47619632	-278.290247529	35.9667547351
47.95	2190.98361922	-272.524723856	30.3031308544
48.0	2530.15897317	-277.297587829	34.9942088905
48.05	2487.50426981	-276.757503232	34.4042587666
48.1	2098.41959575	-271.15924777	29.0228932064
48.15	2339.99013997	-274.66165039	32.3640153161
48.2	2233.87759704	-273.096033122	30.8963903436
48.25	2445.23091827	-276.096447581	33.8195830566
48.3	2168.89332884	-272.17753205	29.997603714
48.35	2439.85767402	-275.997410336	33.7452666069
48.4	2316.42996653	-274.231263133	32.0381584669
48.45	2438.07152897	-276.05691446	33.7205627312
48.5	2306.3054237	-274.136703469	31.8981275951
48.55	2449.6863533	-276.206417907	33.8812054391
48.6	2381.11203232	-275.29150917	32.9327653852
48.65	2417.7297062	-275.729979561	33.439218356
48.7	2250.58302767	-273.354031936	31.1274403825
48.75	2526.63515163	-277.318324969	34.9454714995
48.8	2271.90741439	-273.657382225	31.4223744365
48.85	2292.43709203	-273.957999927	31.7063170012
48.9	2332.81404338	-274.503899824	32.264763915
48.95	2552.48052846	-277.565027036	35.3029346176
49.0	2448.5979451	-276.181879362	33.8661518459
49.05	2341.82878928	-274.606317011	32.3894453696
49.1	2485.2768714	-276.687098324	34.3734519889
49.15	2041.79340819	-270.484702789	28.2397058031
49.2	2363.66849611	-274.967215715	32.6915067305
49.25	2383.53760964	-275.159579684	32.9663131426
49.3	2222.50828797	-272.900934665	30.7391433166
49.35	2566.44695779	-277.87554183	35.496101984
49.4	2267.5041855	-273.588826955	31.3614741085
49.45	2374.62480152	-275.045426164	32.8430415725
49.5	2369.83827073	-275.067142563	32.7768398594
49.55	2330.63214602	-274.449999029	32.2345864546
49.6	2298.07792311	-273.982495224	31.7843343998
49.65	2433.8734976	-275.979822665	33.662500456
49.7	2217.6233355	-272.912077984	30.6715803496
49.75	2591.68197291	-278.134321129	35.8451232904
49.8	2414.01749621	-275.600861095	33.3878753957
49.85	2437.14049058	-275.932617572	33.7076856937
49.9	2255.65202243	-273.403196337	31.1975488079
49.95	2176.31456267	-272.270990842	30.1002455676
50.0	2224.38531108	-272.946528107	30.7651041118
50.05	2274.75346012	-273.561054385	31.4617376228
50.1	2290.64357595	-273.864630353	31.6815111779
50.15	2404.40721096	-275.482984127	33.2549571352
50.2	2382.18836372	-275.183265874	32.9476519462
50.25	2488.7632875	-276.624018756	34.4216720313
50.3	2366.18778899	-274.897926254	32.7263506523
50.35	2365.60737303	-274.95080791	32.7183230154
50.4	2333.72603709	-274.567398374	32.2773775487
50.45	2492.10422518	-276.703392678	34.467879986
50.5	2540.87423318	-277.359289518	35.1424098736
50.55	2402.27990035	-275.494096664	33.2255346552
50.6	2240.75633902	-273.288403238	30.9915290824
50.65	2566.92245868	-277.944270688	35.5026785579
50.7	2360.42432926	-274.888348025	32.6466371972
50.75	2485.23736819	-276.630114539	34.3729056266
50.8	2431.04031253	-275.767872675	33.6233151434
50.85	2475.57953468	-276.543162972	34.2393297339
50.9	2228.91199523	-273.01653482	30.827711929
50.95	2529.96578267	-277.294325876	34.9915369048
51.0	2303.71781622	-274.010793734	31.8623388255
51.05	2382.08233421	-275.172082592	32.9461854696
51.1	2396.42480206	-275.375256551	33.1445537624
51.15	2201.68221518	-272.690065906	30.4511013599
51.2	2365.99881931	-274.998261118	32.723737044
51.25	2317.57286773	-274.220826459	32.0539657437
51.3	2385.66394983	-275.239607779	32.9957222009
51.35	2225.33224235	-273.031419088	30.7782009609
51.4	2403.02108789	-275.442803735	33.2357858971
51.45	2174.35495413	-272.156226999	30.073142547
51.5	2292.15484578	-273.905604199	31.7024133002
51.55	2297.39003958	-273.950959984	31.7748203969
51.6	2412.90687799	-275.651227963	33.3725146195
51.65	2450.72999906	-276.135582718	33.8956399304
51.7	2132.41314606	-271.618145003	29.4930523597
51.75	2390.37088496	-275.351786319	33.0608230395
51.8	2193.46739146	-272.565713612	30.3374834962
51.85	2120.12582317	-271.573311637	29.3231084358
51.9	2242.64344747	-273.242095931	31.0176293663
51.95	2322.71902537	-274.269848499	32.125141396
52.0	2319.77512777	-274.413924837	32.0844248369
52.05	2285.51951861	-273.84281037	31.6106411911
52.1	2487.51913104	-276.582197672	34.4044643099
52.15	2230.62056278	-273.070841178	30.8513428433
52.2	2166.20004751	-272.178470237	29.9603533869
52.25	2342.52036931	-274.624867161	32.3990104982
52.3	2393.10350315	-275.285020032	33.0986174283
52.35	2407.6452249	-275.575382016	33.2997415687
52.4	2563.37399071	-277.762787079	35.4536002862
52.45	2449.17009196	-276.073343114	33.8740651141
52.5	2257.65427702	-273.326910235	31.2252416588
52.55	2281.54732235	-273.842748758	31.5557024039
52.6	2261.06518635	-273.598677619	31.2724173798
52.65	2253.51816224	-273.444361189	31.1680357417
52.7	2159.42295776	-272.035476572	29.8666205832
52.75	2667.78126414	-279.203666042	36.8976399591
52.8	2478.14648031	-276.516736009	34.2748327329
52.85	2552.14441721	-277.553556462	35.2982859186
52.9	2455.38857911	-276.259794448	33.9600719781
52.95	2434.51668565	-275.864881738	33.6713962832
53.0	2259.42440872	-273.34090606	31.2497240567
53.05	2202.26969099	-272.709706575	30.4592266403
53.1	2287.68890222	-273.941542512	31.6406455759
53.15	2582.66960184	-278.015667137	35.7204746817
53.2	2255.19156983	-273.3242631	31.1911803644
53.25	2496.3116394	-276.821538941	34.5260720339
53.3	2388.83419824	-275.296688181	33.0395693805
53.35	2337.32506108	-274.567447665	32.3271550522
53.4	2459.28127301	-276.273639037	34.0139111814
53.45	2312.29746249	-274.175301585	31.9810024893
53.5	2378.24182073	-275.112217176	32.8930679649
53.55	2207.11121809	-272.730539996	30.5261889982
53.6	2164.6690671	-272.109191438	29.9391786509
53.65	2372.05314974	-275.052820729	32.8074734835
53.7	2193.71038806	-272.553721866	30.3408443418
53.75	2286.31437137	-273.837183118	31.6216346678
53.8	2386.06260973	-275.357587976	33.0012359998
53.85	2538.10047469	-277.412786653	35.1040464802
53.9	2363.48217708	-274.79254815	32.688929783
53.95	2448.65745932	-276.17068845	33.8669749772
54.0	2159.6200796	-272.134737458	29.8693469426
54.05	2611.09335409	-278.396400998	36.1135988823
54.1	2296.25607122	-273.900544209	31.7591366686
54.15	2303.30358108	-273.957626876	31.856609608
54.2	2398.5078524	-275.372071487	33.1733640859
54.25	2337.56582789	-274.50565935	32.330485058
54.3	2352.38047524	-274.700818501	32.535383987
54.35	2544.14466952	-277.512580874	35.1876427358
54.4	2336.08289784	-274.515871488	32.3099748986
54.45	2410.81244699	-275.576080393	33.3435468918
54.5	2255.83742647	-273.461605494	31.2001131003
54.55	2499.6285936	-276.721032325	34.571948277
54.6	2366.01986242	-275.055217462	32.7240280878
54.65	2503.2237569	-277.017619254	34.621672384
54.7	2531.79732116	-277.265154447	35.0168686097
54.75	2317.17000024	-274.280584028	32.0483937503
54.8	2472.41344656	-276.481435633	34.1955400945
54.85	2531.31484156	-277.33015527	35.0101955144
54.9	2399.84147715	-275.346076754	33.1918092286
54.95	2455.77302367	-276.228680052	33.9653891669
55.0	2417.53285952	-275.675818464	33.4364958023
55.05	2313.22836577	-274.29977348	31.9938776581
55.1	2366.27581731	-274.965803054	32.7275681573
55.15	2459.70337505	-276.297214519	34.0197492046
55.2	2310.51845532	-274.290533791	31.9563973364
55.25	2441.8075457	-276.043459865	33.7722349586
55.3	2320.23903027	-274.220803176	32.0908409954
55.35	2437.10486929	-275.950516486	33.7071930215
55.4	2480.18919091	-276.568384057	34.3030851243
55.45	2252.77013782	-273.437888634	31.15768994
55.5	2418.40541563	-275.739706496	33.4485639811
55.55	2507.67168883	-277.004469792	34.6831909924
55.6	2502.27579391	-276.953954024	34.6085612651
55.65	2572.93134205	-277.92781434	35.5857864267
55.7	2439.15022363	-276.028250397	33.7354819781
55.75	2560.4489428	-277.705971812	35.413144434
55.8	2193.3232827	-272.499978687	30.3354903518
55.85	2325.44927652	-274.410033408	32.1629030466
55.9	2533.83066935	-277.366231169	35.044991511
55.95	2315.70790806	-274.346928576	32.028171796
56.0	2411.61253975	-275.731841595	33.3546128421
56.05	2339.60554155	-274.664627965	32.3586959992
56.1	2625.72257655	-278.595680339	36.3159332305
56.15	2391.43634701	-275.275774869	33.0755592684
56.2	2459.27378497	-276.236954899	34.0138076156
56.25	2258.14928455	-273.40531322	31.2320880258
56.3	2341.03799423	-274.579882509	32.3785080145
56.35	2277.37917373	-273.748188173	31.4980534319
56.4	2487.43091499	-276.7922554	34.4032442083
56.45	2122.73847131	-271.570350687	29.3592435387
56.5	2490.4209973	-276.839550141	34.4445995405
56.55	2503.80202891	-276.940329599	34.6296703682
56.6	2173.48941746	-272.392735587	30.0611714529
56.65	2552.68880339	-277.683096827	35.3058152336
56.7	2246.96124894	-273.225296424	31.0773481619
56.75	2363.76238446	-274.83574237	32.6928052847
56.8	2606.32022769	-278.327189438	36.0475825631
56.85	2153.62895833	-272.023996704	29.7864847385
56.9	2444.10024743	-276.176065583	33.8039449357
56.95	2220.51733013	-272.96022231	30.7116067091
57.0	2374.05351463	-275.094108398	32.8351401983
57.05	2415.20973835	-275.704761633	33.4043650989
57.1	2265.95880887	-273.598696005	31.3401002607
57.15	2291.29743161	-273.882749926	31.690554547
57.2	2761.1580024	-280.484693492	38.1891181306
57.25	2278.85245287	-273.699861424	31.5184301112
57.3	2648.58336248	-278.929325157	36.6321169671
57.35	2232.45462598	-273.065833377	30.876709467
57.4	2483.76853454	-276.712021074	34.352590432
57.45	2394.118167	-275.311440152	33.1126510756
57.5	2452.78315394	-276.095031834	33.9240367748
57.55	2270.75034863	-273.687847735	31.406371252
57.6	2282.42104095	-273.760517949	31.5677866609
57.65	2334.96450036	-274.522901929	32.2945065286
57.7	2447.79072434	-276.163777432	33.8549873094
57.75	2402.54082416	-275.42955895	33.2291434491
57.8	2483.61745507	-276.561639619	34.3505008769
57.85	2270.92312246	-273.670532767	31.4087608582
57.9	2136.90038645	-271.863864084	29.5551146369
57.95	2408.46075639	-275.572611056	33.3110210494
58.0	2564.45014542	-277.704634164	35.4684844033
58.05	2291.61473423	-273.952715618	31.6949431069
58.1	2296.59006309	-274.00896091	31.7637560547
58.15	2361.87595723	-274.869091836	32.6667144227
58.2	2515.77714002	-277.072240364	34.7952961427
58.25	2621.09069867	-278.497541864	36.2518704963
58.3	2406.1208251	-275.538419068	33.2786578481
58.35	2461.13726843	-276.313230779	34.039581146
58.4	2348.00774836	-274.666488477	32.4749055272
58.45	2400.58903944	-275.423105929	33.2021486386
58.5	2559.12333422	-277.713728911	35.3948101617
58.55	2303.66545605	-274.141468302	31.8616146407
58.6	2388.64332275	-275.237337123	33.0369294133
58.65	2438.70264781	-276.036690536	33.7292916311
58.7	2459.46967431	-276.291735552	34.0165169285
58.75	2272.0924864	-273.65541253	31.4249341369
58.8	2535.37650163	-277.455036751	35.0663716607
58.85	2461.80496631	-276.329649307	34.0488159646
58.9	2551.82638217	-277.560170765	35.2938872287
58.95	2520.93386658	-277.155274085	34.8666179721
59.0	2298.10490844	-274.019601993	31.7847076295
59.05	2527.51470092	-277.27502286	34.9576363997
59.1	2471.31158988	-276.50896179	34.1803004977
59.15	2327.53667401	-274.452231863	32.1917734949
59.2	2468.73615346	-276.50629803	34.1446800639
59.25	2483.5369408	-276.761816592	34.3493872975
59.3	2300.10110437	-274.061682106	31.812316684
59.35	2497.66710607	-276.813166572	34.5448192684
59.4	2245.83057214	-273.346906862	31.0617099587
59.45	2493.64490213	-276.910908586	34.4891888332
59.5	2458.62207551	-276.29093971	34.0047939302
59.55	2379.0033604	-275.210402474	32.9036006938
59.6	2366.93066538	-274.962637115	32.7366252523
59.65	2534.10369015	-277.275343713	35.0487676165
59.7	2526.9040796	-277.319135048	34.9491909977
59.75	2391.56038398	-275.36058943	33.0772748031
59.8	2380.62369772	-275.161424518	32.9260113103
59.85	2235.50325334	-273.097082018	30.9188745262
59.9	2524.26666745	-277.179591569	34.9127133879
59.95	2476.74412055	-276.467977895	34.2554369279
60.0	2332.86248488	-274.425274501	32.2654339014
60.05	2382.42847749	-275.128573693	32.9509729199
60.1	2508.82320281	-276.981187189	34.6991173912
60.15	2478.51954736	-276.546797018	34.2799925613
60.2	2271.96345641	-273.541775056	31.4231495444
60.25	2309.13339352	-274.044112126	31.9372407764
60.3	2666.42619983	-279.059294534	36.8788982895
60.35	2148.83687289	-271.875655103	29.7202062001
60.4	2406.14731798	-275.570369496	33.2790242667
60.45	2300.9397392	-274.095488169	31.8239157033
60.5	2521.81330669	-277.196569829	34.8787813623
60.55	2378.28907599	-275.114385233	32.8937215446
60.6	2526.8005186	-277.272725477	34.9477586626
60.65	2325.96159296	-274.450037892	32.1699888103
60.7	2463.14193088	-276.334279571	34.0673072997
60.75	2342.34201402	-274.63224099	32.3965436958
60.8	2379.77947599	-275.090236787	32.9143350198
60.85	2353.3061459	-274.758415518	32.5481867843
60.9	2314.03771115	-274.231010356	32.0050715797
60.95	2491.62375457	-276.806315797	34.4612346768
61.0	2650.47993192	-279.009204542	36.6583481043
61.05	2625.62379004	-278.644929673	36.3145669307
61.1	2472.12456484	-276.468167654	34.1915446194
61.15	2200.08570852	-272.649511283	30.4290203411
61.2	2709.50222212	-279.895803573	37.4746756055
61.25	2200.14514969	-272.593070412	30.4298424622
61.3	2260.08040803	-273.432725377	31.2587970742
61.35	2532.13196822	-277.347843272	35.0214970575
61.4	2445.10990308	-276.107808135	33.8179093156
61.45	2666.76787508	-279.182935926	36.8836239432
61.5	2239.1424815	-273.221974679	30.9692080869
61.55	2484.98657842	-276.600910334	34.3694369948
61.6	2435.34317149	-276.080331871	33.6828272716
61.65	2663.39125008	-279.220019637	36.8369224032
61.7	2393.67572872	-275.367114993	33.1065317852
61.75	2398.48381185	-275.467260265	33.1730315851
61.8	2379.64161155	-275.185890816	32.9124282395
61.85	2433.29671222	-275.945088418	33.6545230332
61.9	2686.62472679	-279.46304577	37.1582607641
61.95	2320.10584634	-274.329927554	32.0889989506
62.0	2392.48811907	-275.354509011	33.0901061532
