# 	 t 	 T	E	K
2.05	1926.55665815	-294.343707314	26.6458854363
2.1	1738.35355294	-291.672114661	24.0428795195
2.15	1901.27205174	-293.95923928	26.2961782409
2.2	1911.28391078	-294.114932438	26.4346506019
2.25	2046.98166791	-296.016568293	28.3114637623
2.3	1924.20993958	-294.333359127	26.6134283612
2.35	1968.00678953	-294.944960701	27.219175325
2.4	1999.4276157	-295.368655777	27.6537515576
2.45	1902.56939582	-293.982387702	26.3141215916
2.5	1939.07490035	-294.545633834	26.8190231668
2.55	1843.60741353	-293.18094049	25.4986281989
2.6	1830.14466636	-292.916677752	25.3124271769
2.65	2166.581243	-297.691352218	29.9656256385
2.7	1783.60256341	-292.384823378	24.6687110745
2.75	2065.28646788	-296.309768768	28.5646344131
2.8	1893.97147866	-293.932396736	26.1952052261
2.85	1945.39184632	-294.694012075	26.9063917982
2.9	2018.26139975	-295.636480313	27.9142384994
2.95	1969.90849544	-294.971786417	27.2454775038
3.0	1946.38783725	-294.682043046	26.9201671836
3.05	1984.71433822	-295.186390965	27.4502546584
3.1	1907.54343833	-294.040310087	26.3829167481
3.15	1870.07802582	-293.528227564	25.8647388448
3.2	1637.62931949	-290.287334246	22.6497793614
3.25	1932.06694788	-294.436697576	26.7220973391
3.3	1632.81023844	-290.181128812	22.5831274511
3.35	1861.70250727	-293.391534428	25.7488984377
3.4	2162.52327643	-297.622616369	29.9095005762
3.45	2106.93828875	-296.854792639	29.1407138356
3.5	1887.11003575	-293.760413012	26.1003057478
3.55	1787.68304607	-292.429918279	24.725147553
3.6	1891.78526297	-293.877594373	26.1649680396
3.65	1928.25918513	-294.392458714	26.6694328044
3.7	1772.49626338	-292.18778883	24.5151016818
3.75	2019.99875797	-295.575518169	27.9382676126
3.8	2062.39836395	-296.248863259	28.5246895269
3.85	1888.77331033	-293.812941907	26.1233102225
3.9	1809.85516635	-292.667728216	25.0318064692
3.95	2018.75955537	-295.643653025	27.9211284071
4.0	2002.47929883	-295.370559392	27.6959588805
4.05	2016.06399139	-295.605699279	27.883846509
4.1	1767.7091639	-292.107857973	24.4488921033
4.15	2016.17514659	-295.632442407	27.8853838781
4.2	1987.94372199	-295.18864949	27.4949197293
4.25	1754.16929041	-291.937918434	24.2616243599
4.3	1821.08694865	-292.886314075	25.1871513864
4.35	1885.04426874	-293.793976919	26.0717344671
4.4	1916.24921054	-294.167209135	26.5033248389
4.45	1920.40592536	-294.178482476	26.5608156718
4.5	1910.20443593	-294.072943337	26.4197205643
4.55	1976.06160966	-295.024031154	27.3305802055
4.6	1833.6797862	-293.114731299	25.3613208328
4.65	1962.33706131	-294.836884576	27.1407582548
4.7	1957.98416501	-294.72527165	27.0805540684
4.75	1905.86561596	-294.106252763	26.3597110653
4.8	1738.91324802	-291.813235745	24.0506205692
4.85	2001.65936808	-295.438003415	27.6846185543
4.9	1854.48695652	-293.331816118	25.6491013527
4.95	1947.22227079	-294.6589235	26.9317080953
5.0	2029.29004512	-295.809934521	28.0667738633
5.05	2036.38049192	-295.865332139	28.1648406564
5.1	1773.81484042	-292.201532138	24.533338702
5.15	1906.21193832	-294.070785007	26.3645009924
5.2	1760.94800763	-291.999488509	24.3553796729
5.25	2092.87450325	-296.67936401	28.9461999522
5.3	1827.55382801	-292.90068975	25.2765937217
5.35	1759.39338496	-291.956701385	24.3338779446
5.4	2001.35208271	-295.398928307	27.6803685414
5.45	2113.75100743	-296.982562583	29.2349394172
5.5	1929.26849415	-294.358705753	26.68339239
5.55	1889.49469373	-293.796096828	26.1332875566
5.6	1921.90853346	-294.291159414	26.5815979949
5.65	1769.72787249	-292.119265899	24.4768125268
5.7	1807.40495821	-292.642221997	24.9979180471
5.75	1950.63772835	-294.651941817	26.9789467221
5.8	2016.26625912	-295.593487956	27.8866440404
5.85	1859.92890351	-293.368528927	25.7243680184
5.9	1945.44468121	-294.623724157	26.9071225489
5.95	1794.04168902	-292.520088092	24.8130928884
6.0	2042.14459828	-295.969427035	28.2445630549
6.05	1751.34056692	-291.813244807	24.2225007547
6.1	1954.76406181	-294.721163075	27.0360173555
6.15	1797.98087236	-292.523091368	24.8675750795
6.2	1925.14406304	-294.351762015	26.6263480676
6.25	1871.57701142	-293.608610881	25.8854710659
6.3	1823.47175944	-292.846825521	25.2201353086
6.35	1910.96448043	-294.116495014	26.4302326136
6.4	1808.56121052	-292.635657512	25.0139099809
6.45	1903.65180298	-293.994952898	26.3290921853
6.5	1901.8536127	-294.020891545	26.304221714
6.55	2073.66548447	-296.416680381	28.6805232011
6.6	1876.62136017	-293.657187008	25.9552386165
6.65	1981.2041414	-295.131058353	27.4017057086
6.7	1911.50049099	-294.103709688	26.4376460868
6.75	1896.75345133	-293.858690044	26.2336822284
6.8	1852.83189556	-293.295328742	25.6262104791
6.85	1912.86978152	-294.152516132	26.4565845169
6.9	1736.17761267	-291.643238848	24.0127844507
6.95	1759.4407463	-291.966030413	24.3345329916
7.0	1879.99734614	-293.646845376	26.0019313182
7.05	2024.44130231	-295.717418395	27.9997117061
7.1	1885.28768326	-293.764908854	26.0751010929
7.15	2013.78455981	-295.545552788	27.852320069
7.2	1796.83873935	-292.460096793	24.8517784274
7.25	1885.6686619	-293.745305741	26.0803703452
7.3	1965.8853254	-294.893396755	27.1898337066
7.35	1815.51881205	-292.747645919	25.110139413
7.4	1987.52512078	-295.162877784	27.4891301255
7.45	1840.28743487	-293.098548277	25.4527101251
7.5	2018.47297229	-295.672173301	27.9171647241
7.55	1859.75670463	-293.355407036	25.7219863642
7.6	1859.15159701	-293.351141547	25.7136172211
7.65	1955.49653016	-294.702270186	27.0461480037
7.7	1815.21356926	-292.76335511	25.1059176507
7.75	1828.24239219	-292.988700181	25.2861171386
7.8	1902.00948572	-293.968645948	26.3063775679
7.85	1949.72278731	-294.649062039	26.9662923244
7.9	2009.69848153	-295.430092287	27.7958061984
7.95	1873.40952996	-293.556538895	25.9108163257
8.0	1880.33057043	-293.690260828	26.006540088
8.05	1862.06457083	-293.405358993	25.7539060786
8.1	1696.04509682	-291.084270587	23.4577182838
8.15	2086.54453135	-296.596982551	28.8586511613
8.2	2003.73754632	-295.398724643	27.7133614927
8.25	1801.97702073	-292.554980543	24.9228451445
8.3	1839.90339635	-293.121521441	25.447398552
8.35	1945.23109249	-294.592432689	26.9041684387
8.4	2002.45344158	-295.438084397	27.6956012532
8.45	1942.82223335	-294.610934579	26.8708519076
8.5	1949.43068908	-294.641557923	26.9622523623
8.55	1871.82589847	-293.526814014	25.8889133815
8.6	1818.15771672	-292.812165132	25.1466376656
8.65	2041.18628912	-295.975916432	28.2313088399
8.7	1821.67162304	-292.779272592	25.1952379208
8.75	1840.67294567	-293.132261832	25.4580420609
8.8	2010.09095698	-295.572451599	27.8012344613
8.85	1809.33934504	-292.622729022	25.0246722302
8.9	2101.15879764	-296.784026433	29.0607786532
8.95	1772.37110525	-292.171227654	24.5133706404
9.0	1996.91778332	-295.354017975	27.6190384824
9.05	1922.26635293	-294.278153531	26.5865469367
9.1	1931.6445804	-294.382726157	26.7162556447
9.15	2088.969561	-296.573681615	28.8921913439
9.2	1766.89722107	-292.015981103	24.4376622567
9.25	1965.90675487	-294.902337006	27.1901300941
9.3	1773.92323592	-292.202715517	24.5348379022
9.35	1710.66545404	-291.301879552	23.6599300184
9.4	1731.79491	-291.628119508	23.9521680173
9.45	1866.05850718	-293.477741102	25.8091455496
9.5	2085.50293704	-296.543582391	28.8442450432
9.55	2056.11753727	-296.138606446	28.4378204554
9.6	1876.04058881	-293.58506075	25.9472060641
9.65	1872.52855161	-293.586254701	25.8986316604
9.7	1832.32123839	-293.024480675	25.3425309835
9.75	1939.55797308	-294.528270738	26.8257044656
9.8	1807.72370026	-292.675936786	25.0023265154
9.85	1718.98410074	-291.418903418	23.7749838404
9.9	1979.31785065	-295.097812451	27.3756167343
9.95	2125.78280141	-297.127871666	29.4013491631
10.0	1775.20442525	-292.198547631	24.5525578191
10.05	1995.46633692	-295.321042887	27.5989637681
10.1	1850.04228618	-293.247036564	25.5876278548
10.15	1968.56456568	-294.934178875	27.2268898344
10.2	1946.56473411	-294.595617608	26.9226138146
10.25	1965.12384715	-294.903233833	27.1793018273
10.3	1800.34122538	-292.611212477	24.9002207304
10.35	1727.77447123	-291.500072464	23.8965619958
10.4	1973.42289928	-295.009544703	27.2940846402
10.45	1871.9038281	-293.592059821	25.8899912133
10.5	1907.37409253	-294.060386374	26.3805745545
10.55	1985.48538825	-295.156291715	27.4609189234
10.6	2062.80300827	-296.263438151	28.5302860954
10.65	1928.40721787	-294.35801038	26.6714802206
10.7	1813.63016834	-292.691528949	25.0840178954
10.75	2037.97661436	-295.886500456	28.186916361
10.8	1844.65832608	-293.205682689	25.5131631961
10.85	1855.07976586	-293.298287001	25.6573004003
10.9	1919.48201297	-294.178334383	26.5480371927
10.95	2049.60547347	-296.069424054	28.3477531816
11.0	1830.6547635	-292.978691225	25.3194822457
11.05	1876.57571884	-293.63509455	25.9546073587
11.1	1965.30350377	-294.855026747	27.1817866282
11.15	1896.91847364	-293.879851	26.2359646246
11.2	1706.83786243	-291.279431762	23.6069912338
11.25	1937.12060431	-294.527751506	26.7919936226
11.3	1873.36064076	-293.639658621	25.9101401474
11.35	2119.543617	-297.034382851	29.3150560389
11.4	1855.25011034	-293.292084201	25.6596564064
11.45	2036.72030397	-295.894458503	28.1695405406
11.5	1971.92932452	-295.006383898	27.2734272555
11.55	1933.42504276	-294.51935865	26.740880924
11.6	1740.73039958	-291.758298612	24.0757532909
11.65	1900.70972138	-294.013525745	26.288400743
11.7	1916.50716708	-294.181646616	26.5068925929
11.75	2113.66261908	-296.949785594	29.2337169326
11.8	1925.52073901	-294.300933553	26.6315578106
11.85	1742.10600033	-291.719096534	24.0947789967
11.9	2004.91641518	-295.429644393	27.7296662323
11.95	1844.77794636	-293.167219679	25.5148176443
12.0	1978.92703758	-295.02926646	27.3702114635
12.05	1687.31182612	-291.003422145	23.336929866
12.1	1891.34210051	-293.819314991	26.1588387333
12.15	1892.18176963	-293.829499789	26.1704520575
12.2	1817.75741646	-292.795875049	25.1411011792
12.25	1965.7056482	-294.871533824	27.1873486211
12.3	2069.83898039	-296.291533348	28.6275994582
12.35	1867.02864397	-293.455271607	25.8225633506
12.4	1785.45757084	-292.377401361	24.6943673744
12.45	1798.90911784	-292.591690828	24.8804134887
12.5	1879.54115901	-293.687949765	25.9956218696
12.55	2027.62865448	-295.753596302	28.0437954451
12.6	1811.9047387	-292.699120424	25.0601537643
12.65	1938.34438902	-294.477721679	26.8089195858
12.7	2000.23745361	-295.380627934	27.6649522913
12.75	1800.62935615	-292.593261955	24.9042058193
12.8	1893.2663711	-293.898384939	26.1854530004
12.85	1878.66137735	-293.677347447	25.9834537556
12.9	1969.54081603	-294.91547917	27.2403921909
12.95	1830.32681201	-292.950462822	25.3149464031
13.0	1855.11439387	-293.290498424	25.6577793345
13.05	1890.78780535	-293.783691384	26.1511723689
13.1	2009.40807357	-295.487919778	27.7917896142
13.15	1830.50220549	-292.991901306	25.3173722413
13.2	2025.56023981	-295.729081376	28.0151875451
13.25	2070.93463883	-296.431846041	28.6427533282
13.3	1775.96992557	-292.219919712	24.5631453271
13.35	1899.36612363	-293.956363074	26.2698176655
13.4	1828.52638393	-292.963186144	25.2900449812
13.45	1988.72600335	-295.236630809	27.505739333
13.5	1935.8645934	-294.493248476	26.7746219441
13.55	2092.15267361	-296.675885059	28.9362164463
13.6	1733.69061838	-291.633275183	23.9783872454
13.65	1711.58253949	-291.307134723	23.6726140749
13.7	2064.06668072	-296.236186508	28.5477637393
13.75	1917.60628819	-294.210966371	26.5220943546
13.8	1935.66937871	-294.431885687	26.7719219621
13.85	1918.93555925	-294.207707462	26.5404792821
13.9	2003.82128431	-295.408420698	27.7145196589
13.95	1796.97883579	-292.507596453	24.853716078
14.0	1669.50862226	-290.731191712	23.0906967078
14.05	1884.91484764	-293.771756421	26.0699444654
14.1	1925.36377639	-294.31851318	26.6293868866
14.15	2121.34593547	-296.999158417	29.3399836066
14.2	1815.12804232	-292.752692532	25.1047347417
14.25	1835.39248502	-293.118707797	25.3850088859
14.3	2160.36151818	-297.671086658	29.8796016566
14.35	1713.46334813	-291.292283537	23.6986272271
14.4	1925.54302957	-294.331238087	26.6318661076
14.45	1821.89714472	-292.895620554	25.1983570738
14.5	1833.06679637	-292.933615484	25.3528426722
14.55	2001.09708449	-295.324112364	27.6768417033
14.6	1768.04746293	-292.111487119	24.4535710611
14.65	1838.07329882	-293.107280373	25.4220867768
14.7	1894.87551856	-293.906179333	26.207708852
14.75	2038.12273458	-295.886647004	28.1889373256
14.8	2049.33171025	-296.063831564	28.3439668079
14.85	1716.54736281	-291.376370679	23.7412817224
14.9	1981.43678527	-295.078686766	27.4049233674
14.95	1815.31624083	-292.773440969	25.1073376842
15.0	1917.09117751	-294.239211334	26.5149699443
15.05	1896.7032302	-293.864772141	26.2329876283
15.1	1994.66300386	-295.278051194	27.5878530018
15.15	1732.9570651	-291.558747442	23.9682415917
15.2	1906.51124979	-294.060441209	26.3686407197
15.25	1862.97317817	-293.469823728	25.766472876
15.3	2179.4408224	-297.917399596	30.1434843472
15.35	1834.35688106	-293.029889711	25.3706856194
15.4	1801.83840773	-292.569741004	24.9209280111
15.45	2046.69042091	-296.046497406	28.3074355734
15.5	1998.31724705	-295.35701448	27.638394233
15.55	1853.87923299	-293.296650785	25.6406960293
15.6	1817.65480569	-292.813204588	25.1396819867
15.65	2075.94422671	-296.462492198	28.7120401069
15.7	1950.06531233	-294.709047292	26.9710297311
15.75	1939.01263373	-294.497771678	26.8181619676
15.8	1778.32902013	-292.204009585	24.5957735724
15.85	1893.7161535	-293.865869118	26.1916738662
15.9	1948.19191079	-294.627020307	26.9451190253
15.95	2050.14031695	-295.983117213	28.355150513
16.0	1994.28282789	-295.25270336	27.5825948511
16.05	1753.38260455	-291.92855007	24.2507438382
16.1	1814.43185431	-292.74182255	25.0951058809
16.15	1844.42290718	-293.153797557	25.5099071562
16.2	1970.71776663	-294.946929456	27.2566703993
16.25	1908.55945219	-294.127303494	26.3969690671
16.3	1865.34807312	-293.463518565	25.799319654
16.35	2002.40377768	-295.343687205	27.69491436
16.4	1981.2089521	-295.068789717	27.4017722447
16.45	1894.99540615	-293.863883915	26.2093669973
16.5	1873.78948607	-293.61107711	25.9160714357
16.55	1624.85465141	-290.080098511	22.4730950471
16.6	1909.02131068	-294.054502751	26.4033569553
16.65	1890.59744806	-293.843125974	26.1485395687
16.7	1812.14419417	-292.741026207	25.0634656332
16.75	2092.26894231	-296.598648969	28.9378245394
16.8	2079.83556812	-296.458156717	28.7658606042
16.85	1842.39028201	-293.153428376	25.4817942549
16.9	1662.55534154	-290.557646307	22.994527036
16.95	1909.04624724	-294.037929163	26.4037018488
17.0	1872.56500505	-293.499702732	25.8991358419
17.05	1729.0968533	-291.508298144	23.9148516429
17.1	1962.5958839	-294.792001895	27.1443379871
17.15	1824.1365734	-292.908663114	25.2293302402
17.2	2011.0058599	-295.51475042	27.8138883317
17.25	1939.16891719	-294.478592049	26.8203234981
17.3	1726.95917215	-291.581471089	23.8852857296
17.35	1816.15116764	-292.841688031	25.1188854183
17.4	2062.85603148	-296.247613596	28.5310194506
17.45	2023.27492484	-295.700700091	27.9835797329
17.5	2013.8764552	-295.545089607	27.853591059
17.55	1895.56303596	-293.856922632	26.217217791
17.6	1920.77317367	-294.212488588	26.5658950222
17.65	1735.83671796	-291.669634754	24.0080695925
17.7	1911.4591308	-294.17382215	26.4370740409
17.75	1960.72868585	-294.830602348	27.1185130807
17.8	1882.75090069	-293.707736048	26.0400152742
17.85	1965.12094528	-294.876535438	27.1792616921
17.9	1765.46445895	-292.04788342	24.4178459616
17.95	2053.48509179	-296.103161298	28.4014115387
18.0	1916.35040973	-294.218668027	26.5047245081
18.05	1870.90104361	-293.543137876	25.8761218673
18.1	1959.79980647	-294.785509022	27.1056659041
18.15	2066.54439937	-296.290992371	28.5820326548
18.2	1880.90508629	-293.658058516	26.0144861215
18.25	1835.28637973	-293.049639588	25.3835413612
18.3	1821.28506449	-292.858247651	25.1898914936
18.35	1877.01656907	-293.631270257	25.9607046851
18.4	1878.91294064	-293.574111905	25.9869330857
18.45	1874.69326631	-293.57518458	25.9285714703
18.5	1843.73112932	-293.199821219	25.5003392915
18.55	1912.98999126	-294.180554286	26.4582471179
18.6	1920.01659674	-294.278122084	26.5554309322
18.65	2002.01567999	-295.379634406	27.6895466454
18.7	1806.57742081	-292.608139976	24.9864725146
18.75	1892.36613587	-293.879527489	26.1730019964
18.8	2082.09297361	-296.528134781	28.7970824049
18.85	1864.12848922	-293.418485985	25.7824517914
18.9	1793.40805146	-292.474601602	24.8043291525
18.95	1978.66897885	-295.11836141	27.3666422961
19.0	1937.8095844	-294.5070448	26.8015227919
19.05	1676.83569206	-290.850555243	23.1920361942
19.1	1908.90438387	-294.071697089	26.40173976
19.15	1825.16692286	-292.861018555	25.2435808326
19.2	2040.61597844	-295.945717263	28.2234209676
19.25	1962.01306713	-294.808355364	27.136277145
19.3	1795.02505113	-292.416296962	24.8266936066
19.35	1909.93807158	-294.139267246	26.4160365232
19.4	2009.68544622	-295.550799696	27.7956259092
19.45	1585.084174	-289.512769965	21.9230361736
19.5	2034.28622902	-295.84591302	28.1358752538
19.55	1942.68198558	-294.544161266	26.8689121641
19.6	1882.03759339	-293.661662422	26.0301496393
19.65	1978.0054864	-295.064604048	27.3574656422
19.7	1799.29853085	-292.53098408	24.8857993955
19.75	1905.54759962	-293.955873818	26.3553126341
19.8	2039.87297894	-295.900432358	28.2131446649
19.85	1951.47112909	-294.700487047	26.9904733494
19.9	1867.57749288	-293.511784025	25.8301543887
19.95	1951.29939102	-294.676122455	26.9880980687
20.0	1837.3754356	-293.047051539	25.4124347464
20.05	1825.57240707	-292.879130577	25.2491890174
20.1	2022.71038549	-295.649490445	27.9757716829
20.15	1868.56496016	-293.4988143	25.8438118849
20.2	2171.67033974	-297.789986181	30.036012091
20.25	1805.62581904	-292.65953133	24.9733110684
20.3	1889.32402108	-293.800913957	26.1309270115
20.35	1796.21743716	-292.476617107	24.8431852999
20.4	1849.54450909	-293.215786638	25.5807431824
20.45	2059.9012496	-296.169748192	28.4901523527
20.5	1965.30466842	-294.857156698	27.1818027363
20.55	1820.93244263	-292.870811374	25.1850144392
20.6	1945.19929753	-294.638086606	26.9037286879
20.65	1928.46476734	-294.330893044	26.6722761778
20.7	1953.56796101	-294.725436702	27.0194742838
20.75	2022.55152542	-295.693636036	27.9735745157
20.8	1750.64914291	-291.882383941	24.212937784
20.85	2009.09969935	-295.499534296	27.7875245415
20.9	1930.60403157	-294.390059093	26.7018639864
20.95	1684.12131232	-290.982995396	23.2928023991
21.0	2010.98593687	-295.547937442	27.8136127797
21.05	2129.52910138	-297.118393756	29.4531636163
21.1	1835.41439201	-293.025214544	25.3853118779
21.15	1968.50155592	-294.971008636	27.2260183568
21.2	1806.33170384	-292.67907237	24.9830740439
21.25	1876.91111994	-293.621528037	25.9592462357
21.3	1967.7885443	-294.916779604	27.2161568114
21.35	1748.17156309	-291.870620962	24.1786707886
21.4	1874.95433891	-293.612308104	25.9321823221
21.45	2112.5280884	-296.89547044	29.218025427
21.5	1852.22457157	-293.237509374	25.6178106818
21.55	1822.52393321	-292.895053606	25.2070260813
21.6	1878.04945164	-293.648082459	25.9749903126
21.65	1813.32299442	-292.762040473	25.0797694238
21.7	2063.03383824	-296.277204165	28.5334786663
21.75	1728.34781316	-291.560583922	23.904491793
21.8	2162.3455515	-297.608996247	29.9070424922
21.85	1771.73295	-292.152325944	24.5045444211
21.9	1990.6153726	-295.253374758	27.5318708856
21.95	1984.90797168	-295.162721969	27.4529327705
22.0	1948.29086352	-294.658271639	26.9464876241
22.05	1752.22809236	-291.887422322	24.2347759719
22.1	1806.51544391	-292.653798251	24.9856153224
22.15	1847.33592168	-293.181701325	25.5501965765
22.2	1982.00702135	-295.137772038	27.4128102079
22.25	1986.30443499	-295.193495129	27.4722470228
22.3	1708.55519327	-291.259609797	23.6307433517
22.35	1858.76240609	-293.381975935	25.7082343862
22.4	1996.13852778	-295.298188456	27.6082607284
22.45	2016.60601146	-295.563056605	27.8913430986
22.5	1843.72123033	-293.133933843	25.5002023802
22.55	1908.28617706	-294.103800449	26.3931894442
22.6	1910.54714838	-294.103886948	26.4244605633
22.65	1912.79696755	-294.183142464	26.4555774389
22.7	1853.5025915	-293.31102737	25.6354867634
22.75	2015.34983694	-295.608725365	27.8739691573
22.8	1969.30406995	-294.933932488	27.2371177951
22.85	1660.766091	-290.593733723	22.9697802086
22.9	2023.93255821	-295.693256275	27.992675351
22.95	2035.89968549	-295.854729667	28.1581907025
23.0	1834.2688356	-293.043621784	25.3694678773
23.05	1850.25568735	-293.250021189	25.5905793709
23.1	1819.18940029	-292.826268255	25.1609067099
23.15	2023.06127233	-295.664008373	27.9806247406
23.2	1865.1879656	-293.454911767	25.7971052334
23.25	1851.65850809	-293.268708074	25.6099815517
23.3	1782.00509989	-292.267799063	24.6466168216
23.35	2081.98364724	-296.500977055	28.79557033
23.4	1853.18017713	-293.317915095	25.6310275037
23.45	1780.3849299	-292.251161148	24.6242085194
23.5	1812.97042148	-292.757347179	25.074893046
23.55	1830.91822118	-293.049989831	25.3231260852
23.6	1736.2013608	-291.65579618	24.0131129071
23.65	2026.54212085	-295.694175842	28.0287677787
23.7	1876.28279015	-293.560099863	25.9505559106
23.75	1999.13043326	-295.356525157	27.6496412766
23.8	1923.65895611	-294.261621798	26.6058078002
23.85	1859.24846589	-293.440283081	25.7149569986
23.9	1969.32137386	-295.008153568	27.2373571227
23.95	1877.33848527	-293.668842276	25.9651570547
24.0	1994.23873924	-295.287739267	27.5819850683
24.05	1934.42378558	-294.392340602	26.7546943703
24.1	1783.67054537	-292.286918967	24.6696513217
24.15	2001.5939107	-295.370212604	27.6837132242
24.2	1869.43096675	-293.511447977	25.8557894782
24.25	1985.49207795	-295.162578407	27.4610114474
24.3	1695.45185569	-291.09064101	23.4495132642
24.35	1863.49348189	-293.434363287	25.7736691104
24.4	2125.81047653	-297.169241811	29.4017319331
24.45	1932.54323351	-294.400175152	26.7286847666
24.5	1915.90961057	-294.162127909	26.4986278881
24.55	1834.65675359	-293.054973318	25.3748331066
24.6	2025.51319394	-295.759549393	28.0145368614
24.65	1625.25524276	-290.067404685	22.4786355595
24.7	2017.76384639	-295.546366679	27.9073569214
24.75	1971.93187505	-294.950544296	27.2734625314
24.8	1978.04543964	-295.108288194	27.3580182288
24.85	1748.85080501	-291.844229697	24.1880652708
24.9	1934.60404868	-294.514726772	26.7571875593
24.95	1887.99007993	-293.838029578	26.1124774929
25.0	2016.05148518	-295.607067322	27.8836735377
25.05	1900.67349475	-293.948955727	26.2878996984
25.1	2111.53776271	-296.938470801	29.2043283967
25.15	1815.47940503	-292.822040446	25.109594381
25.2	1817.82421923	-292.806661441	25.1420251172
25.25	2001.9772308	-295.320924805	27.6890148609
25.3	1874.23332006	-293.591332791	25.9222100299
25.35	1910.23705235	-294.151030742	26.4201716767
25.4	1971.86450812	-295.001930057	27.2725307906
25.45	1968.75257486	-294.941460953	27.2294901581
25.5	1923.3681323	-294.280741833	26.6017854643
25.55	1803.14264901	-292.60860729	24.9389667558
25.6	1850.34078365	-293.250423906	25.5917563237
25.65	2088.64063206	-296.652456955	28.8876419824
25.7	1856.67604382	-293.389564508	25.6793782558
25.75	2021.46130617	-295.688167077	27.9584958741
25.8	1791.34296435	-292.455070342	24.7757672753
25.85	1939.0576531	-294.461363442	26.8187846229
25.9	1984.0548357	-295.119123947	27.4411331885
25.95	1932.20666939	-294.440898846	26.7240298041
26.0	1889.00014091	-293.829025149	26.1264474786
26.05	1728.23999021	-291.534907954	23.9030005117
26.1	1832.07696577	-293.021257474	25.3391524894
26.15	1936.42081909	-294.46671128	26.7823150093
26.2	1943.29814933	-294.571252134	26.8774342226
26.25	1934.12473747	-294.417807873	26.7505582854
26.3	1885.5282828	-293.727140048	26.0784287853
26.35	1888.39221588	-293.754968587	26.1180393684
26.4	1906.78800243	-294.037420137	26.3724684395
26.45	1834.6715704	-293.049048007	25.3750380354
26.5	1789.68424362	-292.397804743	24.7528257841
26.55	1972.25541353	-294.99393749	27.2779373384
26.6	1979.73576625	-295.062244858	27.3813968556
26.65	1882.90825681	-293.662307513	26.0421916405
26.7	1981.18835718	-295.132461369	27.4014873997
26.75	1983.97820032	-295.165264405	27.4400732571
26.8	1845.9822663	-293.178265456	25.5314743936
26.85	1755.19410068	-291.897917359	24.2757983407
26.9	1993.86442232	-295.24355083	27.5768079532
26.95	1684.58435733	-290.900483492	23.2992066977
27.0	2122.8080375	-297.12242911	29.3602056971
27.05	1733.28429795	-291.621155895	23.972767495
27.1	2042.81248838	-295.979168193	28.2538005321
27.15	1959.56102131	-294.80779568	27.1023633062
27.2	1873.87756884	-293.578877316	25.9172896939
27.25	2018.52088672	-295.652261511	27.9178274207
27.3	1944.71781146	-294.613034455	26.8970693339
27.35	1764.85817244	-292.011371837	24.4094605134
27.4	2080.78570687	-296.497893664	28.7790018156
27.45	1847.05105199	-293.22777687	25.5462565911
27.5	1790.98408066	-292.394194866	24.7708036146
27.55	1890.4412509	-293.770287681	26.1463792317
27.6	1941.16684503	-294.539630511	26.8479565065
27.65	1712.84945287	-291.313439074	23.6901365437
27.7	1987.72298898	-295.202149415	27.4918668077
27.75	1918.64123474	-294.263542804	26.5364085286
27.8	1908.36298105	-294.036563028	26.3942517075
27.85	2142.30078315	-297.371541373	29.6298066275
27.9	1759.4181431	-292.021353595	24.3342203704
27.95	1789.7877083	-292.386449293	24.754256787
28.0	2020.64055519	-295.658116016	27.9471442034
28.05	1791.93913786	-292.467925432	24.7840128522
28.1	1776.32493508	-292.166743474	24.5680554047
28.15	2016.95461778	-295.52759561	27.8961646147
28.2	1886.76649817	-293.730816374	26.0955543366
28.25	1785.76356557	-292.35848476	24.6985995367
28.3	1869.35034805	-293.552651095	25.8546744544
28.35	2057.27464577	-296.190220643	28.4538242311
28.4	1960.93606847	-294.794263851	27.1213813553
28.45	1955.28544736	-294.716068259	27.0432285524
28.5	1813.91360541	-292.799006755	25.0879380664
28.55	1612.25262386	-289.967913208	22.2987984951
28.6	1927.76715683	-294.362058513	26.6626276427
28.65	2063.06961129	-296.259245379	28.5339734375
28.7	1883.49007015	-293.681019938	26.0502386044
28.75	2089.62884816	-296.606423417	28.9013098353
28.8	1931.62979743	-294.459444061	26.7160511838
28.85	1871.69182293	-293.622833009	25.8870590049
28.9	1784.00338619	-292.265452076	24.6742547878
28.95	1853.39821629	-293.274763684	25.6340431672
29.0	1910.63268527	-294.101842325	26.4256436099
29.05	1915.45632076	-294.132180913	26.4923585118
29.1	1812.55305042	-292.721772357	25.0691204561
29.15	1928.02294421	-294.386084835	26.6661653954
29.2	1953.8982	-294.709853388	27.0240417645
29.25	1872.81706292	-293.575589159	25.9026220124
29.3	1939.48696018	-294.486601097	26.8247222979
29.35	1934.49082401	-294.447457007	26.7556215677
29.4	1997.50499859	-295.363523434	27.6271601593
29.45	1619.13267442	-290.019452578	22.3939553328
29.5	1806.53918215	-292.622399929	24.9859436421
29.55	1877.91145743	-293.64473763	25.9730817375
29.6	2174.10312444	-297.832479648	30.0696595325
29.65	1824.8954264	-292.859979228	25.2398258102
29.7	2112.13072545	-296.951910824	29.212529566
29.75	1733.79508559	-291.612273947	23.9798321141
29.8	1880.7561586	-293.716847814	26.0124263274
29.85	1813.68978975	-292.788621626	25.0848425091
29.9	1990.30505054	-295.283553285	27.5275788727
29.95	1882.39911521	-293.767404006	26.0351497877
30.0	2025.06600053	-295.686914699	28.0083518035
30.05	2043.52675193	-295.9517534	28.2636793927
30.1	1837.11614369	-293.089610418	25.408848523
30.15	1723.41663669	-291.478559671	23.8362895095
30.2	1950.66756364	-294.633098498	26.979359369
30.25	1848.71625332	-293.184314959	25.5692877143
30.3	1852.52225197	-293.26216127	25.6219278501
30.35	1812.07884295	-292.726720717	25.0625617713
30.4	1905.15228766	-294.028701738	26.3498451399
30.45	1900.21699268	-293.942776126	26.2815858941
30.5	2003.55512725	-295.420965635	27.7108384848
30.55	1941.26674898	-294.573272383	26.8493382615
30.6	1998.33779694	-295.348164878	27.6386784551
30.65	1815.39733545	-292.770221089	25.1084592904
30.7	1952.10392681	-294.722472231	26.9992254696
30.75	1913.17850721	-294.112549806	26.4608544506
30.8	1967.74807965	-294.976332105	27.2155971515
30.85	2100.83404735	-296.824572747	29.0562870858
30.9	1896.727469	-293.910858306	26.2333228712
30.95	1903.6418661	-294.052854411	26.32895475
31.0	1621.86397243	-290.037246597	22.4317314623
31.05	2019.27735065	-295.624505539	27.9282899476
31.1	1827.34293794	-292.889528788	25.273676936
31.15	1971.49691252	-294.942045092	27.2674466369
31.2	1895.8423239	-293.917910936	26.2210805762
31.25	2051.8329477	-296.178056282	28.3785610081
31.3	2011.11295745	-295.550872763	27.8153695801
31.35	1940.71785709	-294.528812379	26.8417466288
31.4	1956.75163704	-294.807821924	27.0635071786
31.45	1744.88277735	-291.77911544	24.1331841388
31.5	2107.93120503	-296.866146607	29.1544466959
31.55	1729.35382825	-291.548685705	23.9184058207
31.6	1866.0651787	-293.428491671	25.8092378223
31.65	1992.10890847	-295.252507102	27.5525277323
31.7	2075.67216839	-296.48653003	28.7082773133
31.75	1793.34823384	-292.523166025	24.8035018249
31.8	1830.53904943	-292.970970045	25.3178818237
31.85	1848.52801607	-293.232256398	25.5666842362
31.9	1690.21524294	-290.979343353	23.3770865422
31.95	2127.15405018	-297.126999264	29.4203146773
32.0	1902.42142254	-293.952582772	26.3120749976
32.05	1865.15374551	-293.471442963	25.7966319411
32.1	1727.47767489	-291.515002665	23.8924570549
32.15	1947.00482724	-294.652560316	26.9287006697
32.2	1843.33820504	-293.158525138	25.494904821
32.25	1785.34914754	-292.340406473	24.6928677897
32.3	1807.91906632	-292.629203402	25.005028591
32.35	1940.69366853	-294.553118276	26.8414120808
32.4	1710.0943131	-291.252503616	23.6520306627
32.45	2115.62277926	-296.938806137	29.2608275827
32.5	2000.99683856	-295.358417144	27.6754552185
32.55	1781.95423763	-292.347182867	24.6459133541
32.6	1869.40670718	-293.530697179	25.8554539482
32.65	2057.1008909	-296.111981945	28.4514210563
32.7	2028.84953808	-295.748806849	28.0606812835
32.75	1652.0209286	-290.491841857	22.8488273188
32.8	2060.64364321	-296.208328206	28.5004202755
32.85	1899.14350472	-293.93000588	26.2667386602
32.9	1824.61041745	-292.920502737	25.2358838986
32.95	1821.75595337	-292.897882713	25.1964042796
33.0	1873.23113638	-293.609097044	25.9083489937
33.05	1872.06994929	-293.598860581	25.8922888078
33.1	2080.78368704	-296.495755196	28.7789738797
33.15	1885.37100438	-293.741850242	26.0762534935
33.2	1842.30397796	-293.121226196	25.4806005979
33.25	2008.39353677	-295.433575266	27.7777577241
33.3	1951.23084652	-294.740051536	26.9871500411
33.35	1684.18961751	-290.948865903	23.2937471168
33.4	1984.32629982	-295.179471235	27.4448877636
33.45	1916.26643523	-294.234107679	26.5035630707
33.5	1884.48478514	-293.737552622	26.0639963423
33.55	1976.7349897	-295.021520975	27.3398936131
33.6	1855.8333402	-293.370090565	25.6677229619
33.65	2008.56566042	-295.52657635	27.7801383377
33.7	1866.70901781	-293.497048281	25.8181426541
33.75	1916.8369611	-294.167007971	26.5114539194
33.8	1834.21869751	-293.049487096	25.3687744257
33.85	1697.4006885	-291.097913847	23.4764672473
33.9	2059.82656622	-296.213802903	28.4891194193
33.95	1807.11495054	-292.648082684	24.9939069991
34.0	1912.17824425	-294.129576855	26.4470199797
34.05	1905.71788999	-294.017088829	26.3576678919
34.1	2117.23966471	-296.99748763	29.2831904571
34.15	1883.54817294	-293.699792117	26.0510422144
34.2	1827.87415042	-292.993184968	25.2810240477
34.25	1791.13107386	-292.445038442	24.7728366531
34.3	1865.11259755	-293.49349056	25.7960628305
34.35	1919.44398907	-294.23250852	26.5475112905
34.4	1937.93827051	-294.509766719	26.8033026281
34.45	1992.58163708	-295.277700809	27.5590659633
34.5	2057.74641251	-296.165234552	28.4603491586
34.55	1886.36238718	-293.759082434	26.0899651446
34.6	1908.27108533	-294.113897859	26.392980713
34.65	1845.8348861	-293.185130441	25.5294360024
34.7	1806.176902	-292.640825688	24.9809330053
34.75	1940.56626008	-294.578367726	26.8396499157
34.8	2034.87590081	-295.874229895	28.1440309065
34.85	1925.33318819	-294.304143674	26.6289638263
34.9	1920.33258988	-294.23397407	26.5598013808
34.95	1901.58275365	-293.956021057	26.3004755075
35.0	1908.97370318	-294.078597896	26.4026985038
35.05	1870.7127093	-293.580780527	25.8735170467
35.1	1944.55928213	-294.592986192	26.8948767411
35.15	1895.51667711	-293.842244229	26.2165766095
35.2	1916.61274506	-294.176449963	26.5083528245
35.25	1683.39038165	-290.901585177	23.2826930182
35.3	1865.5657018	-293.449445112	25.8023296401
35.35	2126.75621362	-297.131810267	29.4148122658
35.4	1820.1659871	-292.817609791	25.17441372
35.45	1782.17589488	-292.303363942	24.6489790588
35.5	2027.32211073	-295.749341308	28.0395556894
35.55	1950.73406335	-294.65371771	26.9802791155
35.6	1986.92403786	-295.210633431	27.4808166474
35.65	1685.05051695	-290.943711485	23.3056540742
35.7	2012.33223142	-295.516325591	27.8322331561
35.75	2045.52225892	-295.969910465	28.2912789187
35.8	1841.06999985	-293.108980251	25.4635336514
35.85	1966.86590128	-294.93574758	27.2033958889
35.9	1854.16729282	-293.309831599	25.6446801371
35.95	1807.63325421	-292.672168926	25.0010755711
36.0	1904.6703199	-294.029894105	26.3431791238
36.05	1827.07301052	-292.961963921	25.2699436147
36.1	1919.69947496	-294.221614704	26.5510448735
36.15	2047.89338772	-296.026165721	28.3240736078
36.2	1888.39885887	-293.76193003	26.1181312466
36.25	1996.26415863	-295.311669925	27.6099983078
36.3	1836.68966949	-293.055883683	25.4029500291
36.35	1832.02519531	-293.016216221	25.3384364607
36.4	1866.42411537	-293.513702697	25.8142022158
36.45	1825.83851064	-292.8775405	25.2528694517
36.5	2067.22000649	-296.246550888	28.5913768648
36.55	1897.08911923	-293.895775994	26.2383247954
36.6	1814.23074441	-292.768254639	25.0923243632
36.65	1983.20241924	-295.16105038	27.4293435579
36.7	1857.62507384	-293.407074092	25.6925041325
36.75	1933.55624089	-294.433368763	26.7426955036
36.8	1939.70562602	-294.543716168	26.8277466289
36.85	1840.34514	-293.108976032	25.4535082351
36.9	1980.16491381	-295.07193045	27.3873323243
36.95	1839.74017467	-293.135227251	25.44514106
37.0	1965.14353742	-294.857212086	27.1795741601
37.05	2037.40431367	-295.847292079	28.1790009652
37.1	1831.73199216	-293.034075652	25.3343812166
37.15	1773.02162582	-292.236612833	24.5223678825
37.2	1820.35493936	-292.804499234	25.1770270873
37.25	1987.14980407	-295.203216049	27.4839391824
37.3	2027.87536601	-295.752632551	28.0472076714
37.35	1997.21383202	-295.364425783	27.6231330829
37.4	1916.91680469	-294.235741889	26.5125582228
37.45	1899.60897625	-293.906614918	26.2731765197
37.5	1856.25670215	-293.33395762	25.6735784107
37.55	1837.86369562	-293.110186464	25.4191877897
37.6	1834.25876787	-293.02321978	25.3693286322
37.65	2052.69560227	-296.120426018	28.3904922402
37.7	1785.18134322	-292.363667673	24.690546916
37.75	1925.0576936	-294.30050558	26.6251535063
37.8	1954.5871505	-294.671350748	27.0335705245
37.85	1889.9659242	-293.823648701	26.1398050671
37.9	1939.76043276	-294.51137223	26.8285046518
37.95	1780.23970202	-292.29121983	24.6221998966
38.0	2245.84383372	-298.836646883	31.0618933774
38.05	1868.92661681	-293.546826603	25.8488138979
38.1	1766.71233569	-292.093084025	24.4351051377
38.15	2093.70184929	-296.673492825	28.957642838
38.2	1873.52220846	-293.540339657	25.9123747634
38.25	1847.14373924	-293.222036246	25.547538533
38.3	1848.61060218	-293.277180447	25.5678264709
38.35	1865.11173678	-293.473533063	25.7960509253
38.4	1853.55059548	-293.250268107	25.6361506984
38.45	1956.95886333	-294.759522889	27.066373291
38.5	1921.67251049	-294.258349616	26.5783336004
38.55	1977.90819116	-295.024152135	27.3561199678
38.6	1789.10281643	-292.40591385	24.7447841613
38.65	1917.55338714	-294.214295717	26.521362689
38.7	1697.50521308	-291.114265776	23.4779129094
38.75	1900.17070839	-293.955070336	26.2809457437
38.8	2141.37539485	-297.313580741	29.6170077355
38.85	1904.13848952	-293.990171629	26.3358234661
38.9	1847.72776544	-293.268651105	25.5556161025
38.95	1708.9407843	-291.307872337	23.6360763973
39.0	1863.30632725	-293.432576996	25.7710806056
39.05	1887.17437122	-293.766810197	26.101195561
39.1	1957.86827833	-294.793200496	27.078951259
39.15	1974.15258766	-295.04560291	27.304176839
39.2	1926.12252078	-294.330659488	26.6398809543
39.25	1856.68676457	-293.359413623	25.6795265327
39.3	1982.97679822	-295.112775748	27.4262230309
39.35	1771.16214051	-292.097642764	24.4966496498
39.4	1892.60508843	-293.826731325	26.1763069095
39.45	1922.31318546	-294.267181608	26.5871946697
39.5	1758.78866199	-291.954060864	24.3255141217
39.55	1991.12766167	-295.247763121	27.5389562707
39.6	1710.46139104	-291.29538871	23.6571076568
39.65	1923.31087834	-294.273975274	26.6009935943
39.7	2058.79635324	-296.178539621	28.4748707145
39.75	1986.49583945	-295.180068049	27.4748943062
39.8	1821.25688957	-292.800826333	25.189501811
39.85	1886.0655397	-293.77924564	26.0858594963
39.9	1915.63774286	-294.20215251	26.4948677308
39.95	1870.66902723	-293.589862597	25.8729128873
40.0	2085.25192688	-296.574667302	28.8407733634
40.05	1988.33052376	-295.146039643	27.5002695204
40.1	1721.91560321	-291.477028299	23.8155289646
40.15	1877.53527582	-293.695433548	25.9678788321
40.2	1984.29057432	-295.17867197	27.4443936501
40.25	1936.70540778	-294.443806807	26.7862511082
40.3	1975.48151431	-295.023015827	27.3225570029
40.35	1910.34336378	-294.17263976	26.4216420524
40.4	1968.36014285	-294.954199863	27.224062496
40.45	1783.09980193	-292.311921998	24.6617574638
40.5	2057.9565444	-296.204456189	28.4632554579
40.55	1984.76662865	-295.148927002	27.4509778786
40.6	1866.18051605	-293.484694633	25.810833034
40.65	1974.77135973	-295.061265974	27.3127349729
40.7	1892.17855641	-293.877439129	26.170407616
40.75	1816.06101644	-292.815363336	25.117638552
40.8	1757.99729774	-291.998156265	24.314568894
40.85	1798.60757792	-292.527998189	24.8762429402
40.9	2217.55098916	-298.378263262	30.6705797394
40.95	1981.44876666	-295.140364204	27.40508908
41.0	1971.17585804	-294.990031524	27.2630061855
41.05	1746.93522874	-291.814607849	24.1615712533
41.1	1800.5660589	-292.58234251	24.9033303655
41.15	1902.05344929	-293.983756446	26.3069856207
41.2	1822.95500122	-292.848018423	25.2129881114
41.25	2113.05418708	-296.928595916	29.2253018105
41.3	1809.28255768	-292.589582765	25.0238868137
41.35	1838.24255169	-293.054074382	25.4244276851
41.4	1852.46482264	-293.336925978	25.6211335545
41.45	1908.63273048	-294.155259499	26.397982567
41.5	1895.31538027	-293.926033121	26.2137925063
41.55	1895.75208746	-293.864539555	26.2198325309
41.6	2088.6442232	-296.607115891	28.8876916509
41.65	1842.0207179	-293.118437674	25.4766828749
41.7	1891.14440002	-293.819770393	26.1561043706
41.75	2072.51004741	-296.391010257	28.6645425429
41.8	1971.96303887	-294.970368623	27.273893553
41.85	1688.97121533	-290.935807254	23.3598806027
41.9	1933.7759279	-294.408830374	26.7457339582
41.95	1967.40435494	-294.912628479	27.2108431522
42.0	1817.22547109	-292.765237003	25.133743931
42.05	1941.39469482	-294.489762174	26.8511078591
42.1	2065.13184074	-296.301843031	28.5624957907
42.15	1877.89451427	-293.694027391	25.9728473995
42.2	1854.51729551	-293.282670534	25.6495209661
42.25	1961.69356106	-294.877355104	27.1318581097
42.3	2057.473021	-296.228610048	28.4565679259
42.35	1780.55633453	-292.307237266	24.6265791883
42.4	1988.2773792	-295.168082716	27.4995344868
42.45	1975.55560072	-295.031426961	27.3235816798
42.5	1957.99493177	-294.795534291	27.0807029816
42.55	1853.66441476	-293.291481574	25.637724914
42.6	1941.58169746	-294.531345991	26.8536942616
42.65	1956.19424545	-294.720286496	27.055797988
42.7	2000.97503186	-295.38571306	27.6751536137
42.75	1709.54381438	-291.284641303	23.6444168063
42.8	1907.74506147	-294.049309143	26.3857053643
42.85	1773.10962959	-292.154677113	24.523585048
42.9	1935.3552917	-294.4784138	26.7675778768
42.95	1859.21210726	-293.382780615	25.7144541283
43.0	2012.56857852	-295.499338874	27.8355020336
43.05	1821.15658146	-292.888847692	25.1881144662
43.1	1901.01177248	-294.04076604	26.2925783616
43.15	1739.51725279	-291.668014539	24.058974459
43.2	2100.13063276	-296.750204495	29.0465582753
43.25	1827.39453269	-292.919061905	25.2743905345
43.3	1910.05141266	-294.121626316	26.4176041249
43.35	1937.74951855	-294.503437056	26.8006920311
43.4	1882.51622805	-293.719393985	26.0367695558
43.45	1827.96527913	-292.980462773	25.2822844338
43.5	1889.17339706	-293.832082153	26.1288437557
43.55	1805.93995903	-292.660317708	24.9776558865
43.6	1935.14735538	-294.501391624	26.764701944
43.65	2043.04779678	-295.931943302	28.2570550436
43.7	1783.12029893	-292.251869032	24.6620409544
43.75	1897.6075065	-293.91647792	26.2454945238
43.8	1782.90905469	-292.301034711	24.6591192704
43.85	2020.66126781	-295.655927934	27.9474306763
43.9	1835.18374876	-293.05585281	25.3821218894
43.95	1804.33843765	-292.627763395	24.95550551
44.0	1881.31236733	-293.690474566	26.020119158
44.05	2131.84826416	-297.207706905	29.4852395718
44.1	1896.86867608	-293.927186153	26.2352758829
44.15	1961.05023528	-294.839002654	27.1229603775
44.2	1886.53167612	-293.777254378	26.0923065518
44.25	1924.17582307	-294.269222019	26.6129565013
44.3	2012.88813008	-295.551517401	27.8399216982
44.35	1638.80873026	-290.269251535	22.666091596
44.4	1982.77723113	-295.112053645	27.4234628516
44.45	1753.44142896	-291.896953177	24.2515574289
44.5	1841.02206438	-293.153673256	25.4628706639
44.55	1997.28517795	-295.267557261	27.6241198565
44.6	1942.36144982	-294.532411025	26.8644788871
44.65	1999.3626488	-295.360803934	27.6528530111
44.7	1909.14149493	-294.091610271	26.4050192037
44.75	1872.05751515	-293.564385963	25.8921168333
44.8	1870.74052187	-293.525745853	25.8739017178
44.85	1760.480061	-292.019320929	24.3489075807
44.9	1745.39779846	-291.758506174	24.1403073103
44.95	1806.40567574	-292.624105517	24.984097137
45.0	2008.15271561	-295.464698855	27.7744269666
45.05	1904.57372449	-293.987195323	26.3418431287
45.1	1878.06487062	-293.662984531	25.97520357
45.15	1989.67032936	-295.229395931	27.5188001494
45.2	1911.02754502	-294.110038423	26.4311048496
45.25	1889.71104797	-293.838194478	26.1362799162
45.3	1949.37725745	-294.66343673	26.9615133582
45.35	2126.55034796	-297.146532692	29.4119649721
45.4	1845.98584214	-293.20587487	25.5315238504
45.45	1781.13192887	-292.308906704	24.6345401381
45.5	1860.28723169	-293.405584709	25.729323996
45.55	1916.4565179	-294.180978018	26.5061920726
45.6	1999.02194331	-295.390956478	27.64814077
45.65	1717.11903964	-291.397766718	23.7491884897
45.7	2103.4354955	-296.832231872	29.0922672835
45.75	1713.35169207	-291.3406765	23.6970829307
45.8	2071.63789267	-296.426902	28.6524799154
45.85	1773.7167152	-292.199911795	24.5319815484
45.9	2090.20778243	-296.612399216	28.909316979
45.95	1905.43066859	-294.020979179	26.3536953805
46.0	1779.5595336	-292.22744205	24.6127926
46.05	1961.12123834	-294.823174408	27.1239424091
46.1	1865.34143498	-293.489170018	25.7992278429
46.15	1731.27072678	-291.570276131	23.9449181262
46.2	2120.84575576	-297.010996747	29.333065704
46.25	1969.43478155	-294.913063537	27.2389256456
46.3	1916.11753116	-294.218210676	26.5015036032
46.35	1784.30316948	-292.399884972	24.6784010408
46.4	1849.93651889	-293.283105633	25.5861650048
46.45	1791.79538138	-292.41043908	24.7820245802
46.5	1794.64905976	-292.425404201	24.8214933324
46.55	2173.44600999	-297.753747415	30.0605710914
46.6	1779.40569328	-292.211409961	24.6106648601
46.65	1953.58569977	-294.708067314	27.0197196255
46.7	1811.12176845	-292.728047868	25.0493246327
46.75	2002.75235622	-295.425648775	27.699735492
46.8	1960.50948314	-294.828579999	27.1154813244
46.85	1747.9734695	-291.842943468	24.175930989
46.9	1972.15511693	-294.935828839	27.2765501528
46.95	1914.8404279	-294.129176835	26.4838401999
47.0	1726.57432748	-291.517060453	23.8799630068
47.05	1964.59164858	-294.904109943	27.1719410772
47.1	1951.17935534	-294.662463469	26.9864378751
47.15	1944.76159434	-294.56570459	26.8976748878
47.2	1960.8603655	-294.783521307	27.1203343201
47.25	1906.07425724	-294.060475485	26.3625967483
47.3	1710.71923578	-291.310539158	23.6606738646
47.35	2056.71220422	-296.154775977	28.4460451953
47.4	1911.08638653	-294.134535772	26.4319186766
47.45	1956.5888393	-294.764023871	27.06125555
47.5	1893.20199509	-293.86423642	26.1845626266
47.55	1902.39250129	-294.017952116	26.3116749926
47.6	2106.55107902	-296.84405006	29.1353584021
47.65	1937.80945023	-294.483073327	26.8015209361
47.7	1839.47246124	-293.133965706	25.44143836
47.75	1819.80769695	-292.863247009	25.1694582683
47.8	1870.77090364	-293.595021656	25.874321923
47.85	1813.37506458	-292.817209661	25.0804895975
47.9	1842.04727374	-293.169594226	25.4770501645
47.95	1864.49701504	-293.448737585	25.7875488109
48.0	2099.5810571	-296.715697896	29.0389571856
48.05	1846.6606703	-293.131708405	25.5408572867
48.1	1769.68612948	-292.10401571	24.4762351861
48.15	1889.01128722	-293.777738527	26.1266016414
48.2	2013.43795117	-295.513358809	27.8475261825
48.25	1981.77238825	-295.140735299	27.4095650365
48.3	1865.9164001	-293.504890672	25.8071800901
48.35	1844.6969629	-293.157232995	25.5136975755
48.4	1882.62492586	-293.748025452	26.0382729372
48.45	1930.0724268	-294.407823662	26.694511449
48.5	1860.55711974	-293.34191051	25.7330567728
48.55	2030.3542943	-295.76664334	28.0814933172
48.6	1919.30998493	-294.254489815	26.5456579016
48.65	1868.54575653	-293.51253047	25.8435462826
48.7	2063.9392976	-296.268278987	28.5460019245
48.75	1791.25559498	-292.427463167	24.7745588841
48.8	1708.91102071	-291.283062321	23.635664742
48.85	2043.57253214	-295.939703325	28.2643125713
48.9	1911.88808885	-294.163184123	26.4430068884
48.95	2080.13597681	-296.493928946	28.770015507
49.0	1775.55397086	-292.124736714	24.5573923265
49.05	2052.96284765	-296.093128232	28.3941884668
49.1	1833.79519332	-293.044863268	25.3629170094
49.15	1844.1333874	-293.221473383	25.5059028563
49.2	1833.86900024	-293.044760217	25.3639378208
49.25	2020.58177257	-295.609064598	27.9463311908
49.3	1841.25511495	-293.090147995	25.4660939477
49.35	1959.37407819	-294.805404759	27.099777727
49.4	1826.3812398	-292.933520806	25.2603758487
49.45	1646.77203938	-290.368661126	22.776230803
49.5	2033.93434625	-295.86273444	28.1310084215
49.55	1947.09492206	-294.611431869	26.9299467562
49.6	2163.90285147	-297.692432592	29.9285812497
49.65	1840.38625886	-293.141184618	25.4540769433
49.7	1914.28037361	-294.204664161	26.476094182
49.75	1863.47177221	-293.452028225	25.7733688475
49.8	1833.47346298	-292.975592557	25.3584672106
49.85	1954.97761957	-294.741299197	27.0389710374
49.9	2042.93495566	-295.959925772	28.2554943567
49.95	1775.0344279	-292.158041878	24.550206614
50.0	1769.03605105	-292.153228446	24.4672440593
50.05	1632.51885174	-290.246252195	22.5790973299
50.1	1850.62002397	-293.247672017	25.5956184503
50.15	1871.78028625	-293.540961558	25.8882825263
50.2	2041.55478968	-295.913477159	28.2364055101
50.25	2137.68107896	-297.291679018	29.5659122654
50.3	1806.31277669	-292.643223649	24.9828122656
50.35	1978.64074556	-295.052139816	27.3662518062
50.4	1896.88055244	-293.937639004	26.2354401428
50.45	1867.50027839	-293.499790614	25.8290864479
50.5	1883.32959527	-293.724050705	26.0480191029
50.55	1862.84890557	-293.451448909	25.7647540824
50.6	1777.72572799	-292.201139915	24.5874295389
50.65	1970.90010797	-294.925139899	27.2591923321
50.7	1870.20790792	-293.536407449	25.8665352226
50.75	1817.65656188	-292.810364337	25.1397062762
50.8	1899.4989974	-293.977923842	26.2716554206
50.85	2145.99876904	-297.410683989	29.6809528566
50.9	1828.46806568	-292.870707511	25.2892383912
50.95	1856.74372206	-293.353680654	25.6803143023
51.0	1901.97867158	-293.97212135	26.3059513826
51.05	1848.6825135	-293.235726365	25.5688210645
51.1	2017.26954819	-295.616601773	27.9005203651
51.15	1977.08224563	-295.042003941	27.3446964522
51.2	1844.17164647	-293.198652539	25.5064320111
51.25	1894.24127432	-293.841693092	26.1989367251
51.3	1997.22357806	-295.310979866	27.6232678787
51.35	1992.79894173	-295.280507928	27.5620714679
51.4	1805.31077066	-292.629432454	24.9689536866
51.45	2030.05181456	-295.826194916	28.0773097701
51.5	1900.75340116	-294.006674603	26.2890048708
51.55	1963.55662785	-294.831974966	27.1576258773
51.6	1918.57891872	-294.214568855	26.535546646
51.65	1986.17298704	-295.142153116	27.4704289881
51.7	1911.5419267	-294.10185697	26.4382191772
51.75	1836.49770132	-293.127009809	25.4002949492
51.8	1929.79412507	-294.358512037	26.690662304
51.85	1990.59926962	-295.157003814	27.5316481679
51.9	1982.65370026	-295.111274254	27.4217543166
51.95	1799.02533319	-292.540353495	24.882020844
52.0	2108.96613729	-296.886079373	29.1687606723
52.05	1774.12479019	-292.168497358	24.5376255659
52.1	1680.23926327	-290.913544805	23.2391104229
52.15	1870.16159413	-293.565406455	25.8658946642
52.2	1827.36449109	-292.893580607	25.2739750341
52.25	2012.94255624	-295.545059442	27.8406744574
52.3	2005.09651308	-295.437669237	27.7321571365
52.35	2009.66987049	-295.454418403	27.7954104839
52.4	1871.45612431	-293.543255955	25.8837990964
52.45	1757.24627179	-291.950646371	24.3041815788
52.5	1795.07195437	-292.422001541	24.8273423175
52.55	1894.63383159	-293.88832868	26.2043661195
52.6	1919.0573978	-294.236805655	26.5421644108
52.65	1967.17148445	-294.877330329	27.2076223589
52.7	1711.64953426	-291.230515711	23.6735406685
52.75	1991.57767532	-295.216508812	27.5451803348
52.8	1802.29458592	-292.608996368	24.9272373359
52.85	1956.55297949	-294.705588185	27.060759579
52.9	2021.50904896	-295.653390573	27.9591561967
52.95	1825.6123504	-292.907991204	25.249741467
53.0	2089.62911166	-296.612212406	28.9013134797
53.05	1794.11933672	-292.439788812	24.8141668209
53.1	1995.02151962	-295.267727572	27.5928115739
53.15	1761.08550645	-292.008110992	24.3572813962
53.2	1829.13338476	-292.987676619	25.2984403089
53.25	2021.2303846	-295.694682759	27.9553020362
53.3	1879.1300993	-293.61590643	25.9899365711
53.35	1846.43895214	-293.202162121	25.5377907395
53.4	1923.96242916	-294.298806966	26.6100050856
53.45	2085.79998147	-296.536320994	28.8483534154
53.5	1768.90262656	-292.114967999	24.4653986873
53.55	1960.06345187	-294.83743991	27.10931234
53.6	1797.66557731	-292.519950718	24.863214286
53.65	2000.95220283	-295.38713806	27.6748378692
53.7	1944.23394482	-294.547506303	26.8903770547
53.75	1959.82851298	-294.801528283	27.1060629391
53.8	1809.05001372	-292.688011233	25.0206705368
53.85	1912.05851866	-294.112774002	26.4453640749
53.9	1758.72764083	-291.983295791	24.3246701482
53.95	1776.17885308	-292.282330956	24.5660349689
54.0	1864.69408773	-293.479338194	25.7902744906
54.05	2152.17210685	-297.490190639	29.7663352674
54.1	1860.70684821	-293.393453135	25.7351276424
54.15	1862.27608562	-293.406305022	25.7568315047
54.2	1753.63512541	-291.879888565	24.2542364124
54.25	1933.51306861	-294.422666177	26.742098395
54.3	1960.52317614	-294.76702814	27.11567071
54.35	1766.73792712	-292.063395829	24.4354590886
54.4	1959.85461958	-294.821315641	27.1064240152
54.45	1965.08393967	-294.868852812	27.1787498736
54.5	1854.81623279	-293.32272915	25.6536555181
54.55	1880.24907577	-293.686526696	26.0054129488
54.6	1879.00831694	-293.605495954	25.9882522194
54.65	1938.86438662	-294.495950752	26.8161115863
54.7	1816.8980808	-292.805587023	25.1292158503
54.75	2041.3530245	-295.948650261	28.2336149294
54.8	2063.52171697	-296.275985918	28.5402264362
54.85	1819.07862204	-292.803836955	25.1593745543
54.9	1861.07833178	-293.451053467	25.7402655701
54.95	1789.01215465	-292.45645761	24.7435302332
55.0	1785.52524346	-292.343084356	24.6953033432
55.05	1843.38219695	-293.143948969	25.4955132658
55.1	1878.81558084	-293.638591283	25.9855865184
55.15	1930.0039095	-294.356711346	26.6935637976
55.2	1939.81949236	-294.542377769	26.8293214954
55.25	2038.312643	-295.981255972	28.1915639174
55.3	1750.65623345	-291.92676515	24.2130358521
55.35	1772.9947545	-292.119398872	24.5219962298
55.4	1984.84306142	-295.105834107	27.4520350075
55.45	1820.01465621	-292.772644606	25.1723206876
55.5	2073.69849862	-296.439837603	28.6809798143
55.55	1847.20575163	-293.28387015	25.548396216
55.6	1833.11525306	-293.085531882	25.3535128686
55.65	1755.79515889	-291.929168962	24.2841114771
55.7	2037.29010514	-295.929436864	28.177421366
55.75	1840.60865132	-293.122667069	25.4571528165
55.8	1989.00493335	-295.199001791	27.5095971676
55.85	1780.90692766	-292.306752023	24.6314281837
55.9	1857.01273287	-293.291042299	25.6840349462
55.95	1945.25070171	-294.585092836	26.9044396506
56.0	1975.04606247	-295.070928269	27.3165343408
56.05	1894.76916064	-293.871410265	26.2062378331
56.1	1954.60991077	-294.747826848	27.033885318
56.15	1842.73573186	-293.185562977	25.4865721145
56.2	1961.58360796	-294.820252232	27.1303373665
56.25	1913.20534855	-294.174464093	26.4612256888
56.3	1974.38486609	-295.053962807	27.3073894435
56.35	1881.87140455	-293.707682672	26.027851109
56.4	1831.11273107	-292.960985434	25.3258163193
56.45	1860.3113951	-293.369360739	25.7296581961
56.5	1938.04401182	-294.449046842	26.8047651186
56.55	1952.33807637	-294.726873395	27.0024639534
56.6	1843.67079528	-293.200593149	25.4995048215
56.65	1920.6782594	-294.248336699	26.5645822786
56.7	1984.61196355	-295.145682082	27.4488387313
56.75	1992.37165761	-295.245401613	27.5561617721
56.8	1747.71394938	-291.800644267	24.1723416093
56.85	1961.90530197	-294.83224346	27.1347866629
56.9	1953.22841321	-294.69163266	27.0147780545
56.95	1884.24592343	-293.802493614	26.0606926856
57.0	1839.0206303	-293.140768227	25.4351891613
57.05	1880.59506294	-293.654130703	26.01019824
57.1	2061.86994871	-296.192635412	28.5173811034
57.15	1705.60247591	-291.213951709	23.5899048079
57.2	1984.37917875	-295.156033279	27.4456191233
57.25	1908.33045685	-294.075534954	26.3938018707
57.3	1844.38597482	-293.167016716	25.509396351
57.35	1855.51155492	-293.310730535	25.6632724031
57.4	2115.10443397	-296.988959537	29.2536584351
57.45	1737.61400488	-291.668704999	24.0326509531
57.5	1997.19299058	-295.348245219	27.6228448283
57.55	1676.47926024	-290.770097517	23.1871064449
57.6	2093.1075211	-296.674263394	28.9494227834
57.65	2011.93996045	-295.473576259	27.8268077214
57.7	1818.16411988	-292.799360573	25.1467262267
57.75	1803.49973526	-292.609011989	24.9439055565
57.8	1911.43988545	-294.141527434	26.4368078615
57.85	1996.67182696	-295.290587434	27.6156367009
57.9	1841.68317731	-293.162131402	25.4720144071
57.95	1977.38276208	-295.078149172	27.3488528453
58.0	1837.03603884	-293.073570938	25.4077406061
58.05	1988.77952076	-295.245374917	27.5064795235
58.1	1923.05515474	-294.343064314	26.5974567236
58.15	1731.61938009	-291.607013301	23.9497402923
58.2	1919.63766356	-294.22195821	26.5501899703
58.25	1961.41629108	-294.811597064	27.1280232345
58.3	1973.34245008	-295.024508311	27.2929719606
58.35	1751.05839594	-291.812479567	24.2185980947
58.4	1938.61591476	-294.458660994	26.8126750132
58.45	1943.6350928	-294.598842608	26.8820944318
58.5	1875.00478917	-293.660771962	25.9328800911
58.55	1838.42319244	-293.112125563	25.4269260974
58.6	1954.91109652	-294.723773248	27.0380509681
58.65	1879.46499207	-293.653622339	25.9945684174
58.7	2110.83294198	-296.952495659	29.1945801382
58.75	1926.14707087	-294.317185528	26.6402205025
58.8	1822.30489164	-292.86412135	25.2039965537
58.85	1951.14622263	-294.700820562	26.9859796221
58.9	1911.40303829	-294.182146287	26.4362982346
58.95	1866.21259398	-293.530868687	25.8112766985
59.0	1740.00802677	-291.646530495	24.0657622725
59.05	2080.52792693	-296.463869304	28.775436504
59.1	2099.98139046	-296.78233203	29.0444941298
59.15	1924.26351822	-294.311020575	26.6141693984
59.2	1803.62210892	-292.676508576	24.9455980863
59.25	1859.24531412	-293.464602625	25.714913407
59.3	1760.87397716	-292.029945622	24.3543557697
59.35	1837.21257058	-293.099654056	25.4101821873
59.4	1815.84079049	-292.801444195	25.1145926435
59.45	1879.03620765	-293.597480579	25.9886379711
59.5	1959.61154124	-294.722616476	27.103062039
59.55	2111.31382745	-296.918956016	29.2012311852
59.6	1763.34741286	-292.031014002	24.3885654485
59.65	1810.95377496	-292.743782561	25.0470011426
59.7	1669.59164334	-290.709411603	23.0918449585
59.75	2006.33847638	-295.412680228	27.7493345248
59.8	1869.13249661	-293.552346329	25.8516613873
59.85	1951.97321952	-294.74658647	26.9974176788
59.9	2171.22328154	-297.741771515	30.0298289032
59.95	1723.0286076	-291.470370867	23.8309227436
60.0	1776.83702431	-292.239746656	24.5751380259
60.05	2091.22433991	-296.65146078	28.9233768169
60.1	1962.90468839	-294.813713056	27.1486090107
60.15	1842.61388312	-293.166591927	25.4848868447
60.2	1723.49769935	-291.450554028	23.8374106738
60.25	2041.842951	-295.895044348	28.2403910215
60.3	1956.26333314	-294.713744046	27.0567535283
60.35	1814.99949966	-292.753400481	25.1029568896
60.4	1978.44408868	-295.077263543	27.3635318775
60.45	1887.70699989	-293.750943013	26.1085622598
60.5	1886.14781547	-293.733369575	26.0869974388
60.55	1891.28832685	-293.837873389	26.1580949986
60.6	1886.16578462	-293.761667901	26.0872459672
60.65	1836.51074057	-293.058951837	25.400475293
60.7	2062.48073699	-296.221541633	28.5258288148
60.75	1776.07679659	-292.184868355	24.5646234424
60.8	1957.43354919	-294.77589328	27.0729385924
60.85	1935.13160288	-294.496397555	26.7644840738
60.9	2004.67865124	-295.409403071	27.7263777587
60.95	1806.04813692	-292.605189033	24.9791520769
61.0	1950.9346052	-294.660137767	26.9830527766
61.05	2027.53042846	-295.722362067	28.0424368973
61.1	1787.28987979	-292.354402786	24.7197097354
61.15	1924.29072575	-294.308027468	26.6145457013
61.2	1807.39612937	-292.633670347	24.9977959368
61.25	1908.77886398	-294.080412024	26.4000037152
61.3	1999.05915024	-295.364460405	27.6486553729
61.35	1809.23382251	-292.677893069	25.0232127657
61.4	1947.19222921	-294.666913799	26.9312925953
61.45	1817.3302055	-292.796333711	25.1351924953
61.5	2002.9719259	-295.365219688	27.7027723238
61.55	1895.53220869	-293.898334469	26.2167914242
61.6	1827.59198783	-292.92524555	25.2771215038
61.65	2064.76277528	-296.273448284	28.5573913076
61.7	1978.74068725	-295.093555786	27.3676340831
61.75	1863.71225512	-293.462100347	25.7766949267
61.8	1862.61995299	-293.408798377	25.7615874771
61.85	2079.78382253	-296.511509716	28.7651449195
61.9	1813.19826019	-292.734174027	25.0780442453
61.95	1914.51016814	-294.160894169	26.479272432
62.0	1739.76930627	-291.712558674	24.0624605689
