# 	 t 	 T	E	K
2.05	1205.24030786	-306.541420788	16.6694786943
2.1	1060.96059897	-304.529699298	14.6739699832
2.15	1087.34608377	-304.888237568	15.0389032449
2.2	1082.4368888	-304.812443126	14.9710049839
2.25	1143.0183788	-305.715376917	15.8088975189
2.3	1073.83531119	-304.703025238	14.8520379914
2.35	1114.25826713	-305.238489716	15.411121187
2.4	1087.3696897	-304.87636698	15.0392297346
2.45	1129.82924723	-305.46928208	15.6264808288
2.5	1017.92083668	-303.88892672	14.0786941731
2.55	1152.27059343	-305.804493718	15.9368633641
2.6	1069.37474529	-304.645025187	14.7903446446
2.65	1036.56487793	-304.167320719	14.3365568138
2.7	1143.64634061	-305.683619482	15.8175827545
2.75	1133.52112659	-305.525475088	15.6775425996
2.8	1154.80625888	-305.820028524	15.9719337321
2.85	1074.14649243	-304.712384542	14.8563418875
2.9	1064.2578336	-304.558211374	14.7195734882
2.95	1068.25345903	-304.614243073	14.7748363205
3.0	1120.35471893	-305.342362325	15.4954402002
3.05	1090.01224661	-304.893492239	15.0757785006
3.1	1114.94201037	-305.250831405	15.4205779263
3.15	1142.38934956	-305.655430135	15.8001975199
3.2	1085.21033765	-304.843401741	15.0093640947
3.25	1032.19558583	-304.0965161	14.2761258598
3.3	1143.19378882	-305.651249001	15.8113235857
3.35	1048.18760956	-304.320970965	14.4973088862
3.4	1178.25179868	-306.154625831	16.2962051025
3.45	1179.77992077	-306.184758465	16.3173403055
3.5	1022.35069913	-303.980030747	14.1399628656
3.55	1030.67539539	-304.089386838	14.2551003582
3.6	1122.62258077	-305.359221572	15.526806621
3.65	1097.87700134	-304.999776914	15.1845546183
3.7	1113.04215002	-305.242929367	15.3943012731
3.75	1042.98191418	-304.25200752	14.4253097774
3.8	1119.86563805	-305.332853703	15.4886758036
3.85	1144.81916417	-305.688891824	15.8338038825
3.9	948.633908194	-302.943122926	13.1203981631
3.95	1045.76595626	-304.297520592	14.4638154014
4.0	1197.23012162	-306.414135917	16.5586911377
4.05	1078.09075313	-304.737177614	14.9108943027
4.1	1047.63691798	-304.30642659	14.4896923623
4.15	1130.6800636	-305.483520317	15.6382483288
4.2	1086.42562365	-304.845881922	15.0261725137
4.25	1026.38955771	-304.020953847	14.1958236484
4.3	1064.4569303	-304.559194948	14.7223271616
4.35	1206.99095907	-306.544392263	16.6936916606
4.4	1055.03028794	-304.418155848	14.5919488355
4.45	1134.60678655	-305.544445111	15.6925581824
4.5	947.175442441	-302.896564181	13.1002263653
4.55	1143.99700658	-305.681159282	15.8224327573
4.6	1163.8265877	-305.94230631	16.0966924032
4.65	1090.62872611	-304.925643376	15.0843049264
4.7	1041.04895265	-304.23868812	14.3985753072
4.75	1080.49803184	-304.781023017	14.944188975
4.8	1074.62550788	-304.673545937	14.8629670706
4.85	1168.94509378	-306.020877648	16.1674856113
4.9	1014.96862174	-303.861565564	14.0378625783
4.95	1186.78670199	-306.279128924	16.4142499338
5.0	1186.25597055	-306.26583241	16.4069094753
5.05	1048.6770735	-304.334637031	14.5040785808
5.1	993.489469573	-303.569622889	13.740787989
5.15	1084.4980956	-304.842330496	14.9995131931
5.2	1073.75700464	-304.677618302	14.8509549465
5.25	1161.02365267	-305.907194031	16.0579254739
5.3	1145.9181156	-305.702449598	15.8490032974
5.35	1114.64487881	-305.271997265	15.416468349
5.4	1062.49516475	-304.541125929	14.6951943078
5.45	1075.63463718	-304.724931523	14.8769241705
5.5	1107.72710609	-305.166194332	15.3207897825
5.55	1109.45240713	-305.205402249	15.3446521348
5.6	1158.61389542	-305.873601042	16.0245965212
5.65	1103.33479962	-305.093735843	15.2600405206
5.7	1091.34704072	-304.966510551	15.0942398165
5.75	975.370464693	-303.294570634	13.4901870392
5.8	1235.5276212	-306.938957579	17.088377499
5.85	1098.68060823	-305.03505963	15.1956691718
5.9	1025.94799767	-304.035499081	14.1897165047
5.95	1040.17792219	-304.220457683	14.3865282294
6.0	1146.26696737	-305.716716313	15.8538282083
6.05	1056.33697998	-304.439931145	14.6100214762
6.1	1168.82786144	-306.002660335	16.1658641904
6.15	1019.16498825	-303.899380403	14.095901827
6.2	1207.35924911	-306.568580746	16.6987854192
6.25	1002.89552871	-303.697767014	13.870881632
6.3	1138.9727451	-305.621351315	15.7529430305
6.35	1078.96558931	-304.746498889	14.9229940167
6.4	1103.80398666	-305.094795557	15.2665297686
6.45	1131.88924954	-305.509378947	15.654972379
6.5	1025.52857484	-304.005737151	14.1839155373
6.55	1137.53381888	-305.605020695	15.7330414809
6.6	1097.02698803	-305.04867414	15.1727982252
6.65	1077.48912768	-304.735842769	14.9025733209
6.7	1159.75174381	-305.881874221	16.0403339135
6.75	1040.66200076	-304.221047295	14.3932234398
6.8	1109.25888883	-305.211799146	15.3419756154
6.85	1107.70401264	-305.175507383	15.3204703808
6.9	1095.99903624	-305.015126565	15.1585807945
6.95	1082.37036866	-304.831121412	14.9700849549
7.0	1178.55121267	-306.151130726	16.3003462477
7.05	1043.6039814	-304.219810779	14.4339134858
7.1	1087.92085048	-304.891681894	15.0468527479
7.15	1072.43538948	-304.667242072	14.8326759065
7.2	1209.25081767	-306.603057493	16.7249473899
7.25	983.864855154	-303.429004569	13.6076715441
7.3	1162.23885661	-305.938586766	16.0747327579
7.35	1009.28512998	-303.789342686	13.9592551469
7.4	1026.40260624	-304.03069238	14.1960041205
7.45	1150.07030096	-305.753498685	15.906431484
7.5	1222.00976069	-306.762544959	16.9014142136
7.55	1071.15678305	-304.647189301	14.8149917132
7.6	1027.08300587	-304.034207757	14.2054146148
7.65	1180.81922567	-306.194520236	16.3317147591
7.7	1104.31224678	-305.127883139	15.27355943
7.75	994.84057269	-303.576654135	13.759474872
7.8	1150.05867057	-305.748089768	15.906270626
7.85	1157.74491681	-305.869104992	16.0125778224
7.9	1058.19280964	-304.461534254	14.6356891482
7.95	1071.39325714	-304.661873736	14.8182623471
8.0	1078.20073318	-304.764014635	14.9124154185
8.05	1097.65589554	-305.006708189	15.1814965406
8.1	1075.813891	-304.709310136	14.8794034004
8.15	1076.78100881	-304.736564619	14.8927794464
8.2	1158.83710283	-305.897768052	16.027683666
8.25	1021.68863155	-303.947138395	14.1308059188
8.3	1165.96928578	-305.980611607	16.1263277048
8.35	1068.83387435	-304.633837329	14.7828639484
8.4	1215.76503075	-306.685927765	16.81504439
8.45	1029.12185252	-304.042546404	14.2336135645
8.5	1046.10139815	-304.317327458	14.4684548424
8.55	1049.75980646	-304.348064882	14.5190536806
8.6	1227.89555689	-306.849219864	16.9828196841
8.65	1053.69303451	-304.407055735	14.5734535051
8.7	1111.48029414	-305.222870977	15.3726995035
8.75	1051.60096611	-304.362717102	14.5445184542
8.8	1180.61711982	-306.202430471	16.3289194666
8.85	998.385917304	-303.636833133	13.808509945
8.9	1065.35830602	-304.55530444	14.7347939397
8.95	1241.70910412	-307.059802067	17.1738725636
9.0	1022.25091135	-303.975629453	14.1385827173
9.05	1043.30527114	-304.264805414	14.4297820738
9.1	1128.381105	-305.442451209	15.6064518139
9.15	1044.60312332	-304.265455419	14.4477324519
9.2	1101.08968026	-305.063610013	15.2289886472
9.25	1146.06598723	-305.715710004	15.8510484854
9.3	1056.69428467	-304.439191231	14.6149632981
9.35	1156.07603016	-305.820198311	15.9894957281
9.4	1072.1664104	-304.654801502	14.8289557015
9.45	1082.55062211	-304.82410094	14.9725780105
9.5	1054.237552	-304.420982907	14.5809846362
9.55	1054.96534793	-304.416478615	14.5910506609
9.6	1199.07727086	-306.462206606	16.5842387523
9.65	1078.43302062	-304.745666923	14.9156281475
9.7	989.644671152	-303.506342126	13.68761122
9.75	1158.66821221	-305.89292847	16.0253477678
9.8	1063.3875152	-304.533115383	14.7075362588
9.85	1230.92046227	-306.905678006	17.0246566485
9.9	974.046795651	-303.282679655	13.4718795924
9.95	1132.36719899	-305.525926576	15.6615828185
10.0	1023.69712243	-303.976982424	14.1585850228
10.05	1213.33567226	-306.66466123	16.7814443359
10.1	1073.53594539	-304.685497264	14.8478975126
10.15	1142.81197526	-305.677346059	15.8060427858
10.2	1057.93056735	-304.473562597	14.6320621186
10.25	1075.55637155	-304.723026992	14.8758416916
10.3	1079.66518063	-304.77018311	14.9326699482
10.35	1157.74347427	-305.858230395	16.0125578708
10.4	1020.43733627	-303.936330654	14.1134994614
10.45	1126.17837779	-305.434659845	15.5759862594
10.5	1113.2390414	-305.247588656	15.3970244451
10.55	1021.32012661	-303.956701156	14.1257091881
10.6	1115.3643573	-305.26614798	15.4264193365
10.65	1139.21558827	-305.599610179	15.7563017542
10.7	1113.28280428	-305.250227813	15.3976297222
10.75	1134.49262934	-305.547805481	15.690979293
10.8	1043.30217759	-304.254981579	14.4297392874
10.85	1141.20503328	-305.629067608	15.7838174379
10.9	1157.34662064	-305.851783717	16.0070690541
10.95	1003.44990947	-303.683290391	13.8785491803
11.0	1066.20350594	-304.587448054	14.7464837595
11.05	1079.29311573	-304.754911544	14.9275239803
11.1	1133.4144607	-305.524345508	15.6760673214
11.15	1107.844358	-305.166696418	15.3224114741
11.2	1078.00388921	-304.749685065	14.9096929023
11.25	1088.24219863	-304.871431038	15.0512972608
11.3	1146.62863813	-305.707791107	15.8588304165
11.35	999.425105413	-303.661847277	13.8228827833
11.4	1117.21164835	-305.314119335	15.4519689126
11.45	1118.06790797	-305.302219255	15.4638116973
11.5	1136.2853616	-305.554418327	15.7157742753
11.55	1059.94460993	-304.506660846	14.6599180073
11.6	1032.37002043	-304.106328308	14.2785384359
11.65	1176.62674466	-306.146352882	16.27372925
11.7	1059.83490531	-304.504670106	14.658400701
11.75	1072.57948291	-304.66266528	14.8346688389
11.8	1199.68292646	-306.464719301	16.5926154744
11.85	1035.27781965	-304.141508729	14.3187557243
11.9	1164.94383942	-305.959668796	16.1121449263
11.95	1064.60159737	-304.562845623	14.7243280278
12.0	1046.68479093	-304.304656731	14.4765236511
12.05	1076.65442768	-304.74112703	14.8910287237
12.1	1087.22405974	-304.887594963	15.0372155508
12.15	1124.52001697	-305.406549638	15.5530497462
12.2	1112.0042966	-305.209318888	15.3799468947
12.25	1112.06033032	-305.225640962	15.3807218877
12.3	1109.69892308	-305.207080706	15.3480616561
12.35	1099.26943339	-305.040328828	15.2038131149
12.4	1058.6300254	-304.492389293	14.6417362068
12.45	1084.1239563	-304.832202242	14.9943385345
12.5	1035.42544381	-304.127423625	14.3207974896
12.55	1180.18727809	-306.180803076	16.3229743969
12.6	1053.2840763	-304.396945017	14.567797272
12.65	1089.80637796	-304.911578067	15.0729311655
12.7	1075.08019998	-304.697712899	14.8692558417
12.75	1174.96922663	-306.103692213	16.2508043932
12.8	1054.15593695	-304.394631346	14.5798558319
12.85	1080.08427515	-304.794721935	14.9384663749
12.9	988.263353325	-303.473922679	13.6685064424
12.95	1163.9957934	-305.931576562	16.0990326591
13.0	1064.44036147	-304.542587549	14.7220980009
13.05	1042.41195093	-304.250003043	14.4174267101
13.1	1179.54972451	-306.168181655	16.3141564992
13.15	1107.83602815	-305.162103265	15.3222962653
13.2	1082.26461806	-304.825057596	14.9686223359
13.25	1067.00869556	-304.582375678	14.7576202035
13.3	1083.18160465	-304.814754124	14.9813050253
13.35	1094.17125821	-304.963075772	15.1333010999
13.4	1166.63702424	-305.979686489	16.1355630845
13.45	1056.91919544	-304.445697774	14.6180740015
13.5	1088.75026183	-304.896470474	15.0583241986
13.55	1003.96099267	-303.704111617	13.8856178872
13.6	1149.14929567	-305.765252868	15.8936932128
13.65	1077.59677253	-304.742401832	14.904062139
13.7	1216.52457167	-306.697999131	16.8255494745
13.75	1085.28403932	-304.823718262	15.0103834502
13.8	1174.8488108	-306.10417194	16.2491389417
13.85	918.740792039	-302.525704746	12.7069514342
13.9	1084.23851844	-304.859639694	14.9959230245
13.95	1061.34053431	-304.487921072	14.6792248058
14.0	1131.66598423	-305.484094319	15.6518844334
14.05	1073.79635268	-304.680988129	14.8514991627
14.1	1050.21718713	-304.363985157	14.5253796368
14.15	1126.69495244	-305.433207341	15.5831309177
14.2	1111.60886914	-305.208402353	15.3744778031
14.25	1231.49008132	-306.905728286	17.032534955
14.3	1021.73357356	-303.945702799	14.1314275042
14.35	1008.17330037	-303.78497466	13.943877616
14.4	1126.01388133	-305.420173204	15.5737111361
14.45	1091.74012533	-304.906381852	15.0996765045
14.5	1125.8443469	-305.431223275	15.5713663337
14.55	1026.48720723	-304.006720276	14.1971742226
14.6	1111.80604691	-305.204723548	15.3772049361
14.65	1078.13104762	-304.761543407	14.911451609
14.7	1117.12478982	-305.30043512	15.4507675866
14.75	1164.63371011	-305.953905856	16.1078555793
14.8	1055.9133328	-304.441784672	14.6041620824
14.85	1127.16171551	-305.453623054	15.5895866403
14.9	1072.76153882	-304.667335319	14.8371868239
14.95	1052.00348873	-304.378208059	14.5500856778
15.0	1151.28627574	-305.775188168	15.9232494295
15.05	971.537968981	-303.237272399	13.437180427
15.1	1108.39156237	-305.188416511	15.329979767
15.15	1157.07161155	-305.87381628	16.003265449
15.2	1131.49977458	-305.509601808	15.6495856153
15.25	1052.43734931	-304.390531344	14.5560863315
15.3	1117.3075813	-305.298936404	15.4532957452
15.35	1040.36306967	-304.221187622	14.3890889735
15.4	1096.62684665	-304.988626727	15.1672639362
15.45	1004.33592656	-303.681515079	13.8908035356
15.5	1235.76884299	-306.962031666	17.0917137976
15.55	1129.8981215	-305.48237342	15.6274334175
15.6	1061.13755084	-304.528720696	14.6764173751
15.65	1019.09204113	-303.923388496	14.0948929076
15.7	1177.8662458	-306.138320779	16.2908725846
15.75	1097.91838957	-305.022842206	15.1851270519
15.8	994.621591266	-303.579406034	13.7564461762
15.85	1159.2298407	-305.865340712	16.0331155582
15.9	1169.59190054	-306.027833816	16.1764314884
15.95	1070.35544517	-304.651094976	14.8039085419
16.0	1019.2026447	-303.920470106	14.0964226471
16.05	1082.56666526	-304.80986344	14.9727999006
16.1	1227.76007855	-306.856839948	16.9809459057
16.15	1041.23031226	-304.212763401	14.4010836618
16.2	1094.55133071	-304.966327987	15.1385578197
16.25	1079.08430623	-304.750584028	14.9246359708
16.3	1086.45612014	-304.873910717	15.0265943056
16.35	1032.31787671	-304.114767595	14.2778172448
16.4	1086.58623982	-304.871280671	15.0283939692
16.45	1115.35384541	-305.272289102	15.4262739483
16.5	1211.60446252	-306.62960968	16.7575002613
16.55	993.005645629	-303.524374431	13.7340963003
16.6	1189.03486567	-306.317045103	16.4453439126
16.65	973.158585282	-303.287625559	13.4595949022
16.7	1095.20741406	-304.984765837	15.1476319995
16.75	1140.35607676	-305.60935187	15.7720756612
16.8	1083.93782355	-304.835489765	14.9917641634
16.85	1149.0481158	-305.743801589	15.8922938107
16.9	1102.24256276	-305.08162747	15.2449339738
16.95	1041.15494357	-304.253488307	14.40004125
17.0	1106.84082385	-305.167713092	15.3085317598
17.05	1067.24178367	-304.590700867	14.7608440064
17.1	1111.34977714	-305.2024405	15.3708943446
17.15	1096.01134168	-304.977135768	15.1587509891
17.2	1131.52217792	-305.485688243	15.6498954722
17.25	1097.2492887	-305.057566824	15.1758728289
17.3	937.00345146	-302.783829715	12.959539246
17.35	1197.18384372	-306.420257809	16.5580510758
17.4	1084.8894175	-304.848889445	15.0049255014
17.45	1118.28887392	-305.332923321	15.4668678407
17.5	1156.31083412	-305.845933756	15.9927432626
17.55	1031.02074533	-304.071846514	14.2598768358
17.6	1068.99349007	-304.619370009	14.785071567
17.65	1084.68513368	-304.849016036	15.0021000858
17.7	1141.25956202	-305.661967426	15.7845716159
17.75	1044.87062468	-304.291231458	14.4514322188
17.8	1197.60235688	-306.432137015	16.5638394618
17.85	1152.15910837	-305.772702001	15.9353214328
17.9	1044.1449149	-304.270666966	14.4413950472
17.95	1007.19045651	-303.762853074	13.9302840657
18.0	1155.66697427	-305.833899984	15.9838381439
18.05	1064.86263436	-304.570107364	14.7279383871
18.1	1076.50796932	-304.755390474	14.8890030825
18.15	1192.25970806	-306.343749528	16.4899461725
18.2	1172.25461136	-306.058749263	16.2132589998
18.25	997.376110807	-303.642932043	13.7945434789
18.3	1116.95138432	-305.319171953	15.448369244
18.35	1038.05612386	-304.162831656	14.3571819888
18.4	1242.0014846	-307.051551619	17.1779164294
18.45	1010.28483288	-303.790094621	13.9730818718
18.5	1141.63518921	-305.645884253	15.7897668532
18.55	997.75587572	-303.60300332	13.7997959444
18.6	1241.90874004	-307.040837783	17.1766336948
18.65	959.394490213	-303.072756695	13.2692259873
18.7	1067.63784505	-304.615718229	14.7663218657
18.75	1099.76383071	-305.048683872	15.2106510421
18.8	1209.64797332	-306.590716333	16.7304403838
18.85	1032.18430703	-304.112318885	14.2759698647
18.9	1107.99708469	-305.160040167	15.3245238117
18.95	1104.55172759	-305.111973774	15.2768716494
19.0	1122.00268593	-305.371125852	15.5182329582
19.05	1000.85330521	-303.658665015	13.8426359776
19.1	1233.19448516	-306.93408906	17.0561082817
19.15	1063.14170279	-304.534947382	14.7041364682
19.2	1016.20688237	-303.878154332	14.0549887555
19.25	1121.59535443	-305.356550744	15.5125992239
19.3	1061.82866112	-304.509803611	14.6859760067
19.35	1124.39380718	-305.398182587	15.5513041595
19.4	1097.04074343	-305.023551655	15.1729884739
19.45	1146.22501843	-305.695788818	15.8532480195
19.5	1030.88922523	-304.086248248	14.2580578032
19.55	1025.29538604	-304.015168107	14.1806903416
19.6	1166.85448973	-305.970685858	16.1385708137
19.65	1131.69944599	-305.478485737	15.6523472375
19.7	1061.23566703	-304.543060564	14.6777744038
19.75	1031.67431089	-304.113695461	14.2689161926
19.8	1195.87855639	-306.385765038	16.5399978633
19.85	1084.46247967	-304.848491247	14.999020595
19.9	1018.33748783	-303.910304011	14.084456806
19.95	1118.43526107	-305.304995444	15.4688924971
20.0	1114.35811857	-305.258991451	15.4125022157
20.05	1050.27331357	-304.365162668	14.5261559122
20.1	1131.99655027	-305.493948839	15.6564564375
20.15	1208.82637221	-306.582335821	16.7190769553
20.2	994.070903779	-303.578915807	13.748829709
20.25	992.265743371	-303.55385455	13.7238628349
20.3	1156.6142768	-305.847730348	15.996940128
20.35	1113.2695332	-305.21639782	15.3974461721
20.4	1137.45885995	-305.595767886	15.7320047363
20.45	1045.74989827	-304.306494545	14.4635933059
20.5	1076.64196923	-304.720312121	14.8908564129
20.55	1159.15095291	-305.875449368	16.0320244743
20.6	1026.2587234	-304.022664707	14.1940141007
20.65	979.223762684	-303.357962814	13.5434813643
20.7	1198.40395647	-306.441969391	16.5749262527
20.75	1138.37093419	-305.606879575	15.7446194837
20.8	1035.09876883	-304.149542256	14.3162793021
20.85	1155.51013067	-305.841802257	15.9816688661
20.9	1103.55315581	-305.078694721	15.2630605688
20.95	1080.1367029	-304.787901939	14.9391914944
21.0	1072.25466921	-304.677895951	14.8301763944
21.05	1122.44781593	-305.342588469	15.5243894774
21.1	1145.05482178	-305.698783327	15.8370632239
21.15	1034.94183543	-304.160215853	14.3141087823
21.2	1031.10063799	-304.07871328	14.2609818179
21.25	1151.57472674	-305.783687759	15.9272389474
21.3	1003.49697211	-303.683245517	13.8792000958
21.35	1185.10528602	-306.249871338	16.3909945485
21.4	1120.84134101	-305.326289624	15.5021705893
21.45	1102.95993577	-305.096021217	15.2548558408
21.5	1016.4861715	-303.881370306	14.0588515571
21.55	1032.68148383	-304.120744842	14.2828462344
21.6	1134.38502752	-305.558371679	15.68949107
21.65	1054.86869848	-304.399184835	14.5897139184
21.7	1199.81827626	-306.461678077	16.594487475
21.75	1142.79519776	-305.649503176	15.8058107389
21.8	1029.33250231	-304.076428242	14.2365270268
21.85	1102.53304387	-305.113278623	15.2489515698
21.9	1065.43556355	-304.56325617	14.7358624756
21.95	1088.01607293	-304.881010159	15.0481697538
22.0	1091.14193158	-304.929869718	15.0914029861
22.05	1143.57523854	-305.66721272	15.8165993535
22.1	1133.15110164	-305.512136895	15.6724248459
22.15	1025.88280935	-303.990623613	14.188814896
22.2	1112.09513029	-305.225243261	15.3812032004
22.25	1016.02260475	-303.897580002	14.0524400423
22.3	1068.31593672	-304.619010257	14.775700439
22.35	1246.73241198	-307.119672626	17.2433491009
22.4	1036.37721672	-304.13164769	14.3339613027
22.45	1197.2558483	-306.422139677	16.5590469591
22.5	1041.93348683	-304.261197962	14.4108091526
22.55	1019.1855673	-303.912034963	14.0961864525
22.6	1053.8924176	-304.429026386	14.5762111396
22.65	1061.51761239	-304.548111678	14.6816739434
22.7	1134.81082158	-305.531638174	15.695380157
22.75	1174.58940653	-306.069989034	16.2455511643
22.8	1134.43437559	-305.542517371	15.690173595
22.85	1078.00820887	-304.745724453	14.9097526468
22.9	959.5801372	-303.066209365	13.27179364
22.95	1120.06590813	-305.355134775	15.4914457059
23.0	1035.36673101	-304.151168077	14.3199854425
23.05	1082.48586725	-304.81527581	14.9716823968
23.1	1160.34028747	-305.896613851	16.0484739632
23.15	1171.39278556	-306.048138753	16.2013392302
23.2	1109.61438482	-305.195233396	15.3468924214
23.25	1045.03604163	-304.294610568	14.4537200732
23.3	1074.88055773	-304.695557416	14.8664946228
23.35	1079.35310149	-304.761539463	14.9283536333
23.4	1087.36722538	-304.879203968	15.0391956511
23.45	1174.66069609	-306.09388643	16.2465371585
23.5	1084.00341233	-304.824373616	14.9926713109
23.55	1012.98628516	-303.846982602	14.0104452099
23.6	1070.97089817	-304.649192814	14.8124207703
23.65	1074.12744182	-304.680351786	14.8560784017
23.7	1168.35614752	-306.007025394	16.1593399934
23.75	1116.2021748	-305.262469855	15.4380070514
23.8	1152.81133836	-305.796599171	15.9443423175
23.85	935.641073428	-302.746233614	12.9406964215
23.9	1143.31715694	-305.671904493	15.8130298697
23.95	1120.05792842	-305.343749172	15.4913353398
24.0	1104.17623968	-305.11857684	15.2716783384
24.05	1103.06248354	-305.093980724	15.256274162
24.1	1109.18755422	-305.178985587	15.3409889981
24.15	1082.52089365	-304.804039091	14.972166841
24.2	1094.23082545	-304.974733021	15.1341249645
24.25	1106.46931341	-305.15833464	15.3033934606
24.3	1079.20955003	-304.748853319	14.9263681969
24.35	1029.74746326	-304.07569441	14.2422662829
24.4	1038.40650425	-304.189400358	14.3620280419
24.45	1229.18715604	-306.848669224	17.0006835776
24.5	1054.73839656	-304.42976738	14.5879117342
24.55	1033.18462056	-304.149947966	14.2898050351
24.6	1059.60636436	-304.482364402	14.655239789
24.65	1225.84371024	-306.831323778	16.9544409335
24.7	1069.3173783	-304.651513045	14.7895512113
24.75	1102.4835102	-305.097199158	15.2482664778
24.8	1169.81760604	-306.021050895	16.1795531837
24.85	1087.95448313	-304.896405829	15.0473179154
24.9	1119.91360459	-305.349322145	15.4893392209
24.95	1021.2404716	-303.932961649	14.1246074929
25.0	1162.35077214	-305.924581648	16.0762806431
25.05	1076.89718127	-304.728760547	14.8943862083
25.1	1096.08370604	-305.017605625	15.1597518486
25.15	1068.73399834	-304.620356257	14.7814825799
25.2	1095.72572471	-304.980375355	15.1548006682
25.25	1192.32975337	-306.359396335	16.4909149576
25.3	1039.68283713	-304.208893668	14.3796807901
25.35	1109.56638448	-305.201357346	15.3462285366
25.4	1052.71186252	-304.402249717	14.5598830782
25.45	1013.29421794	-303.815920288	14.0147041771
25.5	1193.41837363	-306.360645659	16.5059714838
25.55	1262.46946118	-307.348124597	17.4610056169
25.6	1054.6262808	-304.432765946	14.5863610797
25.65	919.180386738	-302.517832174	12.7130313955
25.7	1144.37967586	-305.697126589	15.8277253927
25.75	1089.14275454	-304.895596943	15.0637527002
25.8	1202.24130622	-306.477983666	16.6280000003
25.85	1051.20930494	-304.362128019	14.5391014537
25.9	1184.52557921	-306.236272	16.3829767199
25.95	973.229920258	-303.259538024	13.4605815244
26.0	1025.84979337	-304.017185072	14.1883582574
26.05	1168.64266941	-306.025300491	16.1633028301
26.1	1111.97010882	-305.216657089	15.3794740491
26.15	1041.70274556	-304.223865851	14.4076178084
26.2	1056.66117059	-304.448805935	14.6145053026
26.25	1005.48640446	-303.709853003	13.9067156046
26.3	1178.5521211	-306.152736846	16.300358812
26.35	1072.91019705	-304.666651667	14.8392428912
26.4	1083.82277031	-304.80058374	14.990172881
26.45	1091.74977312	-304.91503421	15.0998099415
26.5	1099.20265307	-305.030648685	15.2028894873
26.55	1111.57010397	-305.221075232	15.3739416484
26.6	1024.21804978	-303.9662883	14.1657898826
26.65	1159.37370997	-305.885705341	16.0351053903
26.7	978.932060606	-303.355318245	13.5394468813
26.75	1097.3569457	-305.00534152	15.177361815
26.8	1096.13581358	-304.989397334	15.1604725393
26.85	1180.01055745	-306.163828578	16.3205302031
26.9	1155.91964069	-305.840809453	15.9873327312
26.95	1026.47815241	-304.046404957	14.197048987
27.0	1064.07529025	-304.576125784	14.7170487614
27.05	1022.61458265	-303.987078868	14.1436125947
27.1	1163.47494419	-305.934203185	16.0918288802
27.15	1217.95991071	-306.699319371	16.8454014106
27.2	1044.03171172	-304.265305124	14.4398293529
27.25	1084.21675836	-304.840629898	14.9956220645
27.3	1004.50780956	-303.714516141	13.8931808209
27.35	1012.65055522	-303.832974936	14.0058017848
27.4	1059.55395036	-304.476291414	14.6545148597
27.45	1197.3491296	-306.396493906	16.5603371173
27.5	1129.12967102	-305.442976382	15.6168051063
27.55	1082.02555551	-304.825560068	14.9653159015
27.6	1039.67374388	-304.223698214	14.3795550229
27.65	1090.03906904	-304.903672214	15.0761494773
27.7	1127.43405709	-305.429436741	15.5933533515
27.75	1022.05359145	-303.945144752	14.1358536186
27.8	1100.38372585	-305.07321823	15.219224709
27.85	1194.77039015	-306.392301004	16.5246709999
27.9	1087.65560413	-304.887602878	15.0431841696
27.95	977.14060897	-303.326546884	13.514669611
28.0	1184.40914388	-306.232663004	16.3813663221
28.05	1171.34013326	-306.065326103	16.200611005
28.1	1026.60948868	-304.023859523	14.1988654771
28.15	1100.54143806	-305.060734835	15.2214060004
28.2	1044.5839483	-304.267560732	14.4474672454
28.25	1192.22229454	-306.359703735	16.4894287123
28.3	1022.21091638	-303.970778441	14.1380295536
28.35	1072.47568791	-304.657167681	14.8332332674
28.4	1212.58440468	-306.617227618	16.7710536787
28.45	1072.16305313	-304.66121015	14.8289092677
28.5	1045.50998425	-304.307711607	14.460275095
28.55	1031.78339901	-304.108873403	14.2704249723
28.6	1057.78103435	-304.46807463	14.6299939526
28.65	1087.40548609	-304.879080618	15.0397248285
28.7	1151.13449814	-305.791995199	15.9211502187
28.75	1116.27839753	-305.288876648	15.4390612753
28.8	1158.63688084	-305.870823713	16.0249144289
28.85	1054.26886546	-304.410450554	14.5814177274
28.9	1077.0085932	-304.75770356	14.8959271282
28.95	1051.91793598	-304.397988892	14.5489024119
29.0	1146.81721142	-305.715113573	15.8614385425
29.05	1126.3870519	-305.404042111	15.5788723965
29.1	1080.75859523	-304.771308979	14.947792784
29.15	1044.05389671	-304.269876686	14.4401361898
29.2	1040.84357499	-304.23301904	14.3957347629
29.25	1147.88594289	-305.732445285	15.8762199901
29.3	1165.65681701	-305.980261694	16.122006001
29.35	1114.28753622	-305.256981816	15.4115260029
29.4	1007.46226657	-303.73636477	13.9340434255
29.45	1204.97112278	-306.55188055	16.6657556402
29.5	1020.60388281	-303.944641222	14.115802939
29.55	1101.76847123	-305.085738009	15.2383768925
29.6	1069.09223845	-304.629007664	14.7864373395
29.65	1147.19114697	-305.711053402	15.866610383
29.7	1177.10685976	-306.134575686	16.2803696423
29.75	992.390173614	-303.5372028	13.725583809
29.8	1085.68353325	-304.876049684	15.0159087846
29.85	1176.65905856	-306.13033373	16.2741761782
29.9	1085.59973098	-304.840640563	15.0147497293
29.95	1016.1240479	-303.872033865	14.0538430857
30.0	1209.45355623	-306.594699103	16.7277514334
30.05	1007.43377612	-303.743696314	13.9336493789
30.1	997.323979313	-303.60791061	13.7938224569
30.15	1076.58645475	-304.717827697	14.8900886014
30.2	1282.73890396	-307.62428737	17.7413489165
30.25	967.562660899	-303.201994415	13.3821986006
30.3	1108.08829074	-305.163938378	15.3257852675
30.35	1116.9198235	-305.294435806	15.4479327315
30.4	1090.85488857	-304.957859362	15.0874329418
30.45	1044.57545562	-304.267427628	14.4473497845
30.5	1159.41002435	-305.88327859	16.0356076484
30.55	1099.11028808	-305.03046342	15.2016120025
30.6	1104.93207038	-305.109259032	15.2821321073
30.65	1056.19028822	-304.455986888	14.6079926068
30.7	1090.81650471	-304.941572261	15.0869020611
30.75	1084.46172155	-304.845928416	14.9990101096
30.8	1117.54122555	-305.302503037	15.4565272401
30.85	1102.86875908	-305.084225479	15.2535947911
30.9	1162.10851891	-305.945678169	16.0729300789
30.95	954.016728401	-303.015882063	13.1948470561
31.0	1141.30217614	-305.644302756	15.7851610048
31.05	1101.85219094	-305.071288226	15.239534806
31.1	1175.17698926	-306.108211085	16.2536779236
31.15	1017.36155172	-303.863341451	14.0709587958
31.2	1092.82704828	-304.95620187	15.1147095555
31.25	1055.10011106	-304.445722611	14.5929145473
31.3	1053.7162078	-304.415525844	14.5737740111
31.35	1231.1078984	-306.898033844	17.0272490465
31.4	1104.43696217	-305.105498872	15.2752843479
31.45	1042.23693573	-304.24286899	14.4150061041
31.5	1060.20227412	-304.502028804	14.663481718
31.55	1071.80029121	-304.659767748	14.8238919677
31.6	1167.74510208	-306.017675816	16.1508887254
31.65	1016.27652633	-303.866703265	14.0559519895
31.7	1228.27114393	-306.867894011	16.9880143661
31.75	1042.10649739	-304.243391462	14.413202033
31.8	1091.44167955	-304.927332519	15.0955487505
31.85	1123.59419033	-305.387057714	15.5402447916
31.9	1073.41046601	-304.673011935	14.8461620282
31.95	1057.80064718	-304.45761591	14.6302652144
32.0	1028.10087112	-304.037490552	14.2194925401
32.05	1130.37557332	-305.475932199	15.6340369743
32.1	1041.99084112	-304.22957205	14.4116024102
32.15	1173.85323066	-306.126551825	16.235369238
32.2	1081.20039378	-304.786373985	14.9539032265
32.25	1186.84322348	-306.289934394	16.4150316731
32.3	1077.76099921	-304.760999254	14.9063335309
32.35	1078.30805534	-304.743747782	14.9138997735
32.4	1076.74730349	-304.727128301	14.8923132737
32.45	1152.42354635	-305.794357032	15.9389788305
32.5	1102.33154634	-305.100522575	15.2461646909
32.55	1045.84862429	-304.294251266	14.4649587691
32.6	1134.18493289	-305.534385379	15.6867235944
32.65	1106.28524439	-305.140588818	15.3008476326
32.7	1093.03080238	-304.990257797	15.1175276447
32.75	1049.57606258	-304.358812984	14.5165123496
32.8	1172.99993924	-306.071608496	16.2235675061
32.85	1048.39308343	-304.35226853	14.5001507612
32.9	1098.77083538	-305.022887722	15.1969170885
32.95	1089.26074796	-304.89241508	15.0653846476
33.0	1116.44151154	-305.283854163	15.4413172782
33.05	1068.02595514	-304.614969623	14.7716897519
33.1	1120.43682156	-305.341457739	15.496575748
33.15	1155.76598026	-305.814805462	15.9852074793
33.2	1040.29160398	-304.21122604	14.3881005434
33.25	1033.98627679	-304.124101663	14.3008926093
33.3	1101.00862042	-305.076545634	15.2278675221
33.35	1045.74393894	-304.282073407	14.4635108834
33.4	1170.03597261	-306.030161682	16.1825733754
33.45	1008.93512792	-303.755172656	13.9544143264
33.5	1150.78373194	-305.764796742	15.9162988295
33.55	1079.84322444	-304.782458542	14.9351324426
33.6	1021.34971994	-303.963536724	14.1261184885
33.65	1049.04332841	-304.330074314	14.5091441917
33.7	1286.76195244	-307.67055054	17.7969910323
33.75	1015.99484304	-303.878054688	14.0520560747
33.8	1031.6338391	-304.093442859	14.268356434
33.85	1134.74320716	-305.538543339	15.6944449932
33.9	1074.42386287	-304.712233918	14.860178152
33.95	976.329222357	-303.331234518	13.5034474574
34.0	1269.30518285	-307.431069828	17.5555493491
34.05	1097.36929742	-305.000404883	15.1775326495
34.1	1185.15440339	-306.263811181	16.3916738828
34.15	984.92803076	-303.428949262	13.6223761495
34.2	1043.73007157	-304.274025547	14.435657418
34.25	1028.72910645	-304.063922315	14.2281815588
34.3	1112.62665689	-305.21650783	15.3885546565
34.35	1163.68120805	-305.930471885	16.0946816814
34.4	1002.87417105	-303.689724436	13.8705862377
34.45	1053.64351006	-304.397197416	14.5727685406
34.5	1179.91519638	-306.143156819	16.31921128
34.55	1084.11142902	-304.845381529	14.9941652718
34.6	1000.8041153	-303.698264924	13.8419556402
34.65	1155.5554529	-305.836871004	15.9822957104
34.7	1175.23204786	-306.09332169	16.25443943
34.75	1048.12519407	-304.319994672	14.496445628
34.8	1070.50516208	-304.65737068	14.8059792516
34.85	1121.94072299	-305.368944843	15.5173759591
34.9	1119.30676803	-305.345877945	15.4809461652
34.95	1088.92544382	-304.906314716	15.0607471117
35.0	1163.04606019	-305.936396694	16.0858970567
35.05	996.683254281	-303.595207149	13.7849606953
35.1	1039.51959428	-304.20449961	14.3774230053
35.15	1189.99265774	-306.319113674	16.4585909757
35.2	1078.57266877	-304.747008115	14.9175595979
35.25	1157.28975602	-305.883101146	16.006282569
35.3	1012.83708724	-303.820257311	14.0083816783
35.35	1068.37083484	-304.609456596	14.7764597258
35.4	1204.40471871	-306.538017158	16.6579217994
35.45	1021.31934065	-303.933873552	14.1256983177
35.5	1149.7320741	-305.752512954	15.9017535245
35.55	1101.95786487	-305.083437699	15.2409963646
35.6	1009.22838723	-303.813788652	13.9584703473
35.65	1169.82828567	-306.061243764	16.1797008919
35.7	1091.23301894	-304.920957368	15.0926628002
35.75	1132.93849871	-305.522746133	15.6694843701
35.8	1090.28868794	-304.931421501	15.0796019149
35.85	1047.46605251	-304.31463194	14.4873291504
35.9	1184.70784104	-306.220007721	16.385497553
35.95	1075.0894582	-304.681346557	14.8693838905
36.0	1076.91271006	-304.738638055	14.8946009845
36.05	1013.19199683	-303.832530786	14.0132903739
36.1	1133.35571993	-305.540148852	15.6752548875
36.15	1117.38670376	-305.306239421	15.4543900749
36.2	1068.34837068	-304.607006763	14.7761490278
36.25	1150.93593368	-305.783761519	15.9184039066
36.3	1136.21801687	-305.555043381	15.7148428415
36.35	1086.12585216	-304.853665665	15.0220264239
36.4	996.742263255	-303.622249947	13.7857768386
36.45	1132.37800731	-305.5075734	15.6617323065
36.5	1149.17974282	-305.708617055	15.8941143222
36.55	1105.49817366	-305.13193323	15.2899617879
36.6	988.158623846	-303.485646705	13.6670579464
36.65	1133.52310819	-305.504904857	15.6775700068
36.7	1210.91604372	-306.604326468	16.7479788552
36.75	996.929034711	-303.619436728	13.7883600436
36.8	1036.52472872	-304.162362289	14.3360015167
36.85	1178.22395046	-306.150982362	16.2958199383
36.9	1080.29099555	-304.785278456	14.9413254905
36.95	1087.22595497	-304.875503718	15.0372417634
37.0	1096.98125772	-304.998826454	15.1721657368
37.05	1133.09095934	-305.516066703	15.6715930277
37.1	1145.00078964	-305.686924627	15.8363159142
37.15	951.85798365	-302.984481759	13.1649898157
37.2	1076.93125069	-304.737691802	14.8948574168
37.25	1181.46373323	-306.205530912	16.3406288362
37.3	1063.36587527	-304.528440111	14.7072369605
37.35	1015.06758502	-303.844906756	14.0392313229
37.4	1075.03751689	-304.708197589	14.8686654989
37.45	1151.22609381	-305.772614828	15.9224170632
37.5	1103.7112113	-305.097376901	15.265246608
37.55	989.95299576	-303.494354629	13.6918756065
37.6	1135.89744015	-305.577185377	15.7104089982
37.65	1061.85486958	-304.524353249	14.6863384916
37.7	1206.18468957	-306.546758708	16.682540281
37.75	1069.33299657	-304.615591123	14.7897672251
37.8	1118.06778307	-305.292951629	15.4638099698
37.85	1018.59816124	-303.907164084	14.0880621367
37.9	1018.40822966	-303.935971553	14.0854352246
37.95	1169.32365363	-306.029251123	16.1727214099
38.0	1089.69135404	-304.873398765	15.0713402888
38.05	1129.95972986	-305.484323999	15.6282855124
38.1	1081.35007866	-304.800939281	14.9559734932
38.15	1082.07654386	-304.806520753	14.9660211128
38.2	1076.8418717	-304.727071105	14.8936212308
38.25	1106.60136764	-305.154220683	15.3052198808
38.3	1134.79017652	-305.554597454	15.6950946186
38.35	1085.57197416	-304.83165747	15.0143658292
38.4	1139.98989867	-305.616239665	15.7670111127
38.45	1010.88276497	-303.803458022	13.9813517712
38.5	1101.03987569	-305.063462703	15.2282998086
38.55	1108.84632074	-305.173443878	15.3362694546
38.6	1081.23673104	-304.784236419	14.9544058011
38.65	1088.81226981	-304.876500266	15.0591818208
38.7	1122.31198102	-305.355435383	15.5225107673
38.75	989.474199898	-303.500014955	13.6852534604
38.8	951.921208816	-302.976970754	13.1658642725
38.85	1231.5147871	-306.890756992	17.0328766565
38.9	1072.56678589	-304.649213725	14.8344932284
38.95	1193.75224424	-306.40678619	16.5105891927
39.0	1052.44384186	-304.409572298	14.5561761289
39.05	1181.11492151	-306.21177641	16.3358044791
39.1	1083.1511004	-304.800831852	14.9808831261
39.15	1062.76622468	-304.542175894	14.6989432928
39.2	1083.52479791	-304.831402931	14.9860516742
39.25	1098.56690878	-305.03042988	15.1940966135
39.3	1111.81769516	-305.22312714	15.3773660411
39.35	1086.90755426	-304.88738419	15.032838016
39.4	1040.84676366	-304.204663034	14.3957788648
39.45	1260.53227121	-307.292560231	17.434212664
39.5	969.687002172	-303.214423671	13.4115800123
39.55	1075.19436669	-304.722316218	14.8708348624
39.6	1140.77119354	-305.644184454	15.7778170724
39.65	1101.37805004	-305.083318303	15.2329770418
39.7	1110.28620393	-305.180037154	15.35618424
39.75	1053.54322446	-304.39950336	14.5713815072
39.8	1100.66388365	-305.078898192	15.2230995251
39.85	1185.33269581	-306.248655925	16.3941398156
39.9	1028.66801643	-304.035515047	14.2273366329
39.95	1076.58641419	-304.723779914	14.8900880405
40.0	1111.28146647	-305.198639975	15.369949551
40.05	1081.84812429	-304.791453335	14.9628618797
40.1	1105.8684338	-305.144658339	15.2950827945
40.15	980.943980191	-303.39131294	13.5672734072
40.2	1105.35376858	-305.12607945	15.2879645452
40.25	1186.64834374	-306.254295725	16.4123363238
40.3	1061.91803898	-304.505394085	14.6872121771
40.35	1078.15686718	-304.754897657	14.9118087151
40.4	989.512304726	-303.522296754	13.685780482
40.45	1170.74590562	-306.046646205	16.1923923411
40.5	1105.67696318	-305.129542027	15.2924345961
40.55	1093.41451938	-304.974329489	15.1228347708
40.6	1104.8841351	-305.113292746	15.2814691225
40.65	1142.99377966	-305.649732704	15.8085572923
40.7	1057.47028282	-304.478368508	14.6256959996
40.75	1124.96085166	-305.419309159	15.5591468576
40.8	1062.68044268	-304.539378474	14.6977568561
40.85	1124.08959608	-305.39976513	15.5470966662
40.9	1093.58450919	-304.95463255	15.1251858716
40.95	1131.1496179	-305.512140308	15.6447426564
41.0	1043.02771003	-304.258766939	14.4259431721
41.05	1137.3254388	-305.557809536	15.7301594104
41.1	1068.5108934	-304.603236254	14.7783968525
41.15	1004.11115959	-303.712518603	13.887694821
41.2	1155.8327306	-305.84252438	15.9861306921
41.25	1064.16865096	-304.541764472	14.7183400179
41.3	1165.13609591	-305.973238863	16.114803994
41.35	1043.32871202	-304.263653078	14.4301062807
41.4	1058.45982177	-304.477187466	14.6393821487
41.45	1126.70228205	-305.434330084	15.5832322923
41.5	1121.35872922	-305.342030245	15.5093264999
41.55	1073.0625563	-304.682757892	14.8413501468
41.6	1057.41870285	-304.457060672	14.6249826056
41.65	1129.91023147	-305.477212421	15.6276009084
41.7	1130.29925873	-305.487567963	15.6329814798
41.75	1054.03539923	-304.427829331	14.5781886948
41.8	1057.79032095	-304.475546639	14.6301223939
41.85	1138.7339704	-305.585436413	15.7496405773
41.9	1094.96490183	-304.981586583	15.1442778532
41.95	1141.73122153	-305.659380756	15.7910950603
42.0	1046.7071589	-304.298233006	14.4768330188
42.05	1224.95113288	-306.7961866	16.9420958442
42.1	1013.07438524	-303.838172569	14.0116637075
42.15	954.809644566	-303.018327517	13.205813748
42.2	1177.35707201	-306.151488436	16.2838302863
42.25	1159.46238183	-305.880133883	16.0363317961
42.3	1043.57751258	-304.255407481	14.4335474
42.35	1145.24986699	-305.683801461	15.8397608618
42.4	1166.03114516	-306.002500186	16.1271832716
42.45	1092.28782312	-304.97588864	15.1072516218
42.5	957.006666369	-303.051484172	13.236200392
42.55	1011.42047959	-303.820582868	13.988788813
42.6	1253.6677549	-307.206034383	17.3392706781
42.65	1196.2130526	-306.388577127	16.5446242248
42.7	1044.47457454	-304.26962429	14.4459545151
42.75	980.597385301	-303.409572421	13.5624797108
42.8	1026.11470001	-304.032501907	14.1920221371
42.85	1092.91089017	-304.933400362	15.1158691588
42.9	1132.5521847	-305.491387425	15.6641413252
42.95	1089.25927864	-304.8912862	15.0653643257
43.0	1118.72258567	-305.317520723	15.4728664359
43.05	1113.0228635	-305.238275497	15.3940345244
43.1	997.670659616	-303.621628841	13.7986173346
43.15	1058.54131836	-304.477312316	14.6405093145
43.2	1211.88912055	-306.617450514	16.7614373192
43.25	973.899661508	-303.275266214	13.4698446045
43.3	1228.47242833	-306.87780441	16.9907982973
43.35	1109.75169215	-305.198580158	15.3487914963
43.4	1032.11517745	-304.12239039	14.2750137448
43.45	1154.31592047	-305.823910106	15.965151943
43.5	1150.00778425	-305.761045743	15.9055668258
43.55	1038.98264194	-304.207475293	14.3699965066
43.6	1066.01206075	-304.569403565	14.7438359127
43.65	1066.85377143	-304.586510244	14.7554774735
43.7	1082.44140065	-304.796091283	14.9710673866
43.75	1131.99801682	-305.52206354	15.6564767211
43.8	1107.22836493	-305.168983076	15.3138917762
43.85	1173.48155065	-306.100684059	16.2302285935
43.9	1049.37846515	-304.357834632	14.5137794122
43.95	1100.65786497	-305.075569482	15.2230162817
44.0	1096.9634598	-305.005022053	15.1719195768
44.05	1117.93235528	-305.293757717	15.4619368904
44.1	1103.92352693	-305.129779169	15.2681831103
44.15	1022.52426679	-303.979684609	14.142363451
44.2	1192.72252665	-306.366291067	16.4963473397
44.25	1050.87290688	-304.356910738	14.5344487879
44.3	1089.54211745	-304.922079979	15.0692762223
44.35	1147.25094126	-305.714358247	15.8674373879
44.4	1032.75113725	-304.109399791	14.2838095994
44.45	1062.05239177	-304.531890327	14.6890703882
44.5	1177.24393183	-306.146300271	16.2822654633
44.55	1116.5198418	-305.297722778	15.4424006509
44.6	1045.30120162	-304.300985038	14.457387457
44.65	1106.45613886	-305.155870193	15.3032112456
44.7	1066.55972161	-304.585874133	14.7514105193
44.75	1169.73604636	-306.036709423	16.1784251453
44.8	1125.56009183	-305.411778452	15.5674348489
44.85	988.183081008	-303.483452908	13.6673962093
44.9	1107.20756533	-305.159357665	15.3136041004
44.95	997.162386719	-303.625695061	13.7915874965
45.0	1151.23890076	-305.787778483	15.922594194
45.05	1105.40607448	-305.137377178	15.2886879795
45.1	1039.67371437	-304.218559741	14.3795546148
45.15	1200.99998124	-306.47830182	16.6108314406
45.2	1127.52179191	-305.443849947	15.5945667973
45.25	960.988228926	-303.091892418	13.291268723
45.3	1192.78932692	-306.367545444	16.4972712431
45.35	1036.44040721	-304.152994871	14.3348352799
45.4	1184.71394952	-306.261811231	16.3855820384
45.45	1031.11704193	-304.084671797	14.2612086981
45.5	1159.76896552	-305.899784606	16.0405721041
45.55	1011.53178297	-303.80469492	13.9903282315
45.6	1179.2325196	-306.178395797	16.3097692908
45.65	1036.09890854	-304.147700084	14.3301120685
45.7	1091.60038607	-304.953104745	15.097743794
45.75	1128.69189021	-305.455628143	15.6107502326
45.8	1065.57667519	-304.560741076	14.7378141673
45.85	1075.0322986	-304.733056422	14.8685933255
45.9	1075.75260373	-304.725170011	14.8785557463
45.95	1185.78184076	-306.246908355	16.4003518649
46.0	1131.03185223	-305.492533841	15.643113859
46.05	962.367225873	-303.122942787	13.3103414009
46.1	1045.2766309	-304.27358162	14.4570476235
46.15	1101.53208238	-305.080457856	15.2351074375
46.2	1133.42318348	-305.548632858	15.6761879647
46.25	1209.13217504	-306.609319222	16.7233064634
46.3	1031.08252322	-304.067998331	14.2607312756
46.35	1132.49016564	-305.509159443	15.6632835498
46.4	1107.7595449	-305.148713557	15.3212384383
46.45	1067.43544959	-304.613232279	14.7635225676
46.5	1000.77220373	-303.676174016	13.8415142766
46.55	1140.31514706	-305.609206298	15.7715095693
46.6	1133.47524391	-305.521352178	15.6769080039
46.65	1040.42362443	-304.2221001	14.3899264963
46.7	1172.89006925	-306.083404088	16.2220479125
46.75	1074.27098636	-304.689454241	14.8580637424
46.8	1089.98658969	-304.900744539	15.075423644
46.85	1102.6681479	-305.089247707	15.2508201712
46.9	1043.33685383	-304.259186524	14.4302188887
46.95	1109.3629096	-305.182511974	15.3434143093
47.0	1135.04573518	-305.534114848	15.698629208
47.05	1093.98994145	-304.982440225	15.1307933379
47.1	1077.39659581	-304.747182814	14.9012935279
47.15	1078.74983831	-304.74327017	14.9200100004
47.2	1085.86973209	-304.839262807	15.0184840698
47.25	1155.53102149	-305.85267495	15.9819578035
47.3	1067.8711139	-304.620369089	14.7695481683
47.35	1066.79627334	-304.57705919	14.754682227
47.4	1142.63989031	-305.649343776	15.8036627074
47.45	1060.04114393	-304.482662325	14.661253153
47.5	1131.76999095	-305.494875641	15.6533229331
47.55	966.549972088	-303.188322346	13.3681922697
47.6	1168.13708343	-306.025734068	16.1563101543
47.65	1095.36263356	-304.97749963	15.1497788147
47.7	1085.0160559	-304.86427018	15.006677016
47.75	1072.82171887	-304.691556409	14.8380191642
47.8	1175.30708835	-306.093093279	16.2554773026
47.85	1064.93945534	-304.565543962	14.7290008854
47.9	1140.74696177	-305.646402556	15.7774819268
47.95	1021.96057379	-303.957448444	14.1345671067
48.0	1225.16896608	-306.817864421	16.945108659
48.05	979.081307304	-303.346535087	13.5415110876
48.1	1106.48955257	-305.159371141	15.3036733851
48.15	1116.57645167	-305.275627465	15.4431836127
48.2	1137.59069463	-305.581085616	15.7338281198
48.25	1034.09279031	-304.144725401	14.3023657802
48.3	1092.68874235	-304.941226217	15.1127966691
48.35	1123.04380305	-305.347365005	15.5326324763
48.4	1151.32320867	-305.773746007	15.9237602427
48.45	1143.96217704	-305.69347985	15.8219510357
48.5	1025.32710771	-304.020977996	14.1811290787
48.55	1080.05985966	-304.779808199	14.9381286884
48.6	1062.10457029	-304.533015062	14.6897920606
48.65	1182.72181215	-306.227986545	16.358029117
48.7	1085.44148527	-304.825347781	15.012561059
48.75	1094.64824574	-304.96729741	15.1398982353
48.8	1094.1614759	-304.982695462	15.1331658025
48.85	1055.22791742	-304.436680286	14.5946822159
48.9	1109.56266248	-305.173533683	15.3461770583
48.95	1047.77031417	-304.308248961	14.491537343
49.0	1187.56377928	-306.297681388	16.4249975608
49.05	1035.09425569	-304.136602051	14.3162168816
49.1	1109.09807283	-305.178833426	15.3397513959
49.15	1075.89423146	-304.70588541	14.8805145759
49.2	1143.33032683	-305.674280066	15.8132120203
49.25	990.776813063	-303.518110246	13.7032696869
49.3	1119.02447108	-305.322637647	15.4770417629
49.35	1039.15517497	-304.182823682	14.3723827823
49.4	1208.424888	-306.558606003	16.7135240938
49.45	999.23986531	-303.608582126	13.8203207582
49.5	1080.95573232	-304.813757501	14.9505193544
49.55	1102.89364727	-305.108272454	15.2539390156
49.6	1007.82602027	-303.765583854	13.9390744426
49.65	1084.30768553	-304.832793321	14.9968796631
49.7	1154.74837869	-305.791498556	15.9711332009
49.75	1209.41675774	-306.58274981	16.7272424795
49.8	1075.35335998	-304.70692155	14.8730338722
49.85	1047.45995238	-304.338437462	14.4872447806
49.9	1040.0345133	-304.223593571	14.3845447648
49.95	973.169744432	-303.288394681	13.4597492425
50.0	1056.20104505	-304.468296081	14.6081413827
50.05	1199.65623706	-306.44488748	16.5922463378
50.1	1269.55188589	-307.422412525	17.5589614579
50.15	986.596614377	-303.467030313	13.6454540526
50.2	1137.29687525	-305.595030014	15.7297643527
50.25	1028.26403053	-304.0502002	14.2217491709
50.3	1059.13638131	-304.480890131	14.6487395314
50.35	1138.29441305	-305.590818026	15.7435611325
50.4	1143.46145964	-305.646230303	15.8150256965
50.45	1100.58553359	-305.056722628	15.2220158783
50.5	1040.20059398	-304.232920268	14.3868417992
50.55	1110.42187888	-305.194357267	15.3580607378
50.6	1114.66706129	-305.256779907	15.4167751511
50.65	1020.59831114	-303.942651651	14.1157258781
50.7	1183.63124193	-306.23701766	16.3706072894
50.75	1027.44268621	-304.037852593	14.2103892939
50.8	1099.35063799	-305.040029954	15.2049362421
50.85	1140.21599228	-305.606852068	15.770138176
50.9	1133.17164878	-305.515808416	15.67270903
50.95	1006.07153695	-303.756059319	13.9148084749
51.0	1031.22964055	-304.101338033	14.262766031
51.05	1155.32924256	-305.818500015	15.9791670326
51.1	1189.09284876	-306.312678165	16.4461458671
51.15	945.534041225	-302.874629492	13.0775244175
51.2	1218.89378835	-306.725932296	16.8583177172
51.25	1130.1939848	-305.47388707	15.6315254537
51.3	1048.24841901	-304.318802157	14.4981499317
51.35	1055.94603616	-304.462959261	14.604614397
51.4	1028.26652873	-304.064451818	14.221783723
51.45	1156.0516045	-305.835327706	15.9891579007
51.5	1172.64882781	-306.058625849	16.2187113422
51.55	1051.10431884	-304.36843476	14.5376494083
51.6	1105.66904895	-305.134201487	15.2923251357
51.65	1140.85457939	-305.629817571	15.7789703684
51.7	1052.02331801	-304.37439535	14.5503599333
51.75	1068.83256561	-304.612007713	14.7828458474
51.8	1066.41722959	-304.594704566	14.7494397358
51.85	1146.66396389	-305.707451288	15.8593190014
51.9	1090.51175429	-304.9092393	15.0826871085
51.95	1077.85044929	-304.755149978	14.9075707001
52.0	1113.7201166	-305.255340695	15.4036781163
52.05	1091.25138802	-304.927180628	15.09291686
52.1	1158.78540303	-305.884364554	16.0269686146
52.15	998.271333979	-303.626387682	13.806925162
52.2	1077.76745061	-304.731289078	14.9064227592
52.25	1187.16568705	-306.268901529	16.4194916133
52.3	1027.80692773	-304.04236721	14.215427058
52.35	1088.60615651	-304.907997087	15.0563311018
52.4	1070.38785647	-304.635518605	14.8043568172
52.45	1088.93170836	-304.897583267	15.0608337554
52.5	1182.79329358	-306.183646275	16.3590177647
52.55	1056.93569663	-304.432247385	14.6183022268
52.6	1089.27206892	-304.93611929	15.0655412259
52.65	1024.87516125	-304.013314269	14.1748782823
52.7	1054.11734591	-304.413671202	14.5793220856
52.75	1133.87931903	-305.521782813	15.6824966999
52.8	1022.06902473	-303.958769448	14.1360670738
52.85	1210.18529617	-306.607593646	16.7378720071
52.9	1044.37081859	-304.249362102	14.4445194838
52.95	1243.81903492	-307.089515508	17.2030546663
53.0	925.264939024	-302.604289474	12.7971858285
53.05	1179.67646805	-306.189100153	16.3159094681
53.1	1017.70162466	-303.87694966	14.0756622881
53.15	1176.46690472	-306.143682308	16.2715185303
53.2	1070.24023404	-304.652556871	14.8023150759
53.25	1049.07291928	-304.346895214	14.5095534581
53.3	1108.05129159	-305.176410996	15.3252735383
53.35	1161.60846045	-305.909929551	16.0660138533
53.4	1063.33091252	-304.551271876	14.7067533965
53.45	1062.9824117	-304.546439226	14.7019333396
53.5	1097.15445002	-305.004073904	15.1745611308
53.55	1113.34588929	-305.245131328	15.3985022405
53.6	1087.09742979	-304.870605473	15.0354641529
53.65	1056.22607213	-304.443838864	14.6084875281
53.7	1083.50449406	-304.82445196	14.9857708551
53.75	1082.46306642	-304.810075571	14.9713670422
53.8	1006.85415312	-303.742873157	13.9256327094
53.85	1255.08592414	-307.231168024	17.3588851415
53.9	1044.59939596	-304.257825626	14.4476808994
53.95	1074.3514113	-304.697812977	14.8591760863
54.0	1091.79937787	-304.932417101	15.1004960165
54.05	1056.79326058	-304.453222991	14.6163322174
54.1	1172.45768983	-306.076763605	16.2160677444
54.15	1061.22344215	-304.483116252	14.6776053236
54.2	1138.058086	-305.614775741	15.7402925323
54.25	1043.26522667	-304.253470988	14.4292282254
54.3	1047.87406247	-304.324802499	14.4929722685
54.35	1165.11855365	-305.965170642	16.1145613698
54.4	1042.99434338	-304.234090599	14.4254816835
54.45	1067.99212358	-304.623924078	14.7712218332
54.5	1030.77104693	-304.067252671	14.2564232987
54.55	1175.08442994	-306.093434174	16.252397751
54.6	1102.30673982	-305.080840863	15.2458215961
54.65	1092.81706433	-304.944856988	15.1145714691
54.7	1144.02388291	-305.665850481	15.8228044794
54.75	978.214201708	-303.359164911	13.529518294
54.8	980.238044047	-303.399702478	13.5575097215
54.85	1200.77316026	-306.472252497	16.6076943171
54.9	1144.29180973	-305.667267853	15.8265101308
54.95	1107.11324879	-305.149599319	15.3122996241
55.0	1053.00487176	-304.421422486	14.5639356403
55.05	1074.90736969	-304.734431923	14.8668654546
55.1	1075.29667676	-304.715690984	14.872249896
55.15	1134.00084459	-305.566216059	15.6841774997
55.2	1027.96446883	-304.049432803	14.2176059828
55.25	1139.93857255	-305.596042422	15.7663012298
55.3	1147.20723212	-305.710487756	15.8668328541
55.35	1052.73775156	-304.382775914	14.5602411452
55.4	1149.62662297	-305.73875138	15.9002950474
55.45	1073.23427458	-304.680189844	14.8437251538
55.5	1055.09264929	-304.41743297	14.5928113448
55.55	1080.31189921	-304.786751511	14.9416146055
55.6	1113.82957581	-305.259421419	15.4051920285
55.65	1031.84882643	-304.084008133	14.2713298881
55.7	1087.71410387	-304.870868284	15.0439932699
55.75	1158.85555179	-305.862805727	16.0279388304
55.8	1090.70159865	-304.932884707	15.0853128144
55.85	1023.10869661	-304.0017051	14.1504466029
55.9	1081.70697103	-304.823214243	14.9609096124
55.95	1125.13991318	-305.422280119	15.5616234278
56.0	1146.37063856	-305.686946089	15.8552620674
56.05	1045.42440317	-304.274862087	14.4590914372
56.1	1152.24852278	-305.801936978	15.9365581086
56.15	1065.33347035	-304.557842111	14.7344504416
56.2	1067.9014973	-304.608187511	14.7699683961
56.25	1047.81362439	-304.332797422	14.4921363594
56.3	1155.60633998	-305.828515172	15.9829995211
56.35	1136.35083014	-305.556050856	15.7166797599
56.4	1020.34161284	-303.947031665	14.1121755265
56.45	1073.33706132	-304.685246065	14.8451467801
56.5	1094.43357525	-304.941790366	15.1369291634
56.55	1197.51226916	-306.409576332	16.5625934734
56.6	1041.35038789	-304.242842857	14.402744408
56.65	999.253090709	-303.642374474	13.8205036765
56.7	1167.66703637	-305.999499963	16.1498090115
56.75	1108.49165086	-305.16789048	15.3313640742
56.8	1056.7870755	-304.460065131	14.6162466726
56.85	1136.8335746	-305.598194637	15.7233565183
56.9	998.007156158	-303.60474817	13.8032713624
56.95	1179.63742327	-306.158821396	16.3153694462
57.0	961.979440337	-303.137475541	13.3049780035
57.05	1161.5439767	-305.955221348	16.0651219892
57.1	1134.18183231	-305.530601661	15.6866807108
57.15	1206.82618628	-306.563919629	16.6914127156
57.2	968.034874949	-303.196838512	13.3887297148
57.25	1132.10583526	-305.503224409	15.6579679401
57.3	1109.56143079	-305.211382683	15.346160023
57.35	1025.17090009	-304.002428025	14.178968597
57.4	1151.83785586	-305.784706613	15.9308782425
57.45	1032.79900662	-304.093071209	14.2844716727
57.5	1143.04141242	-305.650870654	15.8092160931
57.55	1101.9114493	-305.086819665	15.2403543985
57.6	1054.2682883	-304.410184321	14.5814097449
57.65	1213.39636626	-306.628352182	16.7822837846
57.7	1038.30765884	-304.173911531	14.3606609274
57.75	1031.01836989	-304.101007955	14.2598439815
57.8	1067.14303721	-304.595903917	14.7594782606
57.85	1175.40739689	-306.11828787	16.2568646534
57.9	977.933233425	-303.351018487	13.5256322683
57.95	1140.48641369	-305.638820322	15.7738783297
58.0	1186.83282623	-306.253588857	16.4148878705
58.05	1057.92288868	-304.440149918	14.6319559162
58.1	1119.4490923	-305.365509853	15.4829146286
58.15	938.4780019	-302.774712913	12.9799335085
58.2	1159.58006979	-305.893106232	16.0379595186
58.25	1023.16448458	-303.961433544	14.1512181971
58.3	1196.48598621	-306.402775072	16.5483991244
58.35	1003.07058774	-303.692091384	13.8733028445
58.4	1062.58786001	-304.539011123	14.6964763605
58.45	1095.48971208	-304.976383134	15.1515364166
58.5	1142.44787508	-305.641470615	15.8010069766
58.55	1132.61970338	-305.52685581	15.6650751648
58.6	1068.12513001	-304.594997161	14.773061423
58.65	1169.02579525	-306.022800128	16.16860178
58.7	1037.76495007	-304.189149698	14.3531548125
58.75	1124.15614462	-305.416927638	15.548017088
58.8	1009.87776118	-303.800063437	13.9674517306
58.85	1091.94574218	-304.939863206	15.102520357
58.9	1040.78744846	-304.21600447	14.3949584861
58.95	1112.35836946	-305.227324235	15.3848440176
59.0	1045.58001754	-304.302177007	14.4612437137
59.05	1156.65655687	-305.842376067	15.9975248966
59.1	1134.81849961	-305.507839017	15.6954863506
59.15	1117.66620035	-305.31689276	15.4582557459
59.2	1086.32512753	-304.87190995	15.0247825686
59.25	1012.90442782	-303.824096666	14.0093130547
59.3	1100.79683541	-305.070215175	15.2249383587
59.35	1126.7105511	-305.437145605	15.5833466602
59.4	1136.20471058	-305.570344981	15.7146588045
59.45	1159.75373232	-305.888036988	16.0403614163
59.5	1135.06132256	-305.553909337	15.6988447945
59.55	1024.57934262	-304.013328563	14.1707868638
59.6	1041.63644308	-304.255928184	14.4067007898
59.65	1037.77803837	-304.176518873	14.3533358346
59.7	1165.13525653	-305.948020278	16.1147923846
59.75	1081.94135293	-304.804893946	14.9641513096
59.8	1139.89752514	-305.624616538	15.7657335099
59.85	1116.82965078	-305.28514061	15.4466855675
59.9	1102.55804362	-305.097545943	15.2492973372
59.95	1097.13857337	-305.026729087	15.1743415436
60.0	1025.02149461	-304.012975584	14.1769021946
60.05	1119.86750106	-305.324997364	15.4887015707
60.1	1129.06203934	-305.452385089	15.6158697038
60.15	1135.25734491	-305.566107634	15.7015559471
60.2	1037.85049993	-304.189299122	14.3543380384
60.25	1135.74029053	-305.568997633	15.7082354878
60.3	1038.66650621	-304.195709186	14.3656240857
60.35	1187.53531371	-306.299490656	16.4246038583
60.4	1033.37116942	-304.139837902	14.2923851613
60.45	1176.48373166	-306.136502298	16.2717512609
60.5	1010.82765499	-303.793713115	13.9805895543
60.55	1182.31584768	-306.238098053	16.3524142898
60.6	1110.74319335	-305.206747488	15.3625047848
60.65	1075.86089164	-304.715610024	14.8800534584
60.7	1071.8975297	-304.668876424	14.8252368572
60.75	1122.00271118	-305.368930801	15.5182333076
60.8	1042.61815135	-304.243591903	14.420278634
60.85	1083.34550632	-304.821192979	14.983571922
60.9	1162.34871343	-305.926253787	16.0762521695
60.95	1082.32090588	-304.79523611	14.9694008434
61.0	1051.51821527	-304.372499851	14.5433739411
61.05	1048.02680223	-304.31233472	14.4950847867
61.1	1133.02133832	-305.516383316	15.6706301109
61.15	1109.04806086	-305.205388445	15.3390596887
61.2	981.305524363	-303.37815549	13.5722738646
61.25	1173.64635561	-306.08494747	16.2325079836
61.3	1036.8379318	-304.160535042	14.3403333765
61.35	1197.70234276	-306.436996294	16.5652223499
61.4	962.704399862	-303.129302037	13.3150047984
61.45	1206.55393168	-306.570762034	16.6876472074
61.5	1104.97184846	-305.10626609	15.2826822714
61.55	1075.3509405	-304.695326839	14.8730004089
61.6	1034.06737416	-304.139920235	14.3020142536
61.65	984.867637338	-303.440265917	13.6215408581
61.7	1162.35260339	-305.942000094	16.0763059708
61.75	1071.88934594	-304.649752349	14.8251236689
61.8	1138.94199042	-305.585978383	15.7525176677
61.85	1127.5174843	-305.436515729	15.5945072193
61.9	1124.3141802	-305.41136411	15.5502028519
61.95	1069.49259831	-304.63365835	14.7919746502
62.0	1060.09273152	-304.498188127	14.6619666525
