# 	 t 	 T	E	K
2.05	2237.08062546	-275.384125246	30.9406908982
2.1	2184.02263485	-274.671378983	30.2068546348
2.15	2274.77535477	-275.915461748	31.462040444
2.2	2115.15692437	-273.742935267	29.2543844211
2.25	2226.64762242	-275.259724726	30.7963937644
2.3	2117.35803224	-273.757374226	29.2848275788
2.35	2396.28651622	-277.704088838	33.1426411539
2.4	2068.96136276	-273.112383927	28.6154612743
2.45	2235.78754047	-275.396841569	30.9228064543
2.5	2209.56343587	-275.034508491	30.5601052153
2.55	2319.07890115	-276.417861639	32.0747954421
2.6	2015.65171781	-272.087571214	27.8781444215
2.65	2299.5796499	-276.278508564	31.8051045339
2.7	2276.96767832	-275.895874928	31.4923621072
2.75	2240.14578166	-275.362362501	30.9830845649
2.8	2352.11219699	-277.053065528	32.5316734751
2.85	2518.4628482	-279.374643113	34.8324417269
2.9	2154.86387677	-274.199997509	29.8035646905
2.95	2269.51920714	-275.807735994	31.3893435383
3.0	2231.71326543	-275.245775962	30.8664558323
3.05	2384.62914969	-277.470778929	32.9814100519
3.1	2047.98528747	-272.700906737	28.3253446579
3.15	2356.58961412	-277.132060018	32.5935998884
3.2	2326.36097298	-276.669672299	32.1755125691
3.25	1996.49966996	-271.956651219	27.6132556259
3.3	2159.44626692	-274.213077858	29.8669429682
3.35	2040.79994533	-272.617049971	28.2259653832
3.4	2263.95670847	-275.853252581	31.3124095423
3.45	2199.1079769	-274.874496919	30.4154974974
3.5	2424.88929894	-278.021268869	33.5382414951
3.55	2243.32932441	-275.410707925	31.0271156164
3.6	2348.23155549	-277.026497518	32.4780009665
3.65	2089.86708025	-273.302783426	28.9046047838
3.7	2210.26545599	-274.87320126	30.5698147391
3.75	1999.05038835	-271.903932106	27.6485341887
3.8	2092.75169897	-273.308198288	28.9445014666
3.85	2354.8494441	-277.057411514	32.5695318856
3.9	2348.44606063	-276.959389816	32.4809677515
3.95	2365.03353397	-277.104043618	32.7103863426
4.0	2254.79659388	-275.588246778	31.1857175175
4.05	2355.06528332	-277.072556046	32.5725171222
4.1	2296.13168045	-276.188573188	31.7574162406
4.15	2222.61236486	-275.178595355	30.7405827868
4.2	2377.57917951	-277.343180267	32.8839030843
4.25	2277.69686451	-275.983810323	31.5024473604
4.3	2433.87989311	-278.048436808	33.6625889112
4.35	2512.85689581	-279.191075175	34.7549067298
4.4	2252.10634652	-275.545870161	31.1485091528
4.45	2202.77370295	-274.883633283	30.466197546
4.5	2348.27852618	-276.934607308	32.4786506103
4.55	2500.70643508	-278.968681817	34.5868557236
4.6	2083.73681164	-273.137021961	28.819818056
4.65	2213.68190068	-275.015385186	30.6170670187
4.7	2648.52425442	-281.261332856	36.6312994533
4.75	2463.36744344	-278.649178244	34.0704263266
4.8	2410.34638037	-277.824861009	33.3371008017
4.85	2289.75404273	-276.084802539	31.6692081916
4.9	2378.48113794	-277.469410864	32.8963779217
4.95	2356.68839294	-277.144879372	32.5949660818
5.0	2213.11837905	-275.020847898	30.6092730445
5.05	2350.2553173	-276.911016373	32.5059912803
5.1	2252.77477866	-275.540939302	31.1577541267
5.15	2195.09153461	-274.740529973	30.3599467505
5.2	2471.62904143	-278.658660625	34.1846911173
5.25	2363.23683953	-277.156361417	32.6855365601
5.3	2229.78137179	-275.284924217	30.839736132
5.35	2237.02701721	-275.371109533	30.9399494514
5.4	2295.5630063	-276.312235245	31.7495510028
5.45	2370.81544016	-277.341147283	32.7903549277
5.5	2280.00729998	-276.024083586	31.53440261
5.55	2372.42108891	-277.224895738	32.812562389
5.6	2546.79432334	-279.71518703	35.2242896582
5.65	2297.87244418	-276.371004455	31.7814924548
5.7	2327.76552054	-276.709688767	32.1949386334
5.75	2450.54005623	-278.492430197	33.8930128626
5.8	2305.10801199	-276.380814647	31.8815663925
5.85	2427.12581671	-277.975339159	33.5691744013
5.9	2301.61164498	-276.273933877	31.8332087206
5.95	2459.13681445	-278.58295036	34.011913199
6.0	2253.23463931	-275.620109959	31.1641143831
6.05	2136.29667318	-273.931918202	29.5467647788
6.1	2600.29834281	-280.57573805	35.9642948727
6.15	2424.47806642	-277.983181779	33.5325538064
6.2	2363.07437199	-277.1752951	32.6832894984
6.25	2337.57158572	-276.782743655	32.3305646936
6.3	2433.14624179	-278.115963676	33.6524419015
6.35	2668.94399211	-281.528519926	36.9137214568
6.4	2349.34609331	-277.007927852	32.4934159542
6.45	2513.99001469	-279.270595221	34.7705787088
6.5	2378.46298865	-277.365172687	32.8961269018
6.55	2369.93859575	-277.109644957	32.7782274382
6.6	2657.71800421	-281.197632417	36.758456681
6.65	2455.41586584	-278.403864897	33.9604493762
6.7	2360.03952991	-277.097544755	32.6413151012
6.75	2430.68566078	-278.155768192	33.6184100139
6.8	2583.70168746	-280.223972612	35.7347492866
6.85	2610.29604067	-280.548363705	36.1025713728
6.9	2437.59702588	-278.110745022	33.7139999576
6.95	2206.13263939	-274.942607516	30.5126544385
7.0	2346.01572175	-276.933250907	32.4473541377
7.05	2369.08828337	-277.25692846	32.7664669088
7.1	2194.31733481	-274.711150552	30.3492389216
7.15	2492.83350406	-278.940399411	34.4779665212
7.2	2440.05667292	-278.215700742	33.7480189277
7.25	2358.60723354	-277.078911657	32.6215052478
7.3	2275.10548389	-275.918110528	31.4666064051
7.35	2351.39542429	-276.890572018	32.5217599108
7.4	2472.84150904	-278.717107862	34.2014605556
7.45	2303.31065061	-276.29802146	31.8567073855
7.5	2377.00769362	-277.310529372	32.8759989577
7.55	2339.76360934	-276.803188071	32.3608822085
7.6	2189.52715301	-274.665046528	30.282986712
7.65	2293.61819504	-276.188801441	31.7226526409
7.7	2238.20872504	-275.465291304	30.9562934563
7.75	2151.09783341	-274.212821342	29.7514771697
7.8	2306.68624889	-276.416542038	31.9033947252
7.85	2152.60923643	-274.170814313	29.7723811341
7.9	2511.20360902	-279.244872632	34.7320403944
7.95	2418.97024308	-278.017353726	33.4563760158
8.0	2286.43356301	-276.045427465	31.6232831876
8.05	2557.87296868	-279.823337444	35.3775165634
8.1	2550.3960015	-279.777439037	35.274103871
8.15	2614.22692918	-280.77049961	36.1569388394
8.2	2184.52859614	-274.612923481	30.2138525014
8.25	2064.6942372	-272.886001059	28.5564433689
8.3	2572.08568154	-280.056279982	35.5740902364
8.35	2335.33277089	-276.737856124	32.2996000171
8.4	2384.84791514	-277.462650307	32.9844357605
8.45	2360.5937775	-277.102202126	32.6489808077
8.5	2299.19854117	-276.226708642	31.7998334822
8.55	2356.32084019	-276.982514496	32.5898825208
8.6	2273.09194852	-275.891121658	31.4387575316
8.65	2597.47752644	-280.387476531	35.9252806295
8.7	2375.2713659	-277.224841893	32.8519840972
8.75	2515.23743206	-279.255386899	34.7878315315
8.8	2512.591009	-279.169297862	34.7512292933
8.85	2478.41156398	-278.663163094	34.2784990611
8.9	2215.02393855	-275.064756093	30.6356285217
8.95	2338.19036415	-276.886926572	32.3391229154
9.0	1992.0192669	-271.914880544	27.5512879148
9.05	2392.45502795	-277.444298322	33.0896484754
9.1	2121.44560101	-273.694155021	29.3413620641
9.15	2171.68899511	-274.468489487	30.0362701103
9.2	2464.92792556	-278.623769981	34.0920090958
9.25	2766.74478982	-282.772106033	38.2663880603
9.3	2162.74213832	-274.29293561	29.9125276187
9.35	2224.51229722	-275.230263078	30.7668604359
9.4	2431.51623814	-278.080648535	33.6298975916
9.45	2384.91640561	-277.539060053	32.9853830409
9.5	2490.64662023	-278.985201868	34.4477200938
9.55	2261.1005691	-275.745753604	31.2729067527
9.6	2509.20509513	-279.190970877	34.7043992805
9.65	2286.62318393	-275.989457277	31.625905803
9.7	2288.08854598	-276.117840564	31.6461729824
9.75	2345.04449154	-276.905380685	32.4339212139
9.8	2275.58805587	-275.889602021	31.4732807782
9.85	2162.04905676	-274.344766132	29.9029417226
9.9	2283.36126884	-275.995023626	31.5807907968
9.95	2127.47011577	-273.820907443	29.424686128
10.0	2258.64064255	-275.644367967	31.2388839168
10.05	2373.4334309	-277.277157086	32.8265639232
10.1	2483.39566347	-278.825193784	34.3474333142
10.15	2114.69006515	-273.60370217	29.2479273686
10.2	2227.47659455	-275.201118232	30.8078591404
10.25	2370.16361567	-277.280010091	32.7813396513
10.3	2221.71598528	-275.198723912	30.7281851096
10.35	2258.26343377	-275.713545669	31.2336668048
10.4	2117.29147504	-273.733847346	29.2839070371
10.45	2250.01358985	-275.649313448	31.1195645825
10.5	2450.65440318	-278.397262227	33.8945943763
10.55	2129.4035535	-273.91014786	29.4514271845
10.6	2371.97175027	-277.284599025	32.806347661
10.65	2253.11927143	-275.656126723	31.1625187491
10.7	2458.33604501	-278.507718027	34.0008378898
10.75	2363.02121489	-277.056809738	32.6825542915
10.8	2236.19474696	-275.320596579	30.9284384597
10.85	2275.3450893	-275.875061975	31.4699203478
10.9	2236.40401816	-275.334850522	30.931332855
10.95	2184.20000332	-274.660896431	30.2093077887
11.0	2211.89127217	-274.998607738	30.5923011329
11.05	2231.54640727	-275.32165938	30.8641480448
11.1	2500.04158538	-279.078023848	34.5776602978
11.15	2323.26176944	-276.644390044	32.1326479993
11.2	2530.8484496	-279.567673942	35.0037449246
11.25	2321.51611082	-276.632886923	32.1085040845
11.3	2287.75234083	-276.070571062	31.6415229847
11.35	2345.04691365	-276.89188089	32.4339547137
11.4	2401.8758044	-277.698612932	33.2199456711
11.45	2054.56167288	-272.80044788	28.4163015533
11.5	2179.66800985	-274.514357786	30.146626539
11.55	2436.29222029	-278.141780989	33.6959534082
11.6	2281.95962879	-275.967699947	31.5614049458
11.65	2421.81240615	-277.9355983	33.4956855016
11.7	2307.58392535	-276.376112287	31.9158103393
11.75	2447.21087764	-278.369254481	33.846967546
11.8	2307.13997723	-276.320168134	31.9096701666
11.85	2418.62229251	-278.030283759	33.4515635692
11.9	2258.88565221	-275.646823601	31.2422726048
11.95	2467.58023473	-278.637942912	34.1286927438
12.0	2485.59720618	-278.895037662	34.3778824861
12.05	2153.88050427	-274.224386186	29.7899638287
12.1	2417.91420557	-277.947837327	33.4417701363
12.15	2382.43747381	-277.383532147	32.9510973465
12.2	2436.76179302	-278.174839131	33.7024479906
12.25	2157.98470371	-274.222252289	29.84672833
12.3	2339.59332797	-276.751090094	32.3585270752
12.35	2164.8693716	-274.34360812	29.9419490292
12.4	2140.39086007	-273.992313372	29.6033907984
12.45	2290.49521357	-276.160597871	31.6794592025
12.5	2347.06299351	-276.867746074	32.4618387797
12.55	2266.9715924	-275.720654521	31.3541079016
12.6	2440.60204065	-278.243675827	33.7555618183
12.65	2315.64711616	-276.479293013	32.0273309933
12.7	2288.24899109	-276.056454512	31.6483920721
12.75	2163.61988118	-274.270684494	29.9246675345
12.8	2440.34180329	-278.328916732	33.7519625186
12.85	2473.12065463	-278.710586119	34.2053213719
12.9	2295.33830355	-276.199783628	31.7464431763
12.95	2321.26499694	-276.584328126	32.1050309701
13.0	2252.23845248	-275.510971051	31.1503362884
13.05	2046.57975641	-272.710106977	28.305904991
13.1	2435.85052829	-278.240948218	33.6898444393
13.15	2055.93110347	-272.935355755	28.4352419205
13.2	2536.25870974	-279.711318588	35.0785733348
13.25	2221.25574383	-275.148945821	30.7218195865
13.3	2418.16840587	-277.882125491	33.4452859384
13.35	2137.34010057	-273.981819818	29.5611962499
13.4	2303.0467512	-276.325081962	31.8530574366
13.45	2133.70222272	-273.918092403	29.5108813651
13.5	2439.57823268	-278.245150983	33.7414017002
13.55	2333.98022397	-276.736492664	32.2808931652
13.6	2542.0063807	-279.647081725	35.158068418
13.65	2089.57022873	-273.297296563	28.9004990797
13.7	2401.79507233	-277.618913209	33.2188290793
13.75	2391.14392589	-277.456543653	33.0715148404
13.8	2014.2434825	-272.237075029	27.8586673526
13.85	2554.43207248	-279.823774938	35.3299260991
13.9	2332.75051865	-276.682595576	32.2638853149
13.95	2123.00311109	-273.652467478	29.3629037275
14.0	2408.51806427	-277.716291718	33.3118136652
14.05	2284.30866451	-275.973845962	31.593894069
14.1	2318.56544354	-276.484076358	32.0676938951
14.15	2333.93573196	-276.697584931	32.2802778036
14.2	2286.46396034	-276.057677743	31.6237036081
14.25	2227.07889067	-275.259301196	30.8023585641
14.3	2353.73953006	-277.109459457	32.5541808487
14.35	2184.61300591	-274.647016302	30.2150199589
14.4	2205.40644424	-274.962926305	30.502610554
14.45	2353.9265853	-277.044231899	32.5567679787
14.5	2314.26103369	-276.52398621	32.0081603167
14.55	2290.7419644	-276.038422828	31.6828719722
14.6	2486.72308124	-278.806981847	34.3934542772
14.65	2158.35028304	-274.286272231	29.8517845971
14.7	2268.70592838	-275.813707465	31.3780952149
14.75	2294.26839162	-276.169098511	31.731645402
14.8	2198.79453909	-274.802683454	30.4111623909
14.85	2460.41302656	-278.465912508	34.0295642769
14.9	2530.70933834	-279.541978671	35.0018208998
14.95	2272.34512799	-275.908117463	31.4284283808
15.0	2376.82832829	-277.282144194	32.8735181857
15.05	2434.11881598	-278.094329032	33.6658934138
15.1	2403.18532346	-277.643950344	33.238057412
15.15	2380.20145619	-277.423342011	32.9201713578
15.2	2388.67618849	-277.540907324	33.0373839739
15.25	2330.62619833	-276.588087544	32.2345041931
15.3	2181.96008177	-274.472529429	30.1783278054
15.35	2249.98238775	-275.479082574	31.1191330314
15.4	2364.1628031	-277.173480434	32.6983434084
15.45	2305.90942623	-276.29472113	31.8926506199
15.5	2605.35635177	-280.524383092	36.0342513552
15.55	2304.82757684	-276.328088756	31.8776877405
15.6	2339.45877477	-276.828648979	32.3566660922
15.65	2128.74426482	-273.872696256	29.4423086721
15.7	2428.56844882	-278.139979264	33.5891272067
15.75	2401.42840718	-277.699574354	33.2137577945
15.8	2315.26690791	-276.452941099	32.0220723962
15.85	2403.09649285	-277.676767038	33.2368288105
15.9	2148.12493816	-274.184354345	29.7103595489
15.95	2475.58427155	-278.789740247	34.2393952487
16.0	2288.50899037	-276.138090895	31.651988079
16.05	2321.68966308	-276.530199778	32.1109044571
16.1	2130.01012974	-273.851461344	29.4598166397
16.15	2413.52871252	-277.933249038	33.3811151096
16.2	2376.54308103	-277.342531086	32.8695729781
16.25	2034.4999366	-272.452207547	28.1388310079
16.3	2329.58855206	-276.639400068	32.2201526798
16.35	2195.43722741	-274.640600349	30.3647279703
16.4	2094.67440412	-273.401197437	28.9710940824
16.45	2327.78331846	-276.621798607	32.1951847934
16.5	2319.75643009	-276.49618286	32.0841662323
16.55	2307.40530984	-276.322085712	31.9133399378
16.6	2280.98073772	-275.966761556	31.5478660658
16.65	2135.51527596	-273.967002839	29.5359574036
16.7	2497.5542281	-279.047343267	34.5432580719
16.75	2431.81731572	-278.181281011	33.6340617457
16.8	2436.36959701	-278.231638583	33.6970235927
16.85	2319.7291739	-276.561397887	32.0837892565
16.9	2403.7167714	-277.734697269	33.2454077802
16.95	2315.53169136	-276.47514139	32.0257345721
17.0	2318.27909349	-276.502342899	32.063733435
17.05	2237.85294583	-275.393224556	30.951372733
17.1	2455.35866479	-278.476229667	33.959658238
17.15	1990.67889171	-271.920930747	27.5327494078
17.2	2196.84147915	-274.838759877	30.384149943
17.25	2198.31801182	-274.826605457	30.4045716214
17.3	2223.34650974	-275.222603423	30.7507366227
17.35	2238.63175139	-275.418518263	30.9621442636
17.4	2363.13911933	-277.140748273	32.6841850081
17.45	2217.86972884	-275.091402064	30.6749881749
17.5	2485.32666125	-278.901400217	34.374140624
17.55	2171.91262274	-274.428904087	30.0393630669
17.6	2178.49813214	-274.577919191	30.1304461546
17.65	2042.04714446	-272.676113608	28.2432151874
17.7	2135.17145378	-273.920293976	29.531202056
17.75	2047.81675541	-272.694619279	28.323013719
17.8	2253.30342895	-275.662128437	31.1650658012
17.85	2152.18860995	-274.239532969	29.7665635191
17.9	2488.1673175	-278.965906495	34.4134292692
17.95	2269.8332849	-275.882525872	31.3936874957
18.0	2200.48626991	-274.769875115	30.4345604393
18.05	2270.67378258	-275.79450667	31.4053122797
18.1	2399.12226528	-277.634915992	33.1818619286
18.15	2073.80874467	-273.031224054	28.6825046092
18.2	2327.40963262	-276.617902245	32.1900164065
18.25	2472.50099829	-278.667863549	34.1967510079
18.3	2425.24071722	-277.894020175	33.5431019031
18.35	2337.93831105	-276.801882378	32.3356368107
18.4	2444.48906434	-278.296325569	33.8093225979
18.45	2410.99064152	-277.739177269	33.3460114708
18.5	2235.45943885	-275.295937795	30.9182685352
18.55	2376.26847276	-277.308705793	32.8657749166
18.6	2187.86713238	-274.710218339	30.2600272422
18.65	2322.79157015	-276.686483642	32.1261447509
18.7	2337.86262789	-276.790892346	32.3345900495
18.75	2223.62727309	-275.109632571	30.7546198141
18.8	2344.88124236	-276.873570007	32.4316633415
18.85	2040.48055765	-272.634602955	28.2215479852
18.9	2014.05407321	-272.3130267	27.8560476642
18.95	2176.59406785	-274.556172394	30.1041113574
19.0	2422.68800912	-277.948161909	33.507795821
19.05	2493.51784431	-279.01669656	34.4874315177
19.1	2484.68698443	-278.869109196	34.36529336
19.15	2269.31787911	-275.792276195	31.3865590039
19.2	2135.87938719	-274.023619362	29.5409933655
19.25	2319.80576263	-276.576401439	32.0848485425
19.3	2208.30773422	-274.825313024	30.5427378142
19.35	2382.89440901	-277.358622306	32.9574171414
19.4	2557.04998233	-279.852094576	35.3661339757
19.45	2308.6054367	-276.403233589	31.9299386933
19.5	2270.24613065	-275.874887447	31.3993974968
19.55	2157.64982505	-274.162157049	29.8420966789
19.6	2319.3616901	-276.43339295	32.0787066491
19.65	2260.91628603	-275.670056816	31.2703579642
19.7	2486.57712442	-278.915356014	34.3914355727
19.75	2268.06192669	-275.841296997	31.3691881343
19.8	2011.5014211	-272.190443085	27.8207423564
19.85	2267.80426638	-275.745746428	31.3656244774
19.9	2295.79615111	-276.187196942	31.7527755899
19.95	2101.08733972	-273.431116039	29.0597903306
20.0	2225.61786967	-275.178759036	30.782151425
20.05	2279.30334104	-275.959890775	31.5246662708
20.1	2422.45813987	-277.979548614	33.5046165375
20.15	2551.86887551	-279.822112162	35.294474947
20.2	2327.06055575	-276.589259627	32.1851883823
20.25	2251.0489286	-275.48217871	31.133884181
20.3	2053.52315442	-272.833831847	28.4019379767
20.35	2363.77755803	-277.157209114	32.6930151479
20.4	2163.70186723	-274.228034693	29.92580147
20.45	2355.9771121	-276.98541314	32.5851284747
20.5	2080.31973896	-273.218420167	28.7725570908
20.55	2193.50535356	-274.80969613	30.3380085437
20.6	2303.50823167	-276.37608687	31.8594400964
20.65	2290.02881878	-276.13204886	31.6730085736
20.7	2296.84786623	-276.164791108	31.7673216872
20.75	2311.12493289	-276.417193956	31.964785427
20.8	2136.56366921	-273.984421913	29.5504575567
20.85	2144.42436714	-274.074265939	29.6591775652
20.9	2225.01920531	-275.267211617	30.7738713976
20.95	2205.69708808	-274.983993661	30.5066304007
21.0	2434.41367539	-278.122680414	33.6699715653
21.05	2069.82165265	-272.990458484	28.627359801
21.1	2306.5741357	-276.383549417	31.9018441062
21.15	2059.27367345	-272.851328583	28.4814724511
21.2	2206.33437086	-274.951575962	30.515444553
21.25	2289.61136304	-276.181295733	31.6672348125
21.3	2413.99332764	-277.919695096	33.3875411242
21.35	2462.21813353	-278.521471664	34.0545304119
21.4	2318.69654046	-276.449102388	32.0695070748
21.45	2134.21332483	-273.893170384	29.5179503336
21.5	2211.69519418	-275.073352787	30.5895892107
21.55	2305.80770982	-276.383811813	31.8912437971
21.6	2316.48349159	-276.493998943	32.0388987632
21.65	2301.23510986	-276.247697456	31.8280009259
21.7	2557.54166863	-279.856789165	35.3729344073
21.75	2236.3778591	-275.333785576	30.9309710533
21.8	2152.86070836	-274.186864189	29.7758592007
21.85	2405.15471496	-277.868446208	33.2652957391
21.9	2497.54773046	-279.037092842	34.5431682043
21.95	2330.94248185	-276.682853797	32.238878658
22.0	2316.90464407	-276.521710941	32.0447236533
22.05	2517.56125282	-279.337950379	34.8199719109
22.1	2431.19261007	-278.038718806	33.6254215454
22.15	2350.15344031	-276.938782703	32.5045822366
22.2	2257.64141226	-275.642736505	31.2250637285
22.25	2173.89675715	-274.521918999	30.0668053007
22.3	2513.03863329	-279.318618455	34.7574203106
22.35	2502.27002631	-279.130983631	34.6084814945
22.4	2389.332153	-277.45461369	33.0464565102
22.45	2281.0807869	-275.895284744	31.5492498294
22.5	2169.94227589	-274.495680584	30.0121115266
22.55	2307.63731462	-276.487666879	31.9165487574
22.6	2334.61335098	-276.838273773	32.2896498398
22.65	2306.89640594	-276.465345025	31.9063013725
22.7	2012.26199918	-272.198199594	27.8312617857
22.75	2350.97520899	-277.028293822	32.5159479828
22.8	2181.19454533	-274.586506019	30.167739798
22.85	2283.58906126	-276.099907483	31.5839413559
22.9	2372.03475617	-277.303680693	32.807219085
22.95	2311.75094579	-276.462704731	31.9734437075
23.0	2181.63808044	-274.57409972	30.1738742585
23.05	2215.64767663	-275.03904869	30.6442553397
23.1	2445.32375049	-278.307828708	33.8208670035
23.15	2061.87559043	-272.893583341	28.5174591332
23.2	2104.60844098	-273.530735551	29.1084900977
23.25	2206.56421213	-274.928893236	30.5186234495
23.3	2434.51178309	-278.067365584	33.6713284766
23.35	2541.93750351	-279.578583497	35.157115789
23.4	2159.95673925	-274.285609866	29.8740032264
23.45	2377.69156658	-277.388299258	32.8854574911
23.5	2388.94067424	-277.461619428	33.0410420324
23.55	2300.73136889	-276.228437999	31.8210337681
23.6	2399.6413633	-277.644736163	33.1890414871
23.65	2555.25901142	-279.909208194	35.3413633543
23.7	2433.54683081	-278.255030695	33.6579823818
23.75	2189.86282957	-274.76299889	30.2876293988
23.8	2337.44280799	-276.825489808	32.3287835902
23.85	2206.43665378	-274.861951602	30.5168592111
23.9	2180.72043868	-274.558456749	30.1611825075
23.95	2440.27853422	-278.190662251	33.7510874545
24.0	2251.28332245	-275.680539754	31.1371260434
24.05	2600.55049686	-280.536416514	35.9677823734
24.1	2236.92542609	-275.386569778	30.9385443615
24.15	2142.88101916	-274.068895828	29.6378317754
24.2	2185.71509282	-274.673493271	30.2302627401
24.25	2412.01484608	-277.876467854	33.3601770741
24.3	2291.70660549	-276.243248022	31.6962137631
24.35	2189.72259006	-274.772001913	30.2856897695
24.4	2171.69943306	-274.470768995	30.0364144758
24.45	2374.33522263	-277.358988125	32.839036455
24.5	2151.18837326	-274.153320647	29.7527294114
24.55	2091.12993332	-273.332596879	28.922071095
24.6	2125.67687702	-273.769531033	29.3998841405
24.65	2285.16802057	-276.011122883	31.6057796802
24.7	2206.40549779	-274.765395483	30.5164282977
24.75	2303.40535553	-276.227012232	31.8580172335
24.8	2092.88148395	-273.332387099	28.9462965012
24.85	2430.62896134	-278.160248891	33.6176258134
24.9	2482.62705271	-278.870304426	34.3368027863
24.95	2341.42736029	-276.940736405	32.3838932718
25.0	2288.91234028	-276.197282455	31.6575667447
25.05	2056.66324685	-272.83024198	28.4453680741
25.1	2517.63108477	-279.268068393	34.820937745
25.15	2317.18546673	-276.567168138	32.0486076648
25.2	2479.00392133	-278.836553765	34.2866918573
25.25	2561.33983671	-279.907965727	35.4254662398
25.3	2302.72686057	-276.286329359	31.8486330824
25.35	2379.23803125	-277.42657776	32.9068463874
25.4	2261.40247631	-275.707798362	31.2770823812
25.45	1940.72381458	-271.10471578	26.8418290258
25.5	2124.41234617	-273.70127767	29.3823946241
25.55	2520.40815812	-279.392209419	34.8593469856
25.6	2198.92697042	-274.718130237	30.4129940267
25.65	2411.13012678	-277.76267974	33.3479406683
25.7	2472.13019094	-278.618346882	34.1916224331
25.75	2170.52640069	-274.481826883	30.0201904598
25.8	2531.84277028	-279.644000895	35.0174972088
25.85	2348.28824448	-276.957427615	32.4787850225
25.9	2113.61212354	-273.56191992	29.2330185371
25.95	2373.3057609	-277.280917502	32.8247981406
26.0	2331.63765215	-276.701772676	32.2484934431
26.05	2327.17832833	-276.620896223	32.1868172753
26.1	2416.40915658	-277.900100908	33.4209540535
26.15	2126.71352574	-273.860146561	29.4142218568
26.2	2296.13912298	-276.258159287	31.757519177
26.25	2427.01233768	-278.133115026	33.5676048917
26.3	2369.3899906	-277.29333351	32.7706397713
26.35	2147.06058555	-274.118896217	29.6956386646
26.4	2319.12259332	-276.531611639	32.0753997412
26.45	2240.53010346	-275.355532232	30.988400056
26.5	2546.26474016	-279.703809634	35.2169650811
26.55	2469.50170102	-278.697667718	34.1552682252
26.6	2339.13930834	-276.835081459	32.352247605
26.65	2415.61903082	-277.84729961	33.4100259551
26.7	2202.43797279	-274.891816653	30.4615541179
26.75	2463.02591177	-278.569467137	34.0657026586
26.8	2258.11186212	-275.618915949	31.2315704424
26.85	2544.13014425	-279.667757664	35.1874418392
26.9	2374.80669549	-277.301136261	32.8455573179
26.95	2164.33444084	-274.333027072	29.9345504906
27.0	2474.60828898	-278.645534362	34.2258965959
27.05	2022.39823618	-272.206305287	27.9714543975
27.1	2340.08540639	-276.780694586	32.3653329301
27.15	2585.5555309	-280.336354968	35.7603894877
27.2	2274.98758431	-275.904215455	31.4649757556
27.25	2276.65387696	-275.960199354	31.4880219728
27.3	2144.00946395	-274.064781668	29.653439108
27.35	2192.31075731	-274.750881178	30.3214862811
27.4	2394.28282917	-277.63140966	33.1149284908
27.45	2161.33068969	-274.333342571	29.8930061069
27.5	2068.77415258	-272.971704845	28.6128720014
27.55	2492.1297939	-278.947558225	34.4682336227
27.6	2133.16693796	-273.868502555	29.5034779303
27.65	2460.21116537	-278.589396331	34.0267723683
27.7	2426.65148603	-277.989055989	33.5626140124
27.75	2336.31162543	-276.779321472	32.3131383919
27.8	1977.75984531	-271.80776964	27.3540682209
27.85	2340.47290474	-276.954018265	32.3706923555
27.9	2054.3928543	-272.812178778	28.4139666515
27.95	2216.20533356	-274.987931554	30.6519682
28.0	2354.59193647	-277.005420817	32.5659703403
28.05	2096.38950858	-273.312341436	28.9948154076
28.1	2544.67880874	-279.672129207	35.1950303267
28.15	2319.37892214	-276.388737205	32.0789449826
28.2	2264.83516774	-275.708758877	31.3245593668
28.25	2356.8449724	-277.027422793	32.5971317064
28.3	2213.36748961	-275.1431562	30.6127184513
28.35	2544.94958658	-279.696770439	35.1987754101
28.4	2461.3521699	-278.554563327	34.0425534127
28.45	2406.73813255	-277.809004669	33.2871957249
28.5	2298.60060565	-276.22485634	31.7915635352
28.55	2146.24636891	-274.021156405	29.6843773694
28.6	2085.0490544	-273.252898676	28.8379674678
28.65	2433.28952922	-278.035762318	33.6544236862
28.7	2362.28461747	-277.203376198	32.6723665347
28.75	2461.54893633	-278.596555398	34.0452748565
28.8	2166.65566168	-274.272238312	29.9666549108
28.85	2182.20918646	-274.462608036	30.181773131
28.9	2318.19134487	-276.534350612	32.0625197984
28.95	2349.29362361	-276.898525401	32.4926902544
29.0	2202.57016061	-274.772989794	30.4633823857
29.05	2357.29694896	-276.992826387	32.6033829193
29.1	2052.43191787	-272.693570054	28.386845265
29.15	2355.46814854	-276.998593783	32.578089084
29.2	2421.40467704	-277.969527615	33.4900462679
29.25	2360.51886553	-277.140878431	32.6479447126
29.3	2258.41463106	-275.683781101	31.2357579894
29.35	2169.2165439	-274.431774741	30.0020740479
29.4	2069.15084402	-273.02618182	28.6180819583
29.45	2430.80504809	-278.138679647	33.6200612399
29.5	2273.96321977	-275.889702371	31.4508079396
29.55	2297.33795061	-276.23451104	31.774099963
29.6	2234.25311842	-275.345162716	30.9015841176
29.65	2133.50431077	-273.995030231	29.5081440777
29.7	2247.76751773	-275.546741395	31.0884995317
29.75	2365.72822097	-277.207767173	32.7199944433
29.8	2445.40941729	-278.294239733	33.8220518468
29.85	2069.51596186	-273.04724464	28.6231318425
29.9	2185.4122607	-274.678623062	30.2260743194
29.95	2393.60632706	-277.577514291	33.1055719024
30.0	2213.23057479	-274.981992059	30.6108248052
30.05	2243.66850035	-275.421528875	31.0318067025
30.1	2150.28453703	-274.201273933	29.7402286026
30.15	2539.662853	-279.610528727	35.1256554753
30.2	2208.4506621	-274.892001005	30.5447146259
30.25	2233.14106008	-275.318126066	30.8862034231
30.3	2368.38541751	-277.14981045	32.7567456877
30.35	2431.50108584	-278.011110019	33.6296880226
30.4	2581.02051191	-280.237488669	35.6976663925
30.45	2220.80735612	-275.203403683	30.7156180104
30.5	2112.28633135	-273.562624684	29.2146817254
30.55	2434.16884627	-278.076894034	33.6665853744
30.6	2382.7289333	-277.467099977	32.9551284744
30.65	2372.95041456	-277.304402201	32.8198834044
30.7	2313.05128495	-276.430552303	31.9914284827
30.75	2410.32036558	-277.788352769	33.3367409955
30.8	2362.15597115	-277.136623471	32.6705872488
30.85	2304.70725152	-276.354976362	31.8760235409
30.9	2483.23664162	-278.850400533	34.3452339093
30.95	2125.57057619	-273.745753391	29.3984139113
31.0	2270.76909293	-275.841014606	31.4066305013
31.05	2341.04976016	-276.90078501	32.378670747
31.1	2335.81537312	-276.723302834	32.3062748086
31.15	2281.29370114	-275.979470947	31.5521946109
31.2	2347.26367123	-276.873080885	32.4646143199
31.25	2211.21054343	-275.014225811	30.5828860866
31.3	2289.35886101	-276.068435526	31.6637424987
31.35	2199.41205505	-274.839332322	30.4197031517
31.4	2662.27107642	-281.394820506	36.8214294672
31.45	2505.57281768	-279.128161973	34.6541618538
31.5	2322.83610771	-276.498395681	32.1267607425
31.55	2519.67881276	-279.371342546	34.849259531
31.6	2125.16912546	-273.833190934	29.3928615128
31.65	2287.95178577	-276.082407254	31.6442814747
31.7	2256.40733112	-275.641912289	31.2079953571
31.75	2157.16259415	-274.273052271	29.8353578692
31.8	2409.12272222	-277.903312252	33.320176589
31.85	2186.51638154	-274.732355045	30.2413452314
31.9	2200.43378938	-274.88038402	30.4338345898
31.95	2124.82570457	-273.833752839	29.3881117156
32.0	2290.83030156	-276.177154985	31.6840937488
32.05	2502.31650799	-279.173823858	34.6091243748
32.1	2112.3973749	-273.583053673	29.2162175503
32.15	2402.22601565	-277.707307569	33.2247893848
32.2	2387.20431849	-277.522713105	33.0170267843
32.25	2298.35175623	-276.18768184	31.7881217403
32.3	2342.9973723	-276.861017981	32.4056078474
32.35	2330.32305196	-276.748313206	32.230311426
32.4	1987.92443122	-271.868504671	27.4946529219
32.45	2282.28106676	-276.107713305	31.565850701
32.5	2369.78292336	-277.255120426	32.7760743591
32.55	2190.84950117	-274.691224543	30.3012758899
32.6	2294.5111392	-276.090276392	31.7350028034
32.65	2545.90712067	-279.663705907	35.2120189052
32.7	2345.36087635	-276.924665774	32.4382970797
32.75	2348.22519122	-276.968963249	32.4779129434
32.8	2345.92427174	-276.954827161	32.4460893078
32.85	2292.27418026	-276.204282634	31.7040637955
32.9	2525.85995569	-279.404814643	34.9347498932
32.95	2306.39445795	-276.305704718	31.8993590132
33.0	2525.93730671	-279.386571286	34.9358197222
33.05	2061.0298972	-272.90897868	28.5057624904
33.1	2428.40910548	-278.120736747	33.5869233553
33.15	2310.62609527	-276.338783545	31.9578860866
33.2	2272.84521785	-275.823145361	31.4353450405
33.25	2302.8680831	-276.262705734	31.8505863077
33.3	2240.47859966	-275.392278614	30.9876877154
33.35	2479.02968755	-278.81547494	34.2870482257
33.4	2124.26255136	-273.7581305	29.380322837
33.45	2386.56985012	-277.489029556	33.0082515575
33.5	2490.1447031	-278.908262422	34.4407781613
33.55	2285.95435466	-276.020732988	31.6166553364
33.6	2077.50259481	-273.145646007	28.7335936375
33.65	2419.99205551	-278.105336447	33.470508534
33.7	2322.28488166	-276.5912748	32.1191368265
33.75	2192.36964219	-274.740626877	30.3223007082
33.8	2355.40098793	-277.046535908	32.5771601968
33.85	2328.73504892	-276.697197395	32.2083480195
33.9	2367.84339458	-277.31695981	32.7492490585
33.95	2276.23753058	-275.852605938	31.482263555
34.0	2472.80624129	-278.657067889	34.2009727733
34.05	2241.01640496	-275.350204319	30.9951260114
34.1	2380.37258439	-277.394559841	32.9225382035
34.15	2397.74306706	-277.618113655	33.1627864669
34.2	2450.58202691	-278.472784753	33.8935933521
34.25	2309.97317271	-276.438866154	31.948855623
34.3	2209.59327828	-274.939517525	30.5605179608
34.35	2325.09787263	-276.529895681	32.1580428378
34.4	2388.14590691	-277.529446598	33.0300497375
34.45	2478.3285457	-278.73596425	34.2773508491
34.5	2244.61907397	-275.369142586	31.0449539285
34.55	2531.06499611	-279.372624281	35.0067399434
34.6	2265.43108705	-275.661503207	31.3328014279
34.65	2283.90746294	-276.010334221	31.5883451167
34.7	2354.58170611	-277.048947363	32.565828846
34.75	2187.88807455	-274.611780835	30.2603168899
34.8	2455.05536523	-278.48747401	33.9554633521
34.85	2276.17949307	-275.965817092	31.4814608479
34.9	2182.87691717	-274.640034973	30.1910084036
34.95	2452.26449627	-278.492393718	33.9168633067
35.0	2195.81211147	-274.812879309	30.3699129295
35.05	2274.64902712	-275.865369267	31.4602932273
35.1	2593.73497733	-280.363774393	35.8735180538
35.15	2251.11683805	-275.636223376	31.1348234253
35.2	2161.72719902	-274.382698292	29.8984901616
35.25	2132.16924131	-273.815976933	29.4896789536
35.3	2125.86996979	-273.773607817	29.4025547744
35.35	2302.72028335	-276.339659711	31.848542114
35.4	2359.71207138	-277.101644363	32.6367860767
35.45	2141.72458223	-274.017768046	29.6218372882
35.5	2180.55659611	-274.638137538	30.1589164281
35.55	2379.40177206	-277.431333992	32.9091110593
35.6	2288.79084073	-276.164891526	31.6558863045
35.65	2376.95510939	-277.311970878	32.875271674
35.7	2324.25033631	-276.497862444	32.1463207036
35.75	2381.2513733	-277.396232217	32.9346925872
35.8	2307.80924924	-276.388435754	31.9189267567
35.85	2269.66438328	-275.947978054	31.3913514455
35.9	2333.20815928	-276.701743598	32.2702148665
35.95	2206.96709278	-274.876573904	30.5241956249
36.0	2355.25509232	-277.083471908	32.5751423389
36.05	2201.94800425	-274.980251919	30.4547774443
36.1	2428.22868421	-278.081849939	33.5844279787
36.15	2415.03233166	-277.936003477	33.4019114164
36.2	2212.41633542	-274.999868864	30.5995631955
36.25	2143.09258866	-273.968380055	29.640757958
36.3	2220.8560573	-275.19209245	30.7162915884
36.35	2447.2281894	-278.308369372	33.8472069822
36.4	2525.86464498	-279.496354295	34.9348147498
36.45	2281.52579151	-276.015484059	31.5554046144
36.5	2276.15928784	-275.992746893	31.4811813927
36.55	2408.46938659	-277.877634476	33.3111404123
36.6	2294.05904869	-276.088265211	31.7287500147
36.65	2294.94460661	-276.196878492	31.7409980192
36.7	2403.63148795	-277.694177573	33.2442282391
36.75	2281.13724752	-275.897956078	31.5500307269
36.8	2297.2798742	-276.286515771	31.7732967177
36.85	2303.68277778	-276.402761013	31.8618542146
36.9	2375.18679485	-277.307191756	32.850814409
36.95	2347.04231473	-276.927032686	32.4615527749
37.0	2187.96918448	-274.722591844	30.2614387078
37.05	2167.72283765	-274.420074659	29.9814148447
37.1	2308.78181908	-276.374020893	31.9323782086
37.15	2326.17183684	-276.645243043	32.1728966586
37.2	2201.88956848	-274.875547613	30.4539692289
37.25	2121.86432556	-273.72847899	29.3471533738
37.3	2562.4179616	-279.986953692	35.4403776063
37.35	2287.81579028	-276.114786646	31.6424005435
37.4	2107.70297143	-273.543909659	29.151290035
37.45	2411.73165231	-277.911152822	33.356260268
37.5	2169.0559679	-274.446035349	29.9998531478
37.55	2312.52556394	-276.421658901	31.9841573226
37.6	2108.98903555	-273.499954263	29.1690773744
37.65	2274.18286905	-275.878293327	31.4538458724
37.7	2224.0572668	-275.139831096	30.7605669858
37.75	2258.38677	-275.657116394	31.2353726477
37.8	2153.16372033	-274.205074288	29.780050109
37.85	2133.75230555	-274.019717033	29.5115740523
37.9	2271.81698468	-275.838499475	31.4211237182
37.95	2155.00144118	-274.236822659	29.8054673211
38.0	2292.08654804	-276.235416201	31.7014686855
38.05	2663.57629655	-281.397396882	36.8394817502
38.1	2352.51346455	-277.032893955	32.5372233401
38.15	2270.45013174	-275.831253031	31.4022190021
38.2	2444.73527728	-278.356519962	33.8127279283
38.25	2455.91417206	-278.443247779	33.9673413668
38.3	2348.79903965	-276.914251101	32.4858497457
38.35	2488.24719773	-278.882129079	34.4145340794
38.4	2335.40686418	-276.67998731	32.3006247891
38.45	2151.87529515	-274.184650757	29.7622301141
38.5	2237.60608681	-275.384176332	30.947958467
38.55	2423.83150584	-278.013765001	33.5236113344
38.6	2348.30159366	-276.976957792	32.4789696529
38.65	2180.09719045	-274.620645813	30.1525624648
38.7	2308.84236144	-276.421633608	31.93321556
38.75	2304.97367767	-276.304986357	31.8797084368
38.8	2328.90228121	-276.712956236	32.2106609815
38.85	2168.21950656	-274.409193204	29.9882841898
38.9	2449.55007225	-278.295865799	33.8793205586
38.95	2257.73818019	-275.714595224	31.2264021097
39.0	2238.37894313	-275.322391403	30.9586477144
39.05	2234.07324176	-275.327542252	30.8990962733
39.1	2443.36136985	-278.349286286	33.7937256426
39.15	2223.23145249	-275.332979059	30.749145285
39.2	2219.56596739	-275.237554333	30.6984485689
39.25	2110.62455367	-273.613370829	29.191697954
39.3	2316.69937472	-276.498222576	32.0418846068
39.35	2288.97843299	-276.132230283	31.6584808619
39.4	2249.29384587	-275.52471206	31.1096099229
39.45	2188.16755577	-274.739817402	30.2641823483
39.5	2316.74909118	-276.506215084	32.0425722269
39.55	2360.84227036	-277.178579123	32.6524176712
39.6	2560.22509795	-279.988580546	35.410048473
39.65	2376.01916175	-277.419574615	32.8623267375
39.7	2175.6092991	-274.620399841	30.0904911842
39.75	2590.74258762	-280.419029317	35.8321308084
39.8	2124.86679566	-273.842025826	29.3886800396
39.85	2246.62678797	-275.5352572	31.0727222878
39.9	2276.11211079	-275.872222605	31.4805288947
39.95	2316.2980914	-276.528789393	32.0363345239
40.0	2295.77602287	-276.267555588	31.7524971996
40.05	2332.88058576	-276.682267938	32.2656842515
40.1	2368.83174833	-277.290768954	32.7629188151
40.15	2394.45469861	-277.728524202	33.1173055885
40.2	2204.4231281	-275.020508512	30.4890104716
40.25	2451.01785538	-278.367172583	33.8996212233
40.3	2308.53652113	-276.290968085	31.9289855334
40.35	2031.47920621	-272.422283709	28.097051787
40.4	2341.76931072	-276.748615033	32.3886227314
40.45	2371.08912128	-277.189691966	32.7941401659
40.5	2267.05849196	-275.705076303	31.3553097952
40.55	2549.52197263	-279.770353564	35.2620153229
40.6	2263.38099188	-275.689007015	31.3044469017
40.65	2296.40353789	-276.191442451	31.7611762557
40.7	2195.04747918	-274.814280041	30.3593374272
40.75	2480.77000722	-278.803661366	34.3111182983
40.8	2293.39400183	-276.27657102	31.7195518618
40.85	2275.26571629	-276.016565342	31.4688225529
40.9	2280.18887373	-276.098790536	31.5369139264
40.95	2364.98541313	-277.166105882	32.7097207912
41.0	2259.63074832	-275.663130702	31.2525779055
41.05	2126.50322307	-273.688445764	29.4113131956
41.1	2142.30636647	-273.909132622	29.6298838495
41.15	2486.68731155	-278.825045329	34.3929595526
41.2	2271.30671696	-275.866219977	31.4140662902
41.25	2289.44542693	-276.069885101	31.6649397776
41.3	2302.66528113	-276.347842072	31.8477813873
41.35	2212.30683043	-275.085107006	30.5980486502
41.4	2119.82578401	-273.752619792	29.318958644
41.45	2299.66737573	-276.304505487	31.8063178552
41.5	2192.6251108	-274.788037948	30.3258340522
41.55	2200.56053931	-274.789895561	30.435587647
41.6	2454.30636861	-278.334822224	33.9451041042
41.65	2272.9454549	-275.835205721	31.4367314026
41.7	2397.78060716	-277.548870634	33.1633056777
41.75	2612.99021164	-280.572596539	36.1398340043
41.8	2186.18077198	-274.515287979	30.2367034713
41.85	2365.00658817	-277.214915164	32.7100136598
41.9	2364.8729547	-277.217992832	32.7081653975
41.95	2292.65642778	-276.057672282	31.7093505976
42.0	2146.41680868	-274.034517471	29.6867346935
42.05	2122.48004239	-273.677849579	29.3556692511
42.1	2222.85176588	-275.161077979	30.7438939026
42.15	2405.32495702	-277.752299276	33.2676503287
42.2	2286.68393774	-276.206541959	31.6267460789
42.25	2416.7643649	-277.970895836	33.4258668807
42.3	2472.27035462	-278.707967995	34.1935610137
42.35	2339.26184422	-276.802926365	32.3539423784
42.4	2302.15338114	-276.306111572	31.8407013835
42.45	2282.09170054	-275.957730533	31.5632316083
42.5	2306.17113927	-276.33973891	31.8962703295
42.55	2305.48118784	-276.337816315	31.8867277257
42.6	2277.94419686	-275.925514315	31.5058681732
42.65	2324.40632832	-276.606219099	32.1484782033
42.7	2265.18132383	-275.786164747	31.3293469941
42.75	2478.99953542	-278.724504776	34.2866311966
42.8	2275.94763589	-275.895416038	31.4782540696
42.85	2284.83221543	-276.065942498	31.6011352149
42.9	2368.95480425	-277.329647133	32.7646207812
42.95	2161.7159198	-274.418386437	29.8983341607
43.0	2131.24303403	-273.923101165	29.4768687343
43.05	2022.95728922	-272.427215538	27.9791865674
43.1	2442.90623131	-278.394360308	33.787430697
43.15	2175.43987163	-274.566500074	30.088147861
43.2	2400.27280548	-277.619976895	33.1977748592
43.25	2193.99701317	-274.815786213	30.3448086061
43.3	2322.10842199	-276.572599241	32.116696242
43.35	2433.76397324	-278.117500943	33.6609856428
43.4	2034.00628808	-272.537450161	28.1320034371
43.45	2327.4463423	-276.728016395	32.190524132
43.5	2347.27635241	-277.006159345	32.4647897111
43.55	2262.49950141	-275.647326142	31.2922551534
43.6	2316.99271687	-276.503960148	32.0459417735
43.65	2312.77672271	-276.433744673	31.9876310579
43.7	2172.68028655	-274.364363769	30.0499804976
43.75	2118.41307159	-273.599003745	29.2994196529
43.8	2465.67660632	-278.560105453	34.1023639751
43.85	2206.66482774	-274.887261119	30.5200150473
43.9	2200.03838083	-274.825036913	30.4283657597
43.95	2274.9215913	-275.926784296	31.4640630172
44.0	2529.1528466	-279.525690908	34.9802933208
44.05	2385.81188607	-277.508277249	32.9977682825
44.1	2312.0409744	-276.409794105	31.9774550451
44.15	2503.27674904	-279.048858195	34.6224053095
44.2	2292.65831709	-276.108361574	31.7093767282
44.25	2116.55612393	-273.570660478	29.2737365179
44.3	2334.08256995	-276.723583579	32.2823086955
44.35	2300.21575823	-276.253890073	31.8139024425
44.4	2114.96663642	-273.563710759	29.2517525801
44.45	2467.13341958	-278.650462718	34.1225129175
44.5	2318.19936877	-276.590084066	32.0626307756
44.55	2411.78200883	-277.840484161	33.3569567408
44.6	2230.07719046	-275.346371447	30.8438275509
44.65	2420.80598472	-277.948214398	33.4817658538
44.7	2242.7054622	-275.553732165	31.0184870817
44.75	2426.02637166	-278.072162519	33.5539681593
44.8	2262.68441952	-275.784058547	31.2948127251
44.85	2279.73430001	-276.004312577	31.5306267927
44.9	2208.24569034	-275.056217453	30.5418796956
44.95	2384.27868152	-277.618453833	32.9765627848
45.0	2413.29782046	-277.866212352	33.3779216798
45.05	2267.9402182	-275.797357232	31.3675048044
45.1	2284.41677452	-276.073284632	31.5953893206
45.15	2357.39324628	-277.119413714	32.6047147914
45.2	2116.34390087	-273.66829665	29.2708012961
45.25	2397.38388833	-277.623911113	33.1578187255
45.3	2526.95847705	-279.375714796	34.9499433597
45.35	2419.84530462	-277.885213525	33.4684788468
45.4	2081.06456816	-273.218894081	28.7828586998
45.45	2459.2609129	-278.55940245	34.0136295841
45.5	2308.85496573	-276.385206388	31.9333898879
45.55	2081.08127424	-273.13437577	28.7830897588
45.6	2215.87730651	-275.100332475	30.6474313124
45.65	2238.105821	-275.47457505	30.9548702076
45.7	2438.83440825	-278.277569679	33.731113988
45.75	2464.54093714	-278.692266637	34.0866567232
45.8	2220.7143588	-275.220739216	30.7143317799
45.85	2403.1443444	-277.752340744	33.2374906374
45.9	2432.26039816	-278.042783317	33.6401899453
45.95	2101.8964481	-273.44300411	29.0709809742
46.0	2427.12442957	-278.065688035	33.569155216
46.05	2071.35977081	-272.976870246	28.6486332581
46.1	2146.82527732	-274.111492536	29.6923841556
46.15	2262.974738	-275.788210137	31.2988280717
46.2	2075.24090087	-273.073135077	28.7023125239
46.25	2348.06680392	-276.956691147	32.4757223149
46.3	2275.11039182	-275.924431132	31.4666742859
46.35	2344.31400015	-276.878735216	32.4238179087
46.4	2517.16961635	-279.342027218	34.8145552518
46.45	2407.19956732	-277.770713514	33.2935777527
46.5	2358.9478874	-277.094008861	32.6262167748
46.55	2189.07808363	-274.698792396	30.2767757079
46.6	2250.9456191	-275.578323189	31.1324553244
46.65	2091.66277307	-273.274584589	28.9294407132
46.7	2370.08834873	-277.254127315	32.7802986467
46.75	2451.20300501	-278.415490919	33.9021819971
46.8	2465.16595411	-278.557616954	34.0953012291
46.85	2202.94916056	-274.874343575	30.4686242711
46.9	2167.36339831	-274.437424061	29.9764434988
46.95	2282.88036817	-276.039362578	31.5741395394
47.0	2478.08341365	-278.737007452	34.2739604684
47.05	2153.32796834	-274.187479788	29.7823217959
47.1	2361.64796412	-277.085347113	32.6635610879
47.15	2450.63311601	-278.352846768	33.894299957
47.2	2280.09507865	-275.952944238	31.5356166623
47.25	2369.81258275	-277.197416313	32.7764845733
47.3	2421.92627724	-277.972644152	33.4972604337
47.35	2318.69536889	-276.419694221	32.069490871
47.4	2499.45958919	-278.982529323	34.569610805
47.45	2149.76965442	-274.154379327	29.7331073466
47.5	2464.68500532	-278.596334569	34.0886493062
47.55	2166.94784987	-274.336652838	29.9706961172
47.6	2199.96867876	-274.885057982	30.4274017219
47.65	2468.06011753	-278.723321968	34.1353299231
47.7	2384.86505523	-277.486763624	32.9846728223
47.75	2518.54528288	-279.390893587	34.8335818674
47.8	2218.15528815	-275.127947642	30.6789376985
47.85	2089.65467615	-273.350281093	28.9016670579
47.9	2296.30549214	-276.258692812	31.7598202011
47.95	2184.72161592	-274.617219065	30.2165221259
48.0	2212.3518064	-275.104557666	30.5986707054
48.05	2159.65437637	-274.29308621	29.8698212956
48.1	2396.8974844	-277.612644984	33.1510913534
48.15	2246.9418908	-275.497672584	31.0770804227
48.2	2161.97791968	-274.351175621	29.9019578375
48.25	2326.5971616	-276.739175766	32.1787792547
48.3	2179.9940204	-274.627315778	30.1511355369
48.35	2253.76163601	-275.618972325	31.171403187
48.4	2209.73685599	-274.919744527	30.5625037602
48.45	2389.81210238	-277.495775914	33.0530946105
48.5	2455.64756276	-278.531141213	33.963653938
48.55	2356.81947409	-277.126389113	32.5967790436
48.6	2224.42140974	-275.202638379	30.7656033863
48.65	2206.32135131	-274.95035227	30.5152644818
48.7	2113.4228702	-273.5559398	29.2304010057
48.75	2289.89893241	-276.055872113	31.6712121367
48.8	2364.43977888	-277.211424473	32.7021742146
48.85	2421.68507365	-277.957977359	33.4939243869
48.9	2377.21828033	-277.331521822	32.8789115476
48.95	2273.22184749	-275.922196418	31.4405541427
49.0	2331.6361859	-276.757006868	32.2484731637
49.05	2129.68274171	-273.940426	29.4552885902
49.1	2195.08801492	-274.785459813	30.3598980703
49.15	2539.09152255	-279.615528977	35.1177534986
49.2	2229.39585911	-275.234290594	30.83440417
49.25	2345.63384807	-276.884023358	32.4420725063
49.3	2430.16686772	-278.133479333	33.6112346732
49.35	2156.53227413	-274.234300525	29.8266400175
49.4	2341.55151838	-276.833665067	32.3856104817
49.45	2305.23071785	-276.291660083	31.8832635168
49.5	2267.37490698	-275.837326104	31.3596860787
49.55	2205.41317148	-274.951423199	30.5027035973
49.6	2246.19129351	-275.459893059	31.0666990361
49.65	2269.48225672	-275.805943685	31.3888324833
49.7	2467.26396748	-278.575874985	34.1243185039
49.75	2076.84272831	-273.080465887	28.7244671334
49.8	2372.38868317	-277.256081743	32.8121141907
49.85	2348.26531408	-276.937598582	32.4784678759
49.9	2009.05245378	-272.238620288	27.7868710958
49.95	2184.97412572	-274.655291667	30.2200145471
50.0	2273.73749302	-275.854857569	31.4476859504
50.05	2081.60230838	-273.208872036	28.7902960956
50.1	2370.25070043	-277.240356403	32.7825441063
50.15	2250.79435365	-275.505645402	31.130363197
50.2	2069.2019196	-272.878924481	28.618788376
50.25	2468.34297064	-278.683540746	34.1392420176
50.3	2274.6043506	-275.930250142	31.4596753138
50.35	2197.19799739	-274.785005904	30.3890808877
50.4	2106.8760392	-273.544999723	29.1398528724
50.45	2614.79567178	-280.714212413	36.164805024
50.5	2367.47147036	-277.240698695	32.7441050363
50.55	2222.64456098	-275.290772557	30.7410280859
50.6	2198.48614152	-274.866085716	30.4068969954
50.65	2160.06766609	-274.329780659	29.875537437
50.7	2291.20663401	-276.113439871	31.6892987405
50.75	2392.21645482	-277.587488402	33.0863488101
50.8	2398.90894712	-277.687875057	33.1789115605
50.85	2125.38543166	-273.780411441	29.395853208
50.9	2037.12509095	-272.558317436	28.1751390821
50.95	2229.63369746	-275.282752874	30.8376936729
51.0	2318.50531028	-276.567386476	32.066862202
51.05	2177.48894615	-274.565948235	30.1164882706
51.1	2126.36951958	-273.797915945	29.4094639648
51.15	2478.37514087	-278.77897269	34.2779952992
51.2	2266.27680675	-275.801336928	31.3444984367
51.25	2284.67493701	-276.07715515	31.5989599232
51.3	2090.13693597	-273.403003918	28.9083371135
51.35	2281.4451089	-276.075794942	31.5542887066
51.4	2109.14512505	-273.547872736	29.1712362223
51.45	2125.58875926	-273.782139718	29.3986653984
51.5	2337.39604941	-276.755518489	32.32813688
51.55	2409.62608617	-277.85682068	33.3271385322
51.6	2312.75558034	-276.45898694	31.9873386413
51.65	2424.87104851	-278.010086619	33.5379890765
51.7	2353.86374703	-277.011800325	32.555898873
51.75	2295.42722391	-276.171145593	31.747673019
51.8	2320.77071114	-276.519306426	32.0981945854
51.85	2439.50640949	-278.192109459	33.7404083256
51.9	2429.83239172	-278.037954823	33.6066085912
51.95	2287.08863365	-276.101122844	31.6323433609
52.0	2180.56098253	-274.574606223	30.158977096
52.05	2404.40839191	-277.665382458	33.2549734687
52.1	2297.63396089	-276.26944682	31.778194032
52.15	2295.86764787	-276.275231473	31.7537644498
52.2	2459.81215391	-278.571951852	34.021253707
52.25	2263.364494	-275.694811299	31.3042187223
52.3	2368.81057206	-277.174184072	32.7626259297
52.35	2227.21514517	-275.205447528	30.8042430775
52.4	2279.05336061	-275.901641905	31.5212088328
52.45	2329.1705862	-276.633835961	32.2143718633
52.5	2444.27523115	-278.265741187	33.8063651065
52.55	2369.16280835	-277.323754522	32.7674976513
52.6	2288.3654609	-276.169336531	31.6500029468
52.65	2366.88610462	-277.128426524	32.7360089398
52.7	2434.19349785	-278.161899278	33.6669263263
52.75	2270.87005294	-275.846818225	31.4080268624
52.8	2311.96768326	-276.480425513	31.9764413675
52.85	2385.27002598	-277.513034414	32.9902739055
52.9	2284.73027586	-276.086758012	31.5997253057
52.95	2310.47831668	-276.39528001	31.9558421854
53.0	2400.41647232	-277.630394712	33.1997618913
53.05	2504.71099955	-279.059740732	34.6422421903
53.1	2550.34914638	-279.641619878	35.2734558257
53.15	2416.85521577	-277.882579235	33.4271234241
53.2	2165.64146801	-274.413141634	29.9526277664
53.25	2156.13395082	-274.20889866	29.8211308739
53.3	2495.59868416	-279.074906878	34.5162112683
53.35	2334.68110444	-276.820609839	32.2905869266
53.4	2329.84405688	-276.677279457	32.2236865245
53.45	2169.02020722	-274.447582463	29.9993585478
53.5	2198.57483142	-274.90486908	30.4081236506
53.55	2261.93542885	-275.685523165	31.2844535593
53.6	2321.14212876	-276.546238666	32.1033316007
53.65	2563.47975319	-280.005053177	35.4550630695
53.7	2356.6771436	-277.044347285	32.5948104941
53.75	2422.25664254	-277.927508111	33.5018296614
53.8	2235.63653563	-275.312362643	30.9207179314
53.85	2427.13741036	-277.991732663	33.5693347511
53.9	2328.64729785	-276.645772147	32.207134349
53.95	2430.47298273	-278.112118207	33.615468499
54.0	2330.07270553	-276.654426746	32.2268489261
54.05	2326.18314233	-276.679275141	32.173053023
54.1	2188.37181396	-274.670011563	30.2670074094
54.15	2176.54000523	-274.507365885	30.1033636263
54.2	2309.40319656	-276.407980944	31.9409723775
54.25	2504.08240009	-279.099727677	34.6335481354
54.3	2348.76150298	-276.906617947	32.4853305823
54.35	2215.74866113	-275.074908122	30.6456520396
54.4	2296.94080053	-276.241443102	31.7686070461
54.45	2498.76039537	-279.057674486	34.5599403713
54.5	2368.22595485	-277.140301394	32.7545401861
54.55	2167.15526216	-274.409450823	29.9735648022
54.6	2129.07783426	-273.906975537	29.4469222156
54.65	2327.19167866	-276.602094242	32.1870019215
54.7	2240.2339924	-275.454077952	30.984304593
54.75	2419.84096948	-278.009300682	33.4684188882
54.8	2234.95052867	-275.456169308	30.9112298829
54.85	2355.91733927	-277.097700002	32.5843017666
54.9	2241.42316586	-275.401640422	31.0007518539
54.95	2411.79895141	-277.848722443	33.3571910708
55.0	2656.08904479	-281.253223144	36.7359268136
55.05	2527.6857734	-279.492960113	34.9600024748
55.1	2466.98454691	-278.679502398	34.1204538843
55.15	2440.81217403	-278.330976134	33.7584681382
55.2	2326.4053432	-276.620819374	32.1761262462
55.25	2511.18926869	-279.235220344	34.7318420558
55.3	2367.92158496	-277.238865148	32.7503304967
55.35	2300.30113723	-276.238553777	31.8150833053
55.4	2253.90791859	-275.559454252	31.1734263971
55.45	2353.55727447	-277.035297341	32.5516601019
55.5	2037.37542473	-272.5881143	28.1786014071
55.55	2442.48402135	-278.208376485	33.7815911811
55.6	2409.29942839	-277.752933685	33.3226205827
55.65	2372.6038031	-277.361311276	32.8150894787
55.7	2369.96288989	-277.369656437	32.7785634464
55.75	2183.49660121	-274.687004732	30.1995791508
55.8	2408.55906436	-277.836364886	33.3123807306
55.85	2436.17526384	-278.300059318	33.6943358029
55.9	2489.76906185	-278.984798605	34.4355827295
55.95	2209.50033812	-275.072303338	30.5592325208
56.0	2285.01130876	-276.151630352	31.603612225
56.05	2488.74199679	-278.896134709	34.4213775631
56.1	2390.92691519	-277.536883305	33.0685134014
56.15	2488.98108796	-278.991807276	34.4246843934
56.2	2153.4402761	-274.173804998	29.7838751059
56.25	2423.0600537	-277.966303807	33.5129415078
56.3	2155.64329996	-274.170386296	29.8143447633
56.35	2558.93229833	-279.875123616	35.392167976
56.4	2301.6915447	-276.358136455	31.8343138004
56.45	2403.05689964	-277.751086835	33.2362812034
56.5	2532.17160507	-279.616265748	35.0220452682
56.55	2308.26213304	-276.418801413	31.9251905173
56.6	2392.71045395	-277.566719904	33.0931812301
56.65	2448.20017615	-278.320113287	33.8606503696
56.7	2342.26288766	-276.846403522	32.3954493122
56.75	2419.86028558	-277.948930325	33.4686860459
56.8	2414.13957242	-277.842033376	33.3895638115
56.85	2411.88064085	-277.802855046	33.3583209039
56.9	2451.14293195	-278.328026568	33.9013511367
56.95	2263.77810107	-275.788175711	31.309939253
57.0	2422.71009351	-278.034113635	33.5081012665
57.05	2175.60560506	-274.51959808	30.0904400925
57.1	2388.49343096	-277.586963622	33.0348562849
57.15	2221.00228386	-275.142656438	30.7183140236
57.2	2335.94749655	-276.790559685	32.3081021858
57.25	2343.7622071	-276.888710943	32.4161861506
57.3	2246.80601995	-275.55240283	31.0752012155
57.35	2371.71510449	-277.411449264	32.8027980357
57.4	2310.22306351	-276.526083157	31.9523118213
57.45	2433.32637368	-278.140495917	33.6549332758
57.5	2326.32216236	-276.758889984	32.1749757859
57.55	2440.67586353	-278.257693696	33.7565828503
57.6	2248.17561084	-275.455742129	31.0941437999
57.65	2144.1576882	-274.072652989	29.6554891731
57.7	2370.74152539	-277.276287806	32.7893326248
57.75	2317.25062026	-276.447954968	32.0495087925
57.8	2357.73741584	-277.042270107	32.6094749436
57.85	2287.24233036	-276.172310528	31.6344691145
57.9	2252.21346432	-275.599013165	31.1499906813
57.95	2257.96316656	-275.648303673	31.2295138588
58.0	2227.75282256	-275.28710535	30.8116796042
58.05	2111.55453197	-273.653766504	29.2045603296
58.1	2237.48103606	-275.403415944	30.9462289108
58.15	2024.04501918	-272.308871855	27.99423078
58.2	2453.09563222	-278.358922683	33.9283586101
58.25	2397.93282226	-277.63892249	33.1654109395
58.3	2197.37821816	-274.73875601	30.3915734913
58.35	2548.58001223	-279.699994373	35.2489872248
58.4	2359.89312704	-277.071733418	32.6392902274
58.45	2322.81005835	-276.594530819	32.1264004581
58.5	2340.95256776	-276.827443493	32.3773264951
58.55	2424.84435073	-277.992794855	33.5376198239
58.6	2313.43748834	-276.543704971	31.9967699976
58.65	2231.56804713	-275.339364246	30.8644473421
58.7	2235.44071164	-275.297105022	30.9180095224
58.75	2235.99519148	-275.342446525	30.925678441
58.8	2274.29639298	-275.994443167	31.455416003
58.85	2302.18673248	-276.281829536	31.8411626603
58.9	2395.53494947	-277.542051104	33.1322463588
58.95	2319.27511414	-276.498054579	32.0775092313
59.0	2153.97359056	-274.21246637	29.7912512896
59.05	2447.56872317	-278.296567503	33.8519168482
59.1	2347.59416107	-276.875061593	32.46918527
59.15	2327.12898155	-276.677946256	32.1861347682
59.2	2296.12315362	-276.131434344	31.7572983074
59.25	2319.46319625	-276.491881899	32.0801105638
59.3	2242.34337167	-275.468978615	31.0134790677
59.35	2230.78606012	-275.353950614	30.8536318096
59.4	2313.05361734	-276.403195013	31.9914607415
59.45	2264.66195875	-275.707930959	31.322163742
59.5	2278.69658309	-275.932183234	31.5162743023
59.55	2369.10445246	-277.25776636	32.7666905408
59.6	2265.01272632	-275.822979493	31.32701515
59.65	2331.94105239	-276.68452697	32.2526897214
59.7	2198.54800157	-274.786515149	30.4077525715
59.75	2234.80491438	-275.311566042	30.9092159158
59.8	2440.5918599	-278.345954442	33.75542101
59.85	2267.69413814	-275.862093978	31.3641013119
59.9	2260.02823047	-275.729427745	31.258075415
59.95	2394.32453099	-277.5358184	33.1155052617
60.0	2292.40986445	-276.073048914	31.7059404211
60.05	2295.55316801	-276.145250768	31.749414931
60.1	2297.81034564	-276.221718354	31.7806335803
60.15	2369.31460025	-277.268136729	32.7695970599
60.2	2269.87501318	-275.782073165	31.3942646327
60.25	2266.49798445	-275.762495361	31.3475575087
60.3	2748.72399391	-282.614036358	38.0171454225
60.35	2103.70059215	-273.532924673	29.0959337912
60.4	2599.41347395	-280.529425763	35.9520563983
60.45	2152.57115017	-274.289307147	29.7718543695
60.5	2419.07709988	-278.058088362	33.4578539345
60.55	2475.68467784	-278.760918832	34.2407839516
60.6	2330.26774481	-276.703457748	32.2295464821
60.65	2437.07561904	-278.177937775	33.7067884662
60.7	2060.62202088	-272.898401213	28.5001212207
60.75	2500.50018651	-279.088859446	34.5840031339
60.8	2472.47567009	-278.665036228	34.1964006978
60.85	2483.06278368	-278.808781631	34.3428293091
60.9	2326.45323979	-276.57143525	32.176788696
60.95	2396.60520716	-277.620979901	33.1470489154
61.0	2274.59713134	-275.883112089	31.4595754654
61.05	2148.1697358	-274.146327174	29.7109791376
61.1	2174.57311526	-274.507836455	30.0761598974
61.15	2420.56177295	-277.931067809	33.4783882014
61.2	2254.67224227	-275.640523044	31.1839976311
61.25	2246.37182748	-275.47258213	31.0691959715
61.3	2283.72032449	-276.039104883	31.5857568358
61.35	2386.03201881	-277.437894709	33.0008129018
61.4	2170.56838097	-274.383313764	30.020771082
61.45	1977.16686163	-271.713588514	27.345866762
61.5	2371.89992933	-277.328986158	32.8053543175
61.55	2254.26150412	-275.659249337	31.1783167799
61.6	2204.57267792	-274.958372776	30.4910788703
61.65	2538.90450011	-279.660712141	35.1151668223
61.7	2297.20401271	-276.160271109	31.7722474901
61.75	2596.35119699	-280.488713713	35.9097025539
61.8	2285.03871229	-276.155735579	31.6039912387
61.85	2170.42030015	-274.547469835	30.0187230007
61.9	2192.21965675	-274.731012011	30.3202262844
61.95	2429.59985151	-278.018343739	33.6033923661
62.0	2238.46446973	-275.430078535	30.9598306187
