# 	 t 	 T	E	K
2.05	2247.65768409	-282.497586868	31.0869804409
2.1	2258.26560645	-282.478310732	31.2336968547
2.15	2380.46162081	-284.142164483	32.9237696515
2.2	2269.36205765	-282.683585181	31.3871700298
2.25	2123.09051874	-280.666393024	29.3641126482
2.3	2261.66007301	-282.551877573	31.2806451585
2.35	2429.01977514	-284.950438713	33.595369426
2.4	2172.28138286	-281.35698536	30.0444633269
2.45	2406.05394008	-284.66973423	33.2777327724
2.5	2100.66484802	-280.417863869	29.0539469179
2.55	2221.0291014	-282.086979784	30.7186849326
2.6	2223.07188511	-282.054195827	30.7469383351
2.65	1905.29099604	-277.579421799	26.3517635926
2.7	2296.43739368	-283.154502183	31.7616445095
2.75	2206.95940678	-281.814434699	30.5240893211
2.8	2328.67618705	-283.482779515	32.2075339107
2.85	2258.15750109	-282.524108643	31.2322016674
2.9	2159.33133723	-281.090628366	29.8653533949
2.95	2637.88171712	-287.881304813	36.484104286
3.0	2444.92720369	-285.139005291	33.8153824305
3.05	2330.42631902	-283.637422566	32.2317396956
3.1	2528.40150624	-286.403282396	34.969901657
3.15	2303.17501092	-283.120618983	31.8548313754
3.2	2569.86048799	-286.919619212	35.5433139536
3.25	2423.17781049	-284.820661208	33.5145701824
3.3	2317.42302901	-283.204945148	32.0518933492
3.35	2388.58882732	-284.37043352	33.0361756961
3.4	2487.36839553	-285.78211412	34.402379512
3.45	2563.00995316	-286.807007908	35.4485653432
3.5	2459.53181189	-285.316147773	34.0173763431
3.55	2627.37453472	-287.759702767	36.3387811899
3.6	2355.55041768	-283.913827913	32.579226935
3.65	2611.89794813	-287.569070173	36.1247270889
3.7	2172.87153142	-281.289581171	30.0526255738
3.75	2642.85350799	-287.889016124	36.5528683004
3.8	2362.22133865	-284.025686623	32.6714913358
3.85	2298.53142864	-283.150120184	31.7906067595
3.9	2547.87269349	-286.555693945	35.2392044167
3.95	2542.77272268	-286.564665441	35.1686675668
4.0	2632.8443892	-287.805611609	36.4144338394
4.05	2361.65704461	-284.041672709	32.6636866787
4.1	2556.0281573	-286.730757668	35.3520012833
4.15	2538.05163838	-286.442679962	35.1033710332
4.2	2587.85939495	-287.141656358	35.792253849
4.25	2476.27994082	-285.593705856	34.249016935
4.3	2388.27437338	-284.333321391	33.0318265359
4.35	2527.64169912	-286.325675904	34.9593928908
4.4	2489.04075283	-285.786097235	34.4255096084
4.45	2321.29911617	-283.404935961	32.1055028676
4.5	2401.81720387	-284.532223755	33.2191351769
4.55	2560.77557081	-286.726831218	35.4176619718
4.6	2356.79840935	-283.900873579	32.5964877007
4.65	2503.01165683	-285.937635062	34.6187388631
4.7	2313.84883775	-283.305513091	32.0024593031
4.75	2612.15436037	-287.477003476	36.1282734842
4.8	2627.60871367	-287.716310664	36.3420200801
4.85	2185.91890235	-281.49590764	30.2330815959
4.9	2357.2781769	-283.908673001	32.603123286
4.95	2354.90718191	-283.943503245	32.5703304477
5.0	2532.24285824	-286.367306302	35.023030759
5.05	2406.95180111	-284.69730676	33.2901509394
5.1	2390.85911925	-284.457695659	33.0675757271
5.15	2308.06849643	-283.225984639	31.9225123616
5.2	2383.06777112	-284.194388404	32.9598148839
5.25	2505.86108139	-285.911425689	34.6581487814
5.3	2577.77577508	-287.006629116	35.6527889759
5.35	2311.61969497	-283.297110251	31.9716283992
5.4	2437.59640984	-285.075471629	33.7139914374
5.45	2409.15817909	-284.672512433	33.3206669871
5.5	2680.78482691	-288.485507025	37.0774900779
5.55	2713.96822588	-288.989052976	37.5364441624
5.6	2598.99557927	-287.31909726	35.9462765663
5.65	2571.7641629	-286.972022609	35.5696433654
5.7	2517.21067563	-286.275065504	34.8151231359
5.75	2251.22906235	-282.413463765	31.136375581
5.8	2547.42675415	-286.511457949	35.2330367037
5.85	2140.50380222	-280.780958434	29.6049528825
5.9	2697.9104746	-288.654753662	37.3143520692
5.95	2332.66687887	-283.459963924	32.262728507
6.0	2403.43898155	-284.628037321	33.2415657149
6.05	2459.7890319	-285.395733529	34.0209339104
6.1	2415.76898292	-284.734131173	33.4120999178
6.15	2342.6547576	-283.683649492	32.4008692003
6.2	2411.60438269	-284.642222065	33.3545000231
6.25	2314.87021708	-283.253771145	32.0165858312
6.3	2685.42283452	-288.506520101	37.1416375915
6.35	2446.36373123	-285.157234037	33.8352508046
6.4	2481.34231953	-285.768876868	34.3190338549
6.45	2586.86307492	-287.268662204	35.778473912
6.5	2345.02010344	-283.792315315	32.4335839061
6.55	2721.23158429	-289.023053592	37.6369024674
6.6	2432.90410887	-284.958573267	33.6490930014
6.65	2382.64539316	-284.260414926	32.9539730445
6.7	2662.91968611	-288.195004005	36.8304002802
6.75	2339.75601234	-283.666424873	32.3607771357
6.8	2276.47864037	-282.766148626	31.4855983045
6.85	2503.55509391	-286.023517121	34.6262550512
6.9	2446.517763	-285.172307375	33.8373811924
6.95	2459.90688947	-285.427818379	34.0225639789
7.0	2572.58459194	-286.918649483	35.5809905833
7.05	2421.66736951	-284.776493724	33.4936795239
7.1	2519.37941107	-286.081323508	34.8451185559
7.15	2475.80672147	-285.585535293	34.2424719167
7.2	2458.77254407	-285.372087202	34.0068750358
7.25	2384.03183613	-284.340526424	32.9731487072
7.3	2427.11684496	-284.875766307	33.5690503146
7.35	2590.68986225	-287.158875126	35.8314015726
7.4	2555.93747387	-286.620530133	35.3507470558
7.45	2275.85071297	-282.689692026	31.4769135448
7.5	2289.07802119	-282.931413377	31.6598582498
7.55	2480.00829536	-285.597993786	34.3005831879
7.6	2429.81086693	-284.925424442	33.6063108853
7.65	2437.8906461	-285.054376804	33.7180609703
7.7	2811.90450377	-290.347577693	38.8909845699
7.75	2455.39495837	-285.257351304	33.9601602084
7.8	2621.63922925	-287.681350301	36.2594571316
7.85	2308.67960944	-283.247655677	31.9309645641
7.9	2497.82345989	-285.898906392	34.5469817722
7.95	2297.17397315	-282.965585816	31.7718320179
8.0	2763.17227197	-289.600145234	38.2169771587
8.05	2288.37692225	-282.968096573	31.6501614668
8.1	2362.60225719	-284.006851574	32.6767597569
8.15	2555.93935284	-286.712884509	35.3507730435
8.2	2320.32253628	-283.327478357	32.0919959532
8.25	2706.23429322	-288.721074041	37.4294774233
8.3	2225.3265278	-282.11669323	30.778121924
8.35	2503.03846836	-286.01820363	34.619109689
8.4	2381.69699934	-284.191525307	32.940855967
8.45	2456.31166384	-285.328468779	33.9728390097
8.5	2402.51401986	-284.560748193	33.2287727233
8.55	2310.40121388	-283.235805995	31.9547757894
8.6	2543.67122707	-286.576814678	35.1810946319
8.65	2649.9463046	-288.013499349	36.6509675933
8.7	2463.87317554	-285.400779048	34.0774210232
8.75	2544.71458651	-286.5470758	35.1955251631
8.8	2576.21225675	-287.056137914	35.6311642133
8.85	2612.60797429	-287.566293001	36.1345473429
8.9	2566.04725316	-286.897631948	35.4905737355
8.95	2681.8068829	-288.513143375	37.0916259647
9.0	2373.17495379	-284.134916992	32.8229889691
9.05	2118.97082395	-280.593440272	29.3071338333
9.1	2194.44139497	-281.693193273	30.350954777
9.15	2347.69821782	-283.827370747	32.4706244617
9.2	2588.63015766	-287.217592695	35.8029141402
9.25	2528.18175111	-286.320491107	34.9668622603
9.3	2581.01828602	-287.11590755	35.6976356066
9.35	2501.43854542	-285.969593939	34.5969814203
9.4	2441.23628656	-284.965157942	33.7643339683
9.45	2701.59078537	-288.673423868	37.3652538367
9.5	2610.20817252	-287.464158477	36.1013560829
9.55	2366.91642075	-284.038337022	32.7364282372
9.6	2540.90006911	-286.546572173	35.1427672061
9.65	2487.37725002	-285.831900168	34.402501977
9.7	2525.87554353	-286.319311458	34.9349654859
9.75	2244.67504171	-282.35266393	31.0457280092
9.8	2540.76370914	-286.552078984	35.1408812339
9.85	2411.47570746	-284.684480033	33.3527203373
9.9	2483.92866101	-285.62456881	34.3548051146
9.95	2522.48728175	-286.191865041	34.8881029995
10.0	2508.27057897	-286.005435709	34.6914741426
10.05	2495.09371886	-285.867347595	34.509227177
10.1	2589.35728184	-287.1862217	35.8129708741
10.15	2562.78576344	-286.849975341	35.4454646125
10.2	2540.26754509	-286.447577119	35.1340188712
10.25	2289.13857128	-282.987547137	31.6606957081
10.3	2480.33698636	-285.703258885	34.3051292586
10.35	2368.53939099	-284.093959625	32.7588752693
10.4	2294.3070288	-283.054730845	31.7321797863
10.45	2385.24514251	-284.303371689	32.9899297464
10.5	2432.09735549	-284.906992487	33.6379349292
10.55	2604.55171229	-287.296470755	36.0231225201
10.6	2682.29203177	-288.394581653	37.0983359782
10.65	2423.13760515	-284.833261467	33.514014109
10.7	2262.62092488	-282.544351892	31.2939345411
10.75	2228.3600302	-282.04052628	30.8200777923
10.8	2291.46562425	-283.007884387	31.6928807916
10.85	2473.58731761	-285.561359483	34.2117757102
10.9	2610.40467522	-287.508464157	36.1040738791
10.95	2341.74136963	-283.839369232	32.3882362829
11.0	2562.95584981	-286.84078454	35.4478170488
11.05	2302.3109269	-283.178183411	31.8428803728
11.1	2419.46402861	-284.724504857	33.4632054815
11.15	2619.21589289	-287.569568649	36.2259403686
11.2	2548.29837233	-286.596034513	35.2450919101
11.25	2390.36323127	-284.377269927	33.0607171827
11.3	2542.83680972	-286.561466021	35.1695539439
11.35	2527.88013427	-286.26103302	34.9626906478
11.4	2403.3526986	-284.48248078	33.2403723498
11.45	2599.92666152	-287.271721942	35.9591542105
11.5	2326.87564467	-283.503139724	32.1826309079
11.55	2316.42665015	-283.27916305	32.0381125986
11.6	2388.19276873	-284.324158413	33.0306978755
11.65	2408.11979004	-284.687283358	33.3063052004
11.7	2658.42041644	-288.105793305	36.768171628
11.75	2564.90436823	-286.829160212	35.4747666837
11.8	2453.61094284	-285.21432478	33.9354857857
11.85	2255.74233965	-282.333944131	31.1987979704
11.9	2599.83321978	-287.340344673	35.9578618332
11.95	2621.00999746	-287.676830407	36.2507543311
12.0	2309.50615022	-283.221059205	31.9423963125
12.05	2405.484339	-284.591739358	33.2698547144
12.1	2456.75216021	-285.379542811	33.978931442
12.15	2589.32480099	-287.231325006	35.8125216367
12.2	2610.56864324	-287.510457229	36.1063416936
12.25	2375.66575294	-284.253633187	32.8574387989
12.3	2304.53313263	-283.14019679	31.8736153315
12.35	2571.92750471	-286.910064749	35.5719025189
12.4	2461.97780961	-285.3794885	34.0512065316
12.45	2518.09003769	-286.131735471	34.8272854466
12.5	2296.9435639	-283.026629829	31.7686452658
12.55	2673.00964833	-288.274602674	36.9699528733
12.6	2401.63648922	-284.480041374	33.2166357427
12.65	2263.77898667	-282.540456135	31.3099515017
12.7	2261.64695396	-282.584225575	31.280463711
12.75	2599.4447647	-287.344751121	35.9524891755
12.8	2468.62361412	-285.444688097	34.1431235509
12.85	2606.04684635	-287.457707212	36.0438014711
12.9	2493.35874677	-285.781906338	34.485231066
12.95	2732.78989304	-289.109603071	37.7967635176
13.0	2370.95700085	-284.002108185	32.7923128302
13.05	2535.05936265	-286.379111358	35.0619853642
13.1	2495.78233496	-285.818336319	34.518751312
13.15	2426.60281196	-284.958733653	33.5619408094
13.2	2239.19996355	-282.290115029	30.9700031116
13.25	2297.42248735	-283.059106372	31.7752691766
13.3	2598.58319246	-287.340040528	35.9405729128
13.35	2290.13676023	-282.967824707	31.6745014938
13.4	2537.58483256	-286.476544321	35.0969147194
13.45	2615.46324379	-287.567403801	36.1740381016
13.5	2498.68272369	-285.848726082	34.5588661073
13.55	2453.38145607	-285.233609751	33.9323117923
13.6	2435.8189444	-285.054287444	33.6894076078
13.65	2475.16158006	-285.648783215	34.2335490729
13.7	2412.81720156	-284.706605748	33.3712743196
13.75	2509.35288313	-286.080198063	34.7064433119
13.8	2357.46294097	-283.90076122	32.6056787271
13.85	2753.36359261	-289.45897895	38.0813149423
13.9	2466.20109153	-285.528854611	34.109618043
13.95	2791.7117601	-290.027650452	38.6117020832
14.0	2373.47829071	-283.986661531	32.8271843717
14.05	2444.81195992	-285.125718988	33.8137885131
14.1	2421.97615081	-284.813695671	33.4979502268
14.15	2332.67305206	-283.511628728	32.2628138874
14.2	2533.97429786	-286.31678021	35.0469780132
14.25	2542.12908372	-286.477543503	35.1597655031
14.3	2492.07832311	-285.782350597	34.4675217389
14.35	2441.09265204	-285.100022158	33.7623473831
14.4	2619.88829632	-287.598740573	36.2352402689
14.45	2224.41325668	-282.033101458	30.7654906227
14.5	2351.29339511	-283.857575888	32.5203487622
14.55	2486.38560684	-285.784682588	34.3887867248
14.6	2483.81069976	-285.622614679	34.3531736122
14.65	2431.68632799	-284.942895448	33.6322500761
14.7	2205.92630162	-281.814618611	30.509800615
14.75	2545.22691236	-286.606820777	35.2026110569
14.8	2358.95343894	-283.89903305	32.6262935572
14.85	2521.96303845	-286.250377429	34.8808522775
14.9	2704.74069335	-288.827118275	37.4088196913
14.95	2439.54345311	-285.02800171	33.7409206698
15.0	2539.09866014	-286.397794355	35.1178522175
15.05	2671.33720489	-288.375781535	36.9468215855
15.1	2535.4648508	-286.510731261	35.0675936034
15.15	2530.72469193	-286.342050414	35.0020332527
15.2	2428.28724351	-284.991347352	33.5852379027
15.25	2534.54902807	-286.477699582	35.0549270112
15.3	2709.13748293	-288.961988227	37.4696309583
15.35	2524.66149642	-286.239941321	34.9181742019
15.4	2664.27230641	-288.337332261	36.8491081471
15.45	2473.75641306	-285.632955662	34.2141144413
15.5	2381.37127617	-284.244445296	32.9363509439
15.55	2615.23308352	-287.561122762	36.1708547931
15.6	2507.07992909	-285.995028654	34.6750064616
15.65	2404.40686521	-284.541673593	33.2549523532
15.7	2478.07464181	-285.524264465	34.2738391466
15.75	2500.73930898	-285.98610073	34.5873103971
15.8	2416.81740962	-284.742458737	33.4266005335
15.85	2539.67187723	-286.502161127	35.1257802879
15.9	2557.4805567	-286.675575515	35.3720891783
15.95	2383.09060583	-284.27355384	32.9601307071
16.0	2255.51802007	-282.493113682	31.1956954434
16.05	2199.34535573	-281.655298574	30.4187806445
16.1	2294.14751991	-283.12793482	31.7299736453
16.15	2415.8887713	-284.807150193	33.413756691
16.2	2587.98384325	-287.15871668	35.7939750728
16.25	2460.03355607	-285.402985925	34.0243158835
16.3	2472.60512832	-285.531702187	34.1981912131
16.35	2487.81031675	-285.731691712	34.4084916511
16.4	2368.97184547	-284.083781232	32.7648564755
16.45	2714.72879904	-288.933931648	37.5469635236
16.5	2391.44251481	-284.372866195	33.0756445742
16.55	2345.19138814	-283.69052394	32.4359529164
16.6	2635.64699945	-287.858244223	36.4531962767
16.65	2452.20336546	-285.335474825	33.9160178166
16.7	2076.18016571	-279.885449023	28.71530334
16.75	2491.77369984	-285.76374383	34.4633085449
16.8	2702.30736395	-288.723621062	37.3751647162
16.85	2377.3885225	-284.182617606	32.8812661388
16.9	2266.94914095	-282.702699243	31.3537973794
16.95	2533.37336327	-286.409128075	35.0386665865
17.0	2537.88303404	-286.436780917	35.1010390946
17.05	2619.94005459	-287.564387087	36.2359561288
17.1	2521.62523488	-286.248641333	34.8761801723
17.15	2431.57134916	-285.044068265	33.630659823
17.2	2463.07166159	-285.426414501	34.0663354168
17.25	2391.19708421	-284.449020685	33.0722500643
17.3	2425.09141158	-284.855268095	33.5410368816
17.35	2364.80942013	-284.071259496	32.7072866614
17.4	2697.62380365	-288.708850628	37.3103871709
17.45	2405.07742685	-284.529078712	33.26422678
17.5	2421.31921166	-284.792261698	33.4888642105
17.55	2546.02659112	-286.580647666	35.2136712812
17.6	2578.2756814	-286.963748927	35.6597030973
17.65	2584.83808897	-287.013133574	35.7504666674
17.7	2504.83194792	-285.971137527	34.6439150072
17.75	2543.06648163	-286.485295039	35.1727304981
17.8	2572.77897061	-287.035074785	35.5836790026
17.85	2294.86796372	-283.101455293	31.7399379841
17.9	2208.07420357	-281.827412288	30.5395078906
17.95	2337.70619054	-283.721245238	32.3324263905
18.0	2184.80510016	-281.384252009	30.2176767827
18.05	2408.60006445	-284.619705634	33.3129477961
18.1	2223.91567671	-282.119785626	30.7586086766
18.15	2723.12876612	-289.052305682	37.6631420744
18.2	2348.28153259	-283.806408761	32.4786921915
18.25	2614.66514732	-287.509847364	36.1629997618
18.3	2515.22679593	-286.078320154	34.7876844249
18.35	2348.68970261	-283.701318257	32.4843375232
18.4	2683.59908502	-288.49932209	37.1164136149
18.45	2525.64211627	-286.318065176	34.9317369922
18.5	2105.66758373	-280.403523551	29.1231389253
18.55	2388.7259831	-284.303593385	33.038072675
18.6	2678.08094378	-288.350847386	37.040093119
18.65	2868.59516569	-291.105949149	39.6750637074
18.7	2399.4369294	-284.488004799	33.1862139957
18.75	2387.74174357	-284.410984803	33.0244598213
18.8	2415.52805232	-284.731502479	33.4087676466
18.85	2495.86798827	-285.839063593	34.5199359687
18.9	2738.94245573	-289.242199194	37.8818585911
18.95	2414.87713824	-284.664652305	33.399764962
19.0	2601.12105271	-287.292277701	35.9756736368
19.05	2280.70183893	-282.841567039	31.5440086629
19.1	2224.1895206	-282.00784606	30.7623961661
19.15	2555.5849787	-286.722100439	35.3458717537
19.2	2259.43039758	-282.572653356	31.2498068876
19.25	2195.05453344	-281.633964147	30.3594349935
19.3	2440.21059055	-285.054059899	33.750147737
19.35	2577.37809146	-287.031024966	35.6472886797
19.4	2540.81837258	-286.462081194	35.1416372748
19.45	2448.94968081	-285.158216941	33.8710166441
19.5	2495.09165736	-285.774349685	34.5091986647
19.55	2268.22667868	-282.672603518	31.3714667917
19.6	2494.07783834	-285.834474607	34.4951767022
19.65	2605.96460112	-287.420801523	36.0426639511
19.7	2225.93448953	-281.963285442	30.7865305418
19.75	2618.94329756	-287.549006493	36.2221701478
19.8	2711.91419927	-288.924510851	37.5080352612
19.85	2520.8411409	-286.214198229	34.8653354986
19.9	2291.57192282	-283.047144808	31.6943509894
19.95	2412.61647518	-284.637661181	33.3684981063
20.0	2588.16326248	-287.111226828	35.7964565904
20.05	2540.54099984	-286.551220211	35.1378009785
20.1	2308.77373214	-283.157161254	31.9322663596
20.15	2307.96734129	-283.18321249	31.9211133016
20.2	2493.76563609	-285.843268389	34.4908586846
20.25	2524.17433443	-286.189948064	34.9114363452
20.3	2528.23030643	-286.380897305	34.9675338209
20.35	2556.00187668	-286.77210824	35.3516378004
20.4	2699.87268251	-288.736909237	37.3414910412
20.45	2631.50800596	-287.776989553	36.3959505447
20.5	2640.14392057	-287.862320802	36.5153924466
20.55	2368.10679134	-284.096165991	32.7528920553
20.6	2323.7081511	-283.516882508	32.1388218299
20.65	2503.74160897	-286.035632904	34.62883471
20.7	2337.11748696	-283.685117667	32.324284129
20.75	2645.49616251	-287.924692366	36.5894184165
20.8	2279.10922818	-282.772278192	31.5219815279
20.85	2424.94927167	-284.837131911	33.539070968
20.9	2498.69247549	-285.925942163	34.5590009827
20.95	2376.11615915	-284.125447528	32.8636682924
21.0	2708.46957744	-288.969164578	37.4603932683
21.05	2566.43154629	-286.848828179	35.49588883
21.1	2545.35471554	-286.499593922	35.2043786816
21.15	2698.22919855	-288.700689738	37.3187602873
21.2	2349.29647301	-283.758455417	32.492729664
21.25	2376.32704224	-284.178787537	32.8665849815
21.3	2647.86913179	-288.080470156	36.622238561
21.35	2565.8237491	-286.760524594	35.487482488
21.4	2573.1694531	-287.009355777	35.5890797009
21.45	2425.51762544	-284.984682917	33.5469317748
21.5	2394.67991851	-284.523306495	33.1204205675
21.55	2806.49055999	-290.212109439	38.8161052119
21.6	2490.92658867	-285.745608962	34.4515922909
21.65	2518.34458832	-286.254608014	34.8308060942
21.7	2518.86423787	-286.201658366	34.8379932809
21.75	2545.94441677	-286.570421	35.2125347415
21.8	2524.59120186	-286.249450283	34.9172019694
21.85	2518.82608048	-286.183532379	34.8374655324
21.9	2388.69381259	-284.262393226	33.0376277299
21.95	2536.28564954	-286.47768782	35.0789459346
22.0	2630.93954739	-287.757603406	36.3880882884
22.05	2647.82933192	-287.926747149	36.6216880956
22.1	2579.46195457	-287.087942049	35.6761102447
22.15	2244.21675188	-282.366160308	31.0393894785
22.2	2406.9627527	-284.662208561	33.2903024089
22.25	2377.4555689	-284.271739808	32.8821934464
22.3	2224.71685816	-282.047772807	30.7696896844
22.35	2389.68107638	-284.425008474	33.0512824116
22.4	2445.29627165	-285.201138898	33.8204869484
22.45	2012.2301941	-278.977866287	27.8308218949
22.5	2510.14244435	-286.090937526	34.7173636021
22.55	2675.7627103	-288.419188131	37.0080300165
22.6	2783.80381726	-289.919060742	38.5023286379
22.65	2566.57172948	-286.918603774	35.4978276805
22.7	2438.70969942	-285.227347107	33.7293891608
22.75	2017.0308591	-279.088036938	27.8972190958
22.8	2542.23078	-286.500148407	35.1611720475
22.85	2570.71263484	-286.934607124	35.5550998553
22.9	2291.95049383	-283.016576063	31.6995869423
22.95	2603.72248614	-287.370408349	36.0116536308
23.0	2445.72640271	-285.113590612	33.8264360196
23.05	2602.06015622	-287.36697999	35.9886622216
23.1	2376.29891956	-284.207356137	32.8661960213
23.15	2317.72849	-283.363953096	32.0561181295
23.2	2808.10935674	-290.212474133	38.8384945211
23.25	2508.28685579	-286.035776509	34.6916992645
23.3	2394.11585585	-284.481822922	33.1126191106
23.35	2313.28947565	-283.180453887	31.9947228587
23.4	2513.94881728	-286.136326544	34.7700089144
23.45	2510.97238184	-286.104046524	34.7288423298
23.5	2662.17821375	-288.287229046	36.820145099
23.55	2232.39416072	-282.131312289	30.8758731821
23.6	2698.20636276	-288.684619382	37.3184444492
23.65	2672.76685785	-288.383620436	36.9665948784
23.7	2450.15853368	-285.290686399	33.8877360875
23.75	2687.61140426	-288.624515491	37.1719073364
23.8	2422.07716071	-284.790765691	33.499347278
23.85	2272.40552418	-282.796848884	31.4292637103
23.9	2539.67249709	-286.512701	35.1257888612
23.95	2520.61577628	-286.184514418	34.862218518
24.0	2495.15502151	-285.912181091	34.5100750437
24.05	2662.85005862	-288.306071018	36.8294372739
24.1	2592.45331555	-287.256131603	35.8557916025
24.15	2591.86531441	-287.200734396	35.8476590563
24.2	2500.02222122	-285.903249465	34.5773924754
24.25	2508.97970017	-286.130645927	34.7012818802
24.3	2586.58229277	-287.172525259	35.7745904607
24.35	2267.38379349	-282.646865713	31.3598089866
24.4	2372.74774984	-284.251059814	32.8170803822
24.45	2366.43917714	-284.077510979	32.72982756
24.5	2359.19886314	-283.943112153	32.6296879786
24.55	2377.2670131	-284.225384243	32.8795855624
24.6	2617.68661008	-287.605514711	36.2047891117
24.65	2359.58416138	-283.976594858	32.6350169746
24.7	2462.14818526	-285.315607018	34.0535629689
24.75	2715.83677244	-288.936913825	37.5622877198
24.8	2554.34582986	-286.769344656	35.3287332916
24.85	2685.21378568	-288.57212386	37.1387462717
24.9	2540.59918762	-286.514948778	35.138605764
24.95	2269.22656901	-282.691675399	31.385296109
25.0	2524.26633295	-286.311168717	34.9127087614
25.05	2594.10739834	-287.297410495	35.8786689471
25.1	2426.4660072	-284.99948387	33.5600486855
25.15	2574.71338404	-287.009415346	35.6104335537
25.2	2262.81773797	-282.539619243	31.2966566304
25.25	2226.97607421	-282.05492127	30.8009365267
25.3	2552.7564482	-286.614341869	35.3067508176
25.35	2288.90640464	-282.976082616	31.6574846498
25.4	2597.51988022	-287.314776639	35.9258664176
25.45	2322.40612521	-283.426451137	32.1208137259
25.5	2668.29487384	-288.304157557	36.9047436097
25.55	2502.22284058	-285.928257702	34.6078288765
25.6	2565.47151038	-286.789200867	35.4826107327
25.65	2301.24836539	-283.142068208	31.8281842609
25.7	2659.00936767	-288.136364622	36.7763173147
25.75	2799.68126831	-290.182006825	38.7219270287
25.8	2422.8213198	-284.905217955	33.5096396189
25.85	2443.29346573	-285.151703599	33.7927864719
25.9	2600.77128473	-287.380081988	35.9708360539
25.95	2591.14538962	-287.222996766	35.837701896
26.0	2607.97631624	-287.474912328	36.0704876491
26.05	2861.39692496	-290.983505974	39.5755060343
26.1	2230.44979947	-282.180729943	30.8489810443
26.15	2397.39547498	-284.552259437	33.1579789784
26.2	2227.02653091	-282.02746531	30.8016343849
26.25	2603.93841428	-287.33738624	36.0146400971
26.3	2715.15536123	-288.997849486	37.5528632345
26.35	2279.31342409	-282.767385891	31.5248057277
26.4	2435.17211046	-284.946303017	33.6804613549
26.45	2613.40683149	-287.4724597	36.1455962043
26.5	2603.72167028	-287.333484885	36.0116423469
26.55	2390.54422366	-284.462967064	33.0632204584
26.6	2596.31511514	-287.389632789	35.9092035117
26.65	2452.79803951	-285.392869779	33.9242426547
26.7	2627.69399779	-287.71157358	36.3431996305
26.75	2442.5237502	-285.122151649	33.7821406642
26.8	2582.60795186	-287.022713244	35.7196220111
26.85	2187.69858044	-281.488788941	30.2576960282
26.9	2549.28966906	-286.670489097	35.2588023707
26.95	2529.64952633	-286.316629174	34.9871628158
27.0	2636.09164504	-287.829485545	36.4593460961
27.05	2166.71399137	-281.174246347	29.9674616591
27.1	2716.13492847	-288.98703182	37.5664114664
27.15	2407.92086717	-284.714851906	33.3035539312
27.2	2605.31375811	-287.390702782	36.0336622494
27.25	2606.85140487	-287.377016693	36.0549291866
27.3	2430.34439482	-285.023025968	33.6136900211
27.35	2528.83010278	-286.384153154	34.9758295047
27.4	2599.58237618	-287.313055725	35.9543924571
27.45	2530.30181968	-286.410606692	34.9961845769
27.5	2414.45464718	-284.759106523	33.3939215582
27.55	2520.08774772	-286.208804267	34.8549154426
27.6	2327.12624119	-283.584404711	32.1860968667
27.65	2217.38343794	-281.912728771	30.6682623662
27.7	2928.12720012	-291.852699799	40.4984413965
27.75	2745.53972181	-289.328791282	37.9731042835
27.8	2354.89049936	-283.83364828	32.5700997141
27.85	2571.89700942	-287.0262642	35.5714807437
27.9	2336.89802414	-283.775193887	32.3212487752
27.95	2480.08779317	-285.722811017	34.3016827089
28.0	2510.15161401	-286.030650181	34.717490426
28.05	2457.32375312	-285.245819208	33.9868370486
28.1	2441.55392587	-285.067192684	33.7687271849
28.15	2728.48342301	-289.176951827	37.7372014452
28.2	2451.95730576	-285.261366992	33.9126146057
28.25	2399.13204387	-284.516919234	33.1819971745
28.3	2746.73436148	-289.501405745	37.9896271466
28.35	2531.51812935	-286.416107718	35.0130071541
28.4	2815.58604942	-290.347533286	38.9419034168
28.45	2334.87587154	-283.592707917	32.293280718
28.5	2545.76437973	-286.578667068	35.210044679
28.55	2434.43464579	-284.977689338	33.6702616035
28.6	2398.32028654	-284.377996881	33.1707698937
28.65	2328.81296075	-283.50188649	32.2094256051
28.7	2298.56706944	-283.072986363	31.7910997015
28.75	2578.79458309	-286.987995395	35.6668799404
28.8	2257.45205943	-282.427694977	31.2224448209
28.85	2283.03811356	-282.876904279	31.5763212897
28.9	2631.35189662	-287.789674357	36.3937914222
28.95	2572.11170467	-286.951384006	35.574450158
29.0	2269.9501618	-282.735361979	31.3953040007
29.05	2508.80872522	-286.026284911	34.6989171541
29.1	2592.23212261	-287.177416788	35.8527323197
29.15	2582.09720092	-287.036253331	35.7125578996
29.2	2323.2789768	-283.404091416	32.1328859914
29.25	2480.47086821	-285.684477424	34.3069809563
29.3	2529.66668104	-286.410482501	34.9874000797
29.35	2200.499359	-281.735285852	30.4347414722
29.4	2345.2966521	-283.75741858	32.4374088047
29.45	2550.97079192	-286.623428401	35.282053702
29.5	2454.733261	-285.273408654	33.951008382
29.55	2442.71238242	-285.00164267	33.7847496051
29.6	2736.13977769	-289.247071816	37.8430952163
29.65	2326.48386866	-283.420433158	32.1772123189
29.7	2410.55621043	-284.725315871	33.3400029266
29.75	2588.99808455	-287.178201949	35.8080028759
29.8	2489.09319868	-285.763228099	34.4262349781
29.85	2423.38902711	-284.813548062	33.5174914844
29.9	2354.44494464	-283.870166809	32.5639373207
29.95	2614.41903018	-287.517678005	36.1595957565
30.0	2402.4980217	-284.49548338	33.2285514554
30.05	2452.13561741	-285.2698339	33.9150808045
30.1	2652.96555108	-288.083040256	36.6927262904
30.15	2738.99367787	-289.303430328	37.8825670361
30.2	2376.64019193	-284.100921255	32.8709161028
30.25	2662.25469139	-288.222476838	36.8212028486
30.3	2497.7580222	-286.00244409	34.5460767144
30.35	2417.98471843	-284.800985124	33.442745388
30.4	2533.77041074	-286.470390653	35.0441580842
30.45	2405.50996062	-284.598926328	33.2702090828
30.5	2458.41917075	-285.225433624	34.001987588
30.55	2714.64597259	-288.887620852	37.5458179648
30.6	2593.19104769	-287.269608113	35.8659950533
30.65	2248.71372422	-282.446196875	31.1015863567
30.7	2462.04152619	-285.438649174	34.052087785
30.75	2473.47659157	-285.577128144	34.2102442767
30.8	2597.65048169	-287.329709652	35.9276727449
30.85	2341.16462001	-283.701429116	32.3802593546
30.9	2632.81416782	-287.795357222	36.4140158525
30.95	2315.21021067	-283.339125073	32.021288226
31.0	2747.79396483	-289.377199184	38.0042823447
31.05	2415.50390555	-284.680368126	33.4084336767
31.1	2433.92048301	-284.971919843	33.6631503034
31.15	2696.58355202	-288.756904421	37.2959996232
31.2	2345.86353406	-283.872161886	32.4452492551
31.25	2652.25577217	-288.04983976	36.6829094561
31.3	2588.26356888	-287.140190974	35.7978439116
31.35	2435.59053546	-285.031767978	33.6862485217
31.4	2648.73906515	-288.094103392	36.6342704649
31.45	2600.91538555	-287.403299571	35.9728290884
31.5	2396.43717575	-284.500192236	33.1447249009
31.55	2458.62774451	-285.321383787	34.0048723372
31.6	2553.65185678	-286.653671164	35.3191350651
31.65	2517.51079955	-286.169285982	34.8192741001
31.7	2484.64735275	-285.744360698	34.3647452209
31.75	2678.43313433	-288.435870653	37.044964208
31.8	2499.84026313	-285.909887263	34.5748758432
31.85	2403.31459065	-284.512319743	33.239845285
31.9	2490.68407019	-285.80890472	34.4482380581
31.95	2567.6156246	-286.972546016	35.5122656206
32.0	2688.08925324	-288.519359809	37.1785163864
32.05	2546.52708274	-286.557303474	35.2205934978
32.1	2139.85679446	-280.878615146	29.5960042255
32.15	2868.72334916	-291.220845788	39.6768365917
32.2	2701.79062775	-288.796866305	37.3680178235
32.25	2581.19732895	-287.10585552	35.7001119197
32.3	2512.75697615	-286.236563947	34.7535247575
32.35	2413.26600921	-284.735872256	33.3774817037
32.4	2339.81845245	-283.600456472	32.3616407344
32.45	2567.55983847	-286.93850405	35.511494052
32.5	2496.74246989	-285.883428803	34.532030779
32.55	2545.65695516	-286.534651448	35.2085589075
32.6	2468.9773583	-285.436314534	34.148016128
32.65	2518.95217374	-286.248666118	34.8392095073
32.7	2349.39306559	-283.800063199	32.4940656199
32.75	2482.85885301	-285.728221462	34.3400087778
32.8	2475.95208403	-285.636828949	34.2444824022
32.85	2690.53613307	-288.631092198	37.2123587752
32.9	2503.18051436	-285.887122617	34.6210743037
32.95	2559.75932067	-286.765846069	35.4036063848
33.0	2432.59176356	-284.967595789	33.6447730051
33.05	2690.14056335	-288.666963288	37.2068877161
33.1	2334.64678813	-283.673397255	32.2901123034
33.15	2321.22527483	-283.44418265	32.1044815803
33.2	2226.61595199	-282.028272083	30.7959557359
33.25	2698.0202065	-288.702874271	37.3158697529
33.3	2344.11814851	-283.772583379	32.4211091172
33.35	2561.02922247	-286.803497695	35.4211701857
33.4	2520.19341488	-286.144464921	34.8563769075
33.45	2465.81485906	-285.478482466	34.1042761258
33.5	2343.01611219	-283.763919304	32.4058670356
33.55	2611.49600444	-287.51217384	36.1191678725
33.6	2610.02569087	-287.468800038	36.0988322095
33.65	2401.20616893	-284.422527703	33.2106840541
33.7	2630.89866863	-287.747236205	36.3875229012
33.75	2386.37716457	-284.329097478	33.0055865556
33.8	2421.04630116	-284.842117478	33.4850896306
33.85	2404.05003874	-284.518259105	33.2500171456
33.9	2855.74154571	-290.942626689	39.4972874224
33.95	2437.72948454	-285.012975056	33.7158319714
34.0	2483.89088737	-285.637279336	34.3542826737
34.05	2491.50494533	-285.874909433	34.4595914459
34.1	2326.75470827	-283.549514949	32.1809582566
34.15	2541.64597941	-286.553175719	35.1530837676
34.2	2349.22700172	-283.791515696	32.4917688181
34.25	2644.78121889	-287.93490606	36.57953015
34.3	2425.3828089	-284.887037419	33.5450671495
34.35	2448.38741612	-285.252930305	33.8632400545
34.4	2578.09573465	-287.004345756	35.6572142836
34.45	2320.50863285	-283.353379772	32.0945698239
34.5	2729.19819158	-289.127079806	37.7470872908
34.55	2195.12275715	-281.572312764	30.3603785844
34.6	2679.06478067	-288.472709383	37.0537004038
34.65	2301.34319899	-283.17721376	31.8294958886
34.7	2406.05707112	-284.603857035	33.2777760773
34.75	2464.73131707	-285.412311916	34.0892898364
34.8	2413.18693768	-284.66366914	33.3763880785
34.85	2597.91316427	-287.266920455	35.9313058642
34.9	2579.22463673	-287.002448318	35.672827941
34.95	2629.71831684	-287.723247326	36.3711976514
35.0	2319.41886191	-283.291361137	32.0794973829
35.05	2489.52805587	-285.723537409	34.4322494158
35.1	2477.55902275	-285.562586039	34.266707705
35.15	2239.19028727	-282.297708332	30.9698692806
35.2	2360.46863355	-283.947627263	32.6472499625
35.25	2483.95277798	-285.686428549	34.3551386724
35.3	2585.70101757	-287.133931744	35.7624016897
35.35	2684.69281983	-288.518764001	37.1315408795
35.4	2466.29640895	-285.440631775	34.1109363624
35.45	2421.12140957	-284.779305242	33.4861284426
35.5	2501.3819916	-285.994191072	34.5961992338
35.55	2534.13450761	-286.476416729	35.0491938476
35.6	2301.50531126	-283.177934479	31.8317380366
35.65	2509.04139615	-286.125327471	34.7021351871
35.7	2458.51691006	-285.298961014	34.0033394043
35.75	2557.74954469	-286.658768963	35.3758095066
35.8	2465.96558729	-285.380468673	34.106360823
35.85	2423.75237085	-284.863370424	33.5225168314
35.9	2613.69343515	-287.489673132	36.1495601719
35.95	2398.61131431	-284.469617999	33.1747950505
36.0	2513.58710667	-286.174522189	34.7650061549
36.05	2383.83498025	-284.382557783	32.9704260262
36.1	2274.98558321	-282.805609819	31.4649480787
36.15	2785.1988874	-289.946799864	38.5216236216
36.2	2532.31553153	-286.401907908	35.0240358912
36.25	2569.1184606	-286.93693143	35.533051096
36.3	2560.32955329	-286.806862482	35.4114931774
36.35	2409.88242708	-284.666277603	33.3306839408
36.4	2602.53290822	-287.417347537	35.9952007761
36.45	2413.40065085	-284.768384899	33.37934391
36.5	2715.09283463	-288.969143992	37.5519984394
36.55	2348.91319078	-283.749326706	32.4874285511
36.6	2480.09815723	-285.689709068	34.3018260525
36.65	2554.6600662	-286.683706817	35.3330794423
36.7	2527.8496866	-286.337981902	34.9622695311
36.75	2418.49735748	-284.771618323	33.4498356135
36.8	2471.48358424	-285.522449017	34.1826793231
36.85	2410.6361382	-284.60429081	33.3411083942
36.9	2811.91315158	-290.198863722	38.8911041763
36.95	2376.1160213	-284.18662703	32.8636663858
37.0	2439.62873265	-285.101457637	33.7421001569
37.05	2511.12016969	-286.055344869	34.7308863589
37.1	2547.19596982	-286.619794831	35.2298447639
37.15	2291.8397787	-282.996220701	31.6980556597
37.2	2441.27509894	-285.154600654	33.7648707758
37.25	2383.72593317	-284.408500859	32.968917814
37.3	2386.55675393	-284.287925047	33.0080704262
37.35	2314.8221791	-283.263730387	32.0159214257
37.4	2713.41411473	-288.913890243	37.5287803432
37.45	2373.58432018	-284.146938967	32.8286508478
37.5	2549.76359111	-286.616539608	35.265357108
37.55	2391.97557604	-284.345157644	33.0830172556
37.6	2726.40222784	-289.060773658	37.7084167802
37.65	2330.32163561	-283.58180192	32.2302918367
37.7	2473.07277039	-285.645349447	34.204659093
37.75	2653.38770612	-288.165926038	36.6985650467
37.8	2495.58139139	-285.885662453	34.5159720949
37.85	2231.08813059	-282.105391529	30.857809696
37.9	2548.45052784	-286.566418753	35.2471963477
37.95	2608.33914727	-287.484423422	36.0755059048
38.0	2508.74867155	-286.112105841	34.6980865617
38.05	2605.7149389	-287.499283289	36.0392109143
38.1	2409.11527874	-284.612172572	33.3200736395
38.15	2603.56387017	-287.383706779	36.0094598397
38.2	2270.30059508	-282.719811748	31.4001507854
38.25	2599.15513297	-287.272078747	35.9484833271
38.3	2496.51031291	-285.826947901	34.5288198542
38.35	2705.03536353	-288.796643321	37.4128952256
38.4	2203.2667093	-281.804339194	30.473016235
38.45	2437.54494377	-285.075233548	33.7132796187
38.5	2589.9825775	-287.119588736	35.8216192345
38.55	2535.28078125	-286.346003992	35.0650477682
38.6	2622.72458903	-287.644934131	36.2744685627
38.65	2361.99192534	-284.015689023	32.6683183585
38.7	2267.43542501	-282.699743868	31.3605230935
38.75	2346.91072927	-283.751117914	32.4597328382
38.8	2716.45827808	-288.941514943	37.5708836612
38.85	2612.8346481	-287.425281109	36.1376824308
38.9	2362.49354419	-283.898748577	32.6752561655
38.95	2603.27818568	-287.421939073	36.0055085849
39.0	2525.68304593	-286.318756982	34.9323030836
39.05	2402.14737993	-284.539847253	33.2237017872
39.1	2483.95307231	-285.647510736	34.3551427433
39.15	2514.39637978	-286.111691455	34.776199077
39.2	2450.95590878	-285.292899703	33.8987644503
39.25	2621.52793421	-287.687763893	36.2579178284
39.3	2796.18058711	-290.034356481	38.6735096879
39.35	2488.6093624	-285.804778747	34.4195431188
39.4	2660.23442277	-288.253899795	36.7932608485
39.45	2486.58457538	-285.815439612	34.3915386256
39.5	2544.29730012	-286.581424224	35.1897537444
39.55	2448.43337344	-285.193798028	33.8638756825
39.6	2339.82834124	-283.693605492	32.3617775047
39.65	2565.19878687	-286.873272608	35.4788387391
39.7	2704.22103076	-288.811247047	37.4016323242
39.75	2442.23827229	-285.054173011	33.7781922667
39.8	2574.8393242	-287.070661181	35.6121754111
39.85	2748.02097572	-289.44726872	38.0074220946
39.9	2367.5556947	-284.062903601	32.7452699291
39.95	2479.75805644	-285.729782758	34.297122175
40.0	2615.98248529	-287.612538101	36.1812196447
40.05	2571.59982194	-286.923023414	35.5673703929
40.1	2580.85832729	-286.999374585	35.695423244
40.15	2252.51319059	-282.335231405	31.1541361455
40.2	2548.93220921	-286.615996234	35.2538584028
40.25	2451.30209431	-285.256964155	33.9035524848
40.3	2518.00420347	-286.204249693	34.8260982878
40.35	2546.75801284	-286.58629995	35.2237874537
40.4	2308.84224628	-283.298029139	31.9332139672
40.45	2467.63313231	-285.505022387	34.1294243614
40.5	2472.77579267	-285.500872175	34.2005516434
40.55	2320.52212102	-283.373070447	32.0947563766
40.6	2299.62557159	-283.067069742	31.8057396691
40.65	2598.75051037	-287.272564636	35.9428870591
40.7	2283.12057734	-282.806346773	31.5774618325
40.75	2614.85622412	-287.482522392	36.1656425133
40.8	2191.10875567	-281.511662256	30.304861596
40.85	2410.35678982	-284.619911494	33.3372447731
40.9	2575.14382914	-286.927519468	35.6163869684
40.95	2426.02903935	-284.870852707	33.5540050556
41.0	2355.54953314	-283.919208074	32.5792147009
41.05	2549.1200198	-286.701980305	35.2564559799
41.1	2509.11469116	-286.130989684	34.7031489182
41.15	2403.99779451	-284.608907178	33.2492945642
41.2	2467.29229352	-285.478879718	34.1247102767
41.25	2610.84674594	-287.486088394	36.1101880859
41.3	2436.6637697	-285.044976962	33.7010922464
41.35	2484.11231322	-285.760727944	34.3573451779
41.4	2248.28572293	-282.410802232	31.0956667419
41.45	2603.81789029	-287.383314317	36.0129731498
41.5	2551.30717464	-286.578901867	35.2867061556
41.55	2628.4827146	-287.715991255	36.3541082418
41.6	2552.45238374	-286.606671001	35.3025453525
41.65	2480.29364521	-285.602535421	34.3045298143
41.7	2445.44834489	-285.167801099	33.8225902481
41.75	2446.92171167	-285.168730202	33.8429681395
41.8	2326.84616296	-283.511474576	32.1822231512
41.85	2421.81780854	-284.795889931	33.4957602211
41.9	2328.67549643	-283.442042332	32.2075243589
41.95	2499.93903334	-285.894163538	34.5762419176
42.0	2492.91724409	-285.815160372	34.4791247157
42.05	2401.41100342	-284.496931999	33.2135170859
42.1	2166.2001304	-281.28474929	29.9603545333
42.15	2248.47144047	-282.380256876	31.0982353704
42.2	2634.98798339	-287.824729991	36.444081535
42.25	2723.72433834	-289.030517591	37.6713793349
42.3	2561.48922819	-286.758840128	35.4275324485
42.35	2483.03183691	-285.709222271	34.3424012893
42.4	2635.39383136	-287.806670666	36.4496947509
42.45	2685.96549666	-288.652470811	37.1491430616
42.5	2421.62247546	-284.932645443	33.4930586017
42.55	2393.42657606	-284.405545896	33.1030857962
42.6	2417.89170352	-284.7325281	33.4414589141
42.65	2520.6966557	-286.194534696	34.8633371478
42.7	2430.63232018	-284.831152705	33.6176722689
42.75	2437.82293952	-284.971246713	33.7171245318
42.8	2369.66266403	-283.997482563	32.7744110723
42.85	2408.12092663	-284.590262235	33.3063209204
42.9	2489.87368402	-285.746996725	34.4370297414
42.95	2540.46624082	-286.426176702	35.1367669988
43.0	2490.89577851	-285.832017374	34.4511661606
43.05	2696.15981882	-288.698811966	37.2901390396
43.1	2369.6672406	-284.105707941	32.7744743701
43.15	2400.71315307	-284.50028983	33.2038652336
43.2	2302.43952489	-283.156125919	31.8446589902
43.25	2337.89550692	-283.698890563	32.3350447939
43.3	2446.83571286	-285.220001751	33.8417787042
43.35	2498.1644102	-285.907517088	34.5516973993
43.4	2095.64049928	-280.173705236	28.9844559843
43.45	2648.51056291	-287.93761595	36.6311100883
43.5	2722.78790712	-289.002527072	37.6584277101
43.55	2427.9971572	-284.880384078	33.5812257671
43.6	2450.16666581	-285.257863413	33.8878485617
43.65	2504.17859054	-286.003055338	34.6348785296
43.7	2622.11899311	-287.642122519	36.266092666
43.75	2221.2195186	-281.995514121	30.7213185613
43.8	2485.71878094	-285.649986561	34.3795639664
43.85	2478.45838367	-285.589335324	34.2791466165
43.9	2522.05744381	-286.206280923	34.8821579824
43.95	2495.91599317	-285.830292198	34.5205999165
44.0	2570.62142256	-286.928869966	35.5538383135
44.05	2295.66516991	-283.087798458	31.7509640106
44.1	2493.26726633	-285.817701554	34.4839658151
44.15	2453.94429106	-285.274141578	33.9400962696
44.2	2445.08694292	-285.242594917	33.8175917574
44.25	2424.21548832	-284.884544402	33.5289221324
44.3	2415.91094913	-284.678461092	33.4140634288
44.35	2637.40578487	-287.943556286	36.477521746
44.4	2263.01625974	-282.655071072	31.2994023521
44.45	2688.46546596	-288.53794231	37.183719722
44.5	2614.62427308	-287.531035626	36.1624344369
44.55	2278.5089157	-282.72069349	31.5136787057
44.6	2297.78126599	-283.057707306	31.7802313844
44.65	2357.92703834	-284.000985946	32.6120975809
44.7	2525.8559984	-286.266383237	34.9346951605
44.75	2669.21593509	-288.295143379	36.917482655
44.8	2550.52825474	-286.670429651	35.2759330437
44.85	2573.71477841	-286.953086258	35.5966220048
44.9	2542.61321988	-286.568335034	35.16646151
44.95	2517.50321825	-286.198736101	34.8191692443
45.0	2280.8429624	-282.834668796	31.5459605182
45.05	2437.58611368	-285.006752577	33.7138490329
45.1	2503.16578429	-285.940792113	34.6208705745
45.15	2529.35259472	-286.39983253	34.983056004
45.2	2326.90551978	-283.502111858	32.1830441056
45.25	2525.70824648	-286.250048034	34.9326516282
45.3	2356.54562017	-283.966277812	32.5929914154
45.35	2705.3477754	-288.869245426	37.4172161423
45.4	2412.8764054	-284.710170126	33.3720931581
45.45	2558.93897186	-286.78751983	35.3922602764
45.5	2598.39538677	-287.30730541	35.9379754035
45.55	2445.01099666	-285.19807963	33.8165413573
45.6	2664.37010773	-288.29923105	36.8504608209
45.65	2642.35935091	-287.936331808	36.5460336959
45.7	2459.37316894	-285.399496001	34.0151821787
45.75	2440.81542435	-285.119380278	33.7585130929
45.8	2457.30876518	-285.311992844	33.9866297529
45.85	2365.46622693	-283.996738756	32.7163708472
45.9	2458.47317926	-285.356953789	34.0027345708
45.95	2390.69549109	-284.308056452	33.0653126131
46.0	2668.44680651	-288.213419841	36.9068449652
46.05	2368.13959975	-284.003736865	32.7533458231
46.1	2618.70312697	-287.537383456	36.2188483883
46.15	2448.34562229	-285.08581632	33.862662011
46.2	2221.45927318	-282.028358455	30.7246345671
46.25	2513.26655359	-286.118510429	34.7605726384
46.3	2379.57741365	-284.219134157	32.911540329
46.35	2376.01621521	-284.15561839	32.8622859843
46.4	2341.49088262	-283.793521444	32.3847718386
46.45	2244.15400821	-282.442416679	31.0385216813
46.5	2264.36192811	-282.653460083	31.318014068
46.55	2358.9072375	-283.982716298	32.6256545528
46.6	2539.50109579	-286.572948446	35.1234182381
46.65	2482.77848181	-285.744698956	34.3388971771
46.7	2481.9963032	-285.641721969	34.3280789945
46.75	2510.07677789	-286.038753103	34.7164553801
46.8	2509.17787443	-286.100989274	34.7040227955
46.85	2491.51402732	-285.774835607	34.4597170573
46.9	2431.7040703	-284.970446079	33.632495467
46.95	2526.94139483	-286.232393547	34.9497070984
47.0	2682.01866881	-288.424777869	37.0945551405
47.05	2417.21980825	-284.776763507	33.4321660422
47.1	2315.27964001	-283.289986865	32.0222484917
47.15	2246.13870528	-282.364332253	31.0659716971
47.2	2466.9804557	-285.48367401	34.1203972995
47.25	2171.60138765	-281.338326345	30.035058426
47.3	2553.4966504	-286.741852052	35.3169884314
47.35	2329.04944228	-283.502710056	32.2126963418
47.4	2611.49021655	-287.461544024	36.1190878212
47.45	2503.0936764	-285.92634965	34.6198732622
47.5	2645.30537213	-287.944711704	36.5867796266
47.55	2660.60588274	-288.18231123	36.7983984498
47.6	2426.34752677	-284.923151399	33.5584100023
47.65	2207.25719002	-281.794729113	30.5282079117
47.7	2302.54004873	-283.154355596	31.8460493187
47.75	2483.87473289	-285.694275469	34.3540592437
47.8	2244.87318413	-282.296029755	31.0484684841
47.85	2642.81084925	-287.868161668	36.5522782945
47.9	2632.52554208	-287.75546249	36.4100239178
47.95	2251.06975871	-282.33415015	31.1341722788
48.0	2674.7139392	-288.338110668	36.9935246374
48.05	2593.58342969	-287.184316261	35.8714220237
48.1	2393.62210258	-284.489179991	33.105790091
48.15	2521.95125733	-286.279798004	34.8806893347
48.2	2583.82622379	-287.142297621	35.7364717279
48.25	2470.08422334	-285.544632252	34.1633249947
48.3	2435.57355607	-284.982492975	33.6860136825
48.35	2768.44848651	-289.700609005	38.2899516065
48.4	2349.70213687	-283.861872669	32.4983403335
48.45	2597.20108676	-287.46090658	35.9214572382
48.5	2523.0638694	-286.298427165	34.8960776876
48.55	2445.9485039	-285.127638977	33.8295078643
48.6	2356.43790213	-283.859402087	32.591501585
48.65	2476.81752968	-285.584422621	34.2564522373
48.7	2267.3267617	-282.700299576	31.3590201894
48.75	2387.8407405	-284.366617178	33.0258290314
48.8	2500.03623441	-286.004747334	34.5775862894
48.85	2401.01447264	-284.587120922	33.2080327345
48.9	2137.0899835	-280.77185535	29.5577369222
48.95	2162.69356538	-281.216360555	29.9118558144
49.0	2271.66814526	-282.759828684	31.419065145
49.05	2029.34081319	-279.276715664	28.0674760281
49.1	2474.70522185	-285.498151859	34.2272372583
49.15	2278.23252728	-282.812653641	31.5098560233
49.2	2020.80508442	-279.1531671	27.94941978
49.25	2034.31216697	-279.387994593	28.1362339973
49.3	2194.86550113	-281.64676629	30.356820519
49.35	2312.19661575	-283.286520432	31.9796076948
49.4	2280.07632135	-282.904075112	31.5353572331
49.45	2265.88845524	-282.680712889	31.3391272113
49.5	2393.90184814	-284.460469856	33.1096592054
49.55	2289.28898167	-282.997218762	31.6627760093
49.6	2407.77875014	-284.664321338	33.3015883342
49.65	2363.12365556	-284.043648699	32.6839711313
49.7	2448.16454599	-285.184746092	33.8601575747
49.75	2401.01555136	-284.506783311	33.2080476542
49.8	2430.53631016	-284.883355372	33.6163443703
49.85	2405.6887112	-284.519883178	33.2726813524
49.9	2658.16955032	-288.170769017	36.7647019403
49.95	2463.42657771	-285.486936471	34.0712442028
50.0	2398.02867768	-284.538802577	33.1667366999
50.05	2599.69106628	-287.302059202	35.9558957318
50.1	2495.00546363	-285.881086883	34.5080065336
50.15	2517.75249056	-286.162279697	34.8226168882
50.2	2378.91735087	-284.125698852	32.9024111102
50.25	2634.06285564	-287.812576515	36.4312862466
50.3	2456.18414926	-285.274158481	33.9710753768
50.35	2433.11060319	-284.983436118	33.65194899
50.4	2308.87193883	-283.318116553	31.9336246401
50.45	2339.44201407	-283.730737564	32.3564342776
50.5	2578.32866051	-287.09620965	35.6604358425
50.55	2387.43280638	-284.324075508	33.0201869623
50.6	2819.68308998	-290.387460255	38.998568905
50.65	2400.46390812	-284.443167017	33.2004179681
50.7	2489.29179799	-285.822201821	34.4289817723
50.75	2336.823861	-283.576102263	32.3202230371
50.8	2485.69663975	-285.726719762	34.3792577352
50.85	2283.41000279	-282.891512666	31.5814648279
50.9	2501.18718159	-285.938806992	34.5935048489
50.95	2481.82138482	-285.576100207	34.3256597274
51.0	2628.92997804	-287.752468561	36.3602942683
51.05	2561.46527877	-286.809763613	35.4272012081
51.1	2313.4689939	-283.311192508	31.9972057458
51.15	2394.6874014	-284.517998606	33.1205240622
51.2	2498.19105166	-285.866176854	34.552065873
51.25	2491.70886008	-285.848322852	34.4624117569
51.3	2535.05392853	-286.410801944	35.0619102058
51.35	2656.38275976	-288.080424141	36.7399891366
51.4	2374.11095169	-284.042527507	32.8359346008
51.45	2550.19485335	-286.652214475	35.2713218244
51.5	2502.36769259	-286.120015333	34.6098323006
51.55	2673.1486591	-288.398140826	36.9718755082
51.6	2600.73364502	-287.279626603	35.9703154653
51.65	2276.55992929	-282.756053509	31.4867225981
51.7	2455.935583	-285.25577819	33.967637498
51.75	2548.70939777	-286.611947334	35.2507767347
51.8	2669.21904249	-288.292386498	36.9175256329
51.85	2505.70182128	-285.971784379	34.6559460813
51.9	2662.84580023	-288.268718681	36.8293783768
51.95	2338.32709848	-283.676701078	32.3410140651
52.0	2531.48236463	-286.380913711	35.0125124981
52.05	2374.32499984	-284.2147754	32.8388950652
52.1	2637.63542949	-287.887990547	36.4806979226
52.15	2472.7044418	-285.555819568	34.1995648014
52.2	2540.30210136	-286.494048654	35.1344968132
52.25	2527.06718611	-286.31412751	34.9514468968
52.3	2260.59239113	-282.479192125	31.2658782275
52.35	2452.30457494	-285.219408245	33.9174176281
52.4	2468.88807867	-285.425593901	34.1467813162
52.45	2704.16992473	-288.852065407	37.4009254853
52.5	2606.92789034	-287.433860088	36.0559870444
52.55	2455.22448077	-285.241439842	33.9578023611
52.6	2441.64444901	-285.089287461	33.7699791953
52.65	2457.17916637	-285.278645209	33.9848372933
52.7	2777.25189904	-289.827842361	38.4117101444
52.75	2496.57648615	-285.953132014	34.5297350854
52.8	2525.19146034	-286.277101163	34.9255040448
52.85	2332.93734974	-283.595249015	32.2664693447
52.9	2426.93595508	-284.942729343	33.5665484567
52.95	2284.24614008	-282.954352894	31.5930293041
53.0	2590.1031932	-287.181226564	35.8232874503
53.05	2326.82341486	-283.41937985	32.181908526
53.1	2495.34270353	-285.830918367	34.5126708427
53.15	2592.97131128	-287.282624861	35.8629559154
53.2	2460.06465188	-285.3225481	34.0247459645
53.25	2228.27145316	-281.997206021	30.8188526979
53.3	2459.82052534	-285.310181123	34.0213694909
53.35	2353.0807119	-283.825050418	32.5450688441
53.4	2622.42457224	-287.675251803	36.2703190802
53.45	2656.59426121	-288.1077779	36.742914378
53.5	2629.89556202	-287.730606479	36.3736491001
53.55	2626.58046361	-287.69020992	36.3277985241
53.6	2169.16636479	-281.345037573	30.0013800289
53.65	2388.71767408	-284.401550225	33.0379577542
53.7	2426.79072578	-284.877131347	33.5645398142
53.75	2255.18495626	-282.464759671	31.1910888932
53.8	2348.35391917	-283.832005853	32.4796933583
53.85	2393.61080252	-284.386232372	33.1056338017
53.9	2578.02728045	-286.945822764	35.656267505
53.95	2572.12725139	-286.908776625	35.5746651821
54.0	2586.89928896	-287.123626671	35.7789747823
54.05	2635.5505496	-287.89618984	36.4518622949
54.1	2462.77678339	-285.459064109	34.0622570053
54.15	2650.69687616	-288.238719209	36.661348624
54.2	2419.3319366	-284.78535454	33.4613785388
54.25	2780.03866106	-289.831949591	38.4502533874
54.3	2485.80721141	-285.632837034	34.3807870335
54.35	2576.97332097	-287.019790376	35.6416903662
54.4	2127.90109794	-280.710032897	29.4306469708
54.45	2359.4595035	-283.959981013	32.6332928522
54.5	2568.89604856	-286.908805998	35.529974952
54.55	2404.27367832	-284.539413381	33.2531102675
54.6	2474.3404198	-285.563449314	34.2221917416
54.65	2337.65619462	-283.68702906	32.3317349053
54.7	2444.31286061	-285.177985533	33.8068855534
54.75	2567.87062498	-286.945401014	35.5157924886
54.8	2642.55433341	-287.830238017	36.5487304664
54.85	2614.43614349	-287.525221219	36.1598324478
54.9	2390.11664276	-284.534202228	33.0573066579
54.95	2589.61763148	-287.253981984	35.8165717267
55.0	2251.1314027	-282.431678617	31.1350248666
55.05	2384.87779128	-284.328246824	32.9848489724
55.1	2409.03306362	-284.631445301	33.3189365357
55.15	2708.11883748	-288.855888904	37.4555422421
55.2	2518.00407122	-286.129165455	34.8260964587
55.25	2543.59486315	-286.482821025	35.1800384552
55.3	2676.97287996	-288.454168041	37.0247676723
55.35	2435.68020075	-284.986370778	33.6874886674
55.4	2500.67341442	-285.957735583	34.5863990204
55.45	2360.08805274	-283.947385542	32.6419862124
55.5	2333.8242781	-283.530304283	32.2787363037
55.55	2555.01059971	-286.721546163	35.3379276131
55.6	2433.42678931	-284.923910118	33.6563221077
55.65	2343.41672008	-283.633505894	32.4114077769
55.7	2611.04357354	-287.420215238	36.1129103758
55.75	2563.74219109	-286.851400176	35.4586928046
55.8	2739.07242702	-289.397766894	37.8836562025
55.85	2477.70100164	-285.656609241	34.2686713914
55.9	2289.02526263	-282.930299019	31.6591285549
55.95	2393.21565605	-284.454261621	33.1001685965
56.0	2593.73526527	-287.298321606	35.8735220364
56.05	2541.42993673	-286.642513184	35.1500957171
56.1	2831.38906132	-290.55082765	39.1604722521
56.15	2522.36522901	-286.127943005	34.8864149083
56.2	2210.62543603	-281.80876406	30.5747935633
56.25	2683.0198082	-288.475772364	37.1084017333
56.3	2281.25380187	-282.850094496	31.5516427709
56.35	2409.55638519	-284.649049492	33.3261745095
56.4	2643.99675573	-287.982276794	36.5686803703
56.45	2607.03626172	-287.460064533	36.057485911
56.5	2379.05520496	-284.259864175	32.9043177472
56.55	2576.74155081	-286.983230316	35.6384847916
56.6	2646.40458856	-287.923013052	36.6019827065
56.65	2378.29847393	-284.23133952	32.8938515259
56.7	2387.6449806	-284.412147697	33.0231215087
56.75	2582.63785662	-287.12642225	35.7200356189
56.8	2547.68746702	-286.597918858	35.2366425802
56.85	2443.81675719	-285.159466707	33.8000240294
56.9	2491.16775025	-285.770899306	34.4549277566
56.95	2523.91258571	-286.239064325	34.9078161421
57.0	2499.4122189	-285.890715809	34.5689556344
57.05	2413.9067601	-284.71576458	33.386343823
57.1	2553.30724021	-286.579992806	35.3143687306
57.15	2523.50659577	-286.213313048	34.9022009626
57.2	2297.97979382	-282.963064786	31.7829771899
57.25	2352.60626265	-283.790400345	32.5385068153
57.3	2559.97532383	-286.715639973	35.4065938886
57.35	2556.84989613	-286.645379321	35.3633666167
57.4	2522.704805	-286.113013281	34.8911115275
57.45	2418.07613386	-284.75140375	33.4440097396
57.5	2616.28440428	-287.505730541	36.1853954361
57.55	2616.77072095	-287.538678808	36.1921216012
57.6	2537.07768658	-286.458707522	35.0899004675
57.65	2599.50995747	-287.285019768	35.9533908459
57.7	2540.09384071	-286.561184737	35.1316163948
57.75	2519.66966103	-286.23265404	34.849132955
57.8	2386.95282116	-284.37641863	33.0135483663
57.85	2217.53535513	-281.868347082	30.6703635077
57.9	2263.13104543	-282.60138212	31.3009899339
57.95	2685.09901744	-288.59794849	37.1371589313
58.0	2404.38156783	-284.58307562	33.2546024694
58.05	2719.10326427	-289.014897314	37.6074660263
58.1	2345.24673255	-283.731122897	32.4367183757
58.15	2596.45074455	-287.257207002	35.9110793797
58.2	2515.35113974	-286.079804583	34.7894042036
58.25	2437.32338274	-285.076727686	33.7102152448
58.3	2180.11422755	-281.47507987	30.152798102
58.35	2773.82420594	-289.782772263	38.3643022899
58.4	2397.61682821	-284.598096659	33.1610404782
58.45	2399.35887039	-284.567327631	33.1851343746
58.5	2243.59029805	-282.216028224	31.0307250996
58.55	2442.5928857	-285.082052663	33.7830968658
58.6	2202.82867997	-281.742390883	30.4669579241
58.65	2313.86023816	-283.213321804	32.0026169802
58.7	2452.26373196	-285.142338994	33.9168527356
58.75	2510.03171424	-286.121559856	34.7158321123
58.8	2443.99771504	-285.159659651	33.8025268273
58.85	2511.8620103	-286.128244978	34.7411466333
58.9	2144.89368067	-280.938206306	29.6656685628
58.95	2524.64552241	-286.277678066	34.9179532679
59.0	2352.81950763	-283.911429057	32.5414561712
59.05	2473.67134189	-285.548721715	34.2129378361
59.1	2131.14576248	-280.805502605	29.4755233877
59.15	2312.52292269	-283.289812077	31.984120792
59.2	2407.45427924	-284.616165134	33.297100631
59.25	2339.32834926	-283.642485076	32.3548621986
59.3	2686.16557463	-288.533117085	37.1519103068
59.35	2427.0774021	-284.87518093	33.5685047869
59.4	2350.86577392	-283.80691796	32.5144344044
59.45	2598.31505389	-287.44511553	35.9368643328
59.5	2171.32251013	-281.322839534	30.0312013173
59.55	2455.94190368	-285.239029394	33.9677249184
59.6	2290.57683282	-282.945409093	31.6805880648
59.65	2584.8323482	-287.136708544	35.7503872677
59.7	2364.63270147	-284.094457467	32.7048424948
59.75	2367.39526956	-284.098851676	32.7430511157
59.8	2399.96439609	-284.423502883	33.1935093
59.85	2645.61344169	-288.014954449	36.5910404854
59.9	2261.97992423	-282.640894833	31.2850689676
59.95	2617.30174462	-287.534311374	36.1994661014
60.0	2633.01553923	-287.753658602	36.4168009871
60.05	2240.74725288	-282.236539316	30.9914034136
60.1	2697.16447436	-288.731230295	37.3040342636
60.15	2516.52024643	-286.137993849	34.8055739241
60.2	2525.84970341	-286.24190314	34.9346080955
60.25	2652.65759131	-288.080017825	36.6884669499
60.3	2306.88823072	-283.289312803	31.9061883023
60.35	2692.61438943	-288.596070321	37.2411027941
60.4	2354.94547518	-283.934051608	32.5708600756
60.45	2508.23597558	-286.069251146	34.6909955488
60.5	2639.45827759	-287.866194186	36.5059094322
60.55	2428.4518327	-284.946893981	33.5875143085
60.6	2459.89343207	-285.377081361	34.0223778517
60.65	2302.58482924	-283.145377805	31.8466686706
60.7	2318.45973492	-283.355676915	32.0662318567
60.75	2677.43046219	-288.432126765	37.0310964161
60.8	2701.74010291	-288.741152769	37.3673190229
60.85	2439.33116241	-285.060996432	33.7379845122
60.9	2375.88972692	-284.187276179	32.8605365458
60.95	2397.71484453	-284.518692569	33.1623961256
61.0	2271.92064265	-282.681814285	31.4225573945
61.05	2533.52877488	-286.296687051	35.0408160587
61.1	2753.66464846	-289.384207026	38.0854787958
61.15	2429.50603781	-284.950944837	33.6020948443
61.2	2644.16768252	-287.952404594	36.5710444303
61.25	2578.87912023	-287.045744145	35.6680491595
61.3	2371.83104267	-284.147819155	32.8044015575
61.35	2241.59972767	-282.348782637	31.003193851
61.4	2315.91566159	-283.396953841	32.0310452006
61.45	2696.63274124	-288.706852095	37.2966799511
61.5	2403.10505755	-284.558614428	33.2369472675
61.55	2343.32915318	-283.702210231	32.4101966536
61.6	2357.81084987	-284.002971173	32.6104905974
61.65	2301.32903888	-283.161912283	31.8293000425
61.7	2175.39113792	-281.288563286	30.0874738331
61.75	2468.83191346	-285.476559364	34.1460045046
61.8	2432.49847753	-285.012783278	33.6434827815
61.85	2645.25036309	-287.995453444	36.5860188056
61.9	2800.01890366	-290.118381068	38.7265968071
61.95	2471.22616806	-285.406110314	34.1791190426
62.0	2428.09453673	-284.831585189	33.5825726072
