# 	 t 	 T	E	K
2.05	2054.36375176	-277.101998601	28.413564139
2.1	2161.88609294	-278.616521899	29.9006877972
2.15	2111.94399652	-277.903168588	29.2099469492
2.2	2276.46842198	-280.275017777	31.4854569756
2.25	2198.50192995	-279.244274777	30.4071153626
2.3	2275.96735599	-280.209356724	31.4785268151
2.35	2111.11109514	-277.851054951	29.1984272283
2.4	2113.77075659	-277.929340239	29.2352125646
2.45	2250.09946987	-279.932665438	31.1207523748
2.5	2359.13186941	-281.450973862	32.6287613995
2.55	2312.99626562	-280.875653837	31.9906675194
2.6	2001.11805537	-276.415375891	27.6771317482
2.65	2388.11015481	-281.874459358	33.029555256
2.7	2110.66383179	-277.920695177	29.1922412032
2.75	2210.25136399	-279.420314767	30.569619835
2.8	2089.47191853	-277.754882319	28.8991393677
2.85	2328.77931617	-281.093803791	32.2089602725
2.9	2173.71254733	-278.828185339	30.0642575252
2.95	2371.28632764	-281.599673652	32.7968676943
3.0	2211.33748562	-279.399959846	30.5846418031
3.05	2319.20773655	-280.862281717	32.0765773431
3.1	2137.53245471	-278.369146589	29.563856668
3.15	2102.91944516	-277.848389794	29.0851298769
3.2	2151.18197985	-278.487219322	29.7526409852
3.25	1985.70269312	-276.157182979	27.4639244309
3.3	2265.60074301	-280.133776549	31.3351479112
3.35	2025.83916371	-276.79157677	28.0190452952
3.4	2107.01964306	-277.862201374	29.1418390336
3.45	2160.7950274	-278.696636784	29.8855974507
3.5	2161.04606262	-278.7528688	29.8890694771
3.55	2104.39535798	-277.930857979	29.1055429822
3.6	2046.26714103	-277.127342904	28.3015812596
3.65	2069.23128104	-277.464452542	28.6191944693
3.7	2258.32666708	-280.102301257	31.2345413742
3.75	2008.20028803	-276.478525907	27.7750849328
3.8	2315.09476423	-280.8899924	32.0196915054
3.85	2242.87252165	-279.894114209	31.0207976533
3.9	2044.52380813	-277.061578411	28.2774695115
3.95	1996.45358648	-276.393993574	27.6126182529
4.0	2321.76343237	-280.995405782	32.1119247478
4.05	1965.55708245	-275.926466066	27.1852938328
4.1	2206.80876504	-279.307047358	30.5220058202
4.15	2132.90863741	-278.203033882	29.4999054183
4.2	2088.36698265	-277.605947615	28.8838571828
4.25	1962.98289533	-275.909855242	27.149690678
4.3	2079.68987162	-277.531523681	28.7638455001
4.35	2213.07571133	-279.427658633	30.6086829144
4.4	2057.82861172	-277.153736572	28.4614860421
4.45	2219.10291056	-279.409331474	30.6920441068
4.5	2115.57571093	-278.071434371	29.2601765884
4.55	2097.80722164	-277.832700836	29.0144235616
4.6	2058.12730796	-277.173432459	28.4656172604
4.65	2052.020202	-277.122975139	28.3811508912
4.7	2261.59453874	-280.143296243	31.2797387648
4.75	1992.04475004	-276.271254436	27.5516403677
4.8	2040.93663284	-276.936523984	28.2278558855
4.85	2128.57621525	-278.239553714	29.4399844064
4.9	2260.61361933	-280.159869681	31.2661718313
4.95	2106.54263997	-277.848671188	29.135241683
5.0	2098.05550942	-277.774377898	29.0178575888
5.05	2004.10834315	-276.497272885	27.7184899221
5.1	2339.91268375	-281.241272883	32.3629440319
5.15	2320.3399231	-280.989562379	32.0922364274
5.2	1948.00377907	-275.651602712	26.9425170066
5.25	2166.38744066	-278.682417727	29.9629451904
5.3	2125.71332826	-278.216176968	29.4003882916
5.35	2030.11688833	-276.789667102	28.0782097946
5.4	2171.29097446	-278.821684762	30.0307651527
5.45	2243.00601719	-279.855299022	31.022644008
5.5	2093.41157955	-277.688527719	28.9536281655
5.55	2209.98654913	-279.377978284	30.5659572246
5.6	2259.84708778	-280.104669999	31.2555700606
5.65	2147.42150499	-278.412690357	29.7006304815
5.7	2293.55006562	-280.536810085	31.7217103542
5.75	2125.69171281	-278.253398394	29.4000893318
5.8	2083.69963302	-277.571569424	28.8193038446
5.85	2182.31051143	-278.998034378	30.1831745398
5.9	2149.8143761	-278.526459928	29.7337258848
5.95	2053.55136314	-277.214965182	28.4023281268
6.0	2490.22211204	-283.312666038	34.4418487915
6.05	2142.48717672	-278.413071312	29.632384606
6.1	2165.42561844	-278.765565038	29.9496423869
6.15	2127.93357737	-278.142643202	29.4310961885
6.2	2163.16123786	-278.634524989	29.9183241149
6.25	2116.48265424	-278.05202514	29.2727203708
6.3	2179.16944241	-278.958029774	30.1397309355
6.35	2069.34364298	-277.384694679	28.6207485287
6.4	2101.1094926	-277.851238917	29.0600967233
6.45	1881.33876551	-274.703726993	26.0204842669
6.5	2038.98684126	-276.879252696	28.2008886416
6.55	2135.87308773	-278.266130874	29.5409062388
6.6	2134.03652348	-278.283284259	29.5155050233
6.65	2033.44115422	-276.888923592	28.1241871645
6.7	2265.49834179	-280.133301893	31.333731617
6.75	2229.13021053	-279.640048648	30.8307300286
6.8	1931.6077372	-275.396163287	26.7157460723
6.85	2024.95084834	-276.783522694	28.0067591527
6.9	1975.27334566	-276.080097069	27.319677857
6.95	2197.22659363	-279.101689087	30.3894763975
7.0	2143.67555018	-278.398198881	29.6488208021
7.05	2089.72482123	-277.676628183	28.9026372228
7.1	2046.63166698	-277.03798175	28.3066229576
7.15	2150.4619672	-278.389599919	29.7426826097
7.2	2216.51215007	-279.414216596	30.6562117283
7.25	2025.48177981	-276.784103722	28.0141023779
7.3	2025.23788801	-276.736300055	28.0107291508
7.35	1970.60967751	-275.961126873	27.2551754367
7.4	2168.11773173	-278.759701443	29.986876559
7.45	2165.95425205	-278.720342255	29.9569538306
7.5	1986.04799256	-276.222376735	27.4687002102
7.55	2086.05163132	-277.519040902	28.8518339428
7.6	2337.17601344	-281.179769014	32.325093599
7.65	2045.53702673	-277.111373664	28.2914831699
7.7	2236.79658529	-279.694171947	30.9367623858
7.75	2230.93428801	-279.720496529	30.8556819248
7.8	2510.28035767	-283.63883792	34.7192710583
7.85	2151.08090847	-278.491025259	29.7512430837
7.9	2034.50127572	-276.9173274	28.1388495291
7.95	2178.52928089	-279.086490633	30.1308769677
8.0	2231.2792185	-279.672095361	30.8604526013
8.05	1915.89113976	-275.210565055	26.4983724213
8.1	2452.6444642	-282.850796871	33.9221185801
8.15	2119.70739069	-278.154988149	29.3173211657
8.2	2122.64606168	-278.124938227	29.3579654365
8.25	2120.41423668	-278.084153227	29.3270974352
8.3	2302.49747163	-280.605947197	31.845460442
8.35	2295.06779501	-280.523583791	31.7427018176
8.4	2304.39707277	-280.7591229	31.8717335101
8.45	2203.2214403	-279.389683443	30.472390127
8.5	2154.07229161	-278.516687369	29.7926164076
8.55	2124.4329271	-278.161377959	29.3826792755
8.6	2353.84256734	-281.383221584	32.5556059403
8.65	2258.44981126	-280.088373875	31.236244561
8.7	2119.58984665	-278.096531837	29.3156954336
8.75	2224.29550716	-279.563843386	30.7638620487
8.8	2109.61961005	-277.94374909	29.1777987456
8.85	2241.19332574	-279.792914866	30.9975729733
8.9	2123.22336903	-278.200913806	29.3659500785
8.95	2202.70799348	-279.360553566	30.4652887293
9.0	2109.77779283	-278.012311854	29.1799865454
9.05	1963.23450711	-275.92447404	27.1531706788
9.1	2195.37092893	-279.195105629	30.363811007
9.15	1854.24345036	-274.377652146	25.6457334594
9.2	2127.17909716	-278.20904448	29.4206610978
9.25	2148.75471839	-278.529581148	29.7190699348
9.3	2165.42887131	-278.751860346	29.9496873768
9.35	2210.57352579	-279.390277676	30.5740756013
9.4	2278.13507247	-280.327564101	31.508508142
9.45	2195.53941472	-279.175833942	30.366141306
9.5	2253.51541917	-280.022551662	31.1679978027
9.55	2109.80422359	-277.986901811	29.1803521049
9.6	2038.27264308	-276.893594982	28.1910106851
9.65	2344.64816733	-281.272575698	32.4284397196
9.7	2085.16900356	-277.5624942	28.8396264647
9.75	2201.56163633	-279.211561191	30.4494336537
9.8	2315.16721951	-280.890084552	32.0206936225
9.85	2201.11037645	-279.272054464	30.4431923532
9.9	2390.54213347	-281.927184478	33.0631915493
9.95	2045.38015335	-277.008130045	28.2893134803
10.0	2247.55467457	-279.88502886	31.0855557334
10.05	2093.6775807	-277.725713929	28.9573071831
10.1	2271.50072185	-280.223571322	31.4167495396
10.15	2088.95010664	-277.743514006	28.891922274
10.2	2313.96134942	-280.850166931	32.0040154334
10.25	2263.95825586	-280.161467945	31.312430944
10.3	2067.36037623	-277.363197223	28.5933182954
10.35	2228.77851031	-279.642116357	30.8258657212
10.4	2036.58521695	-276.982091237	28.1676721744
10.45	2310.93123216	-280.878102265	31.9621063843
10.5	1950.81767948	-275.69786414	26.9814355962
10.55	2166.50504374	-278.806497379	29.964571739
10.6	2651.83873543	-285.593460557	36.6771414901
10.65	2032.20783348	-276.805730904	28.10712931
10.7	2301.6714335	-280.627854245	31.8340356457
10.75	2153.01505909	-278.546733633	29.777994
10.8	2270.88665885	-280.233816034	31.4082565361
10.85	2376.12588537	-281.671755395	32.8638028141
10.9	1910.49779455	-275.060080967	26.4237779588
10.95	2388.25430356	-281.870122796	33.0315489535
11.0	2174.49387055	-278.912122831	30.075063877
11.05	2360.88746976	-281.486659549	32.6530428166
11.1	2126.69632138	-278.219841538	29.4139839062
11.15	2132.77161537	-278.321719578	29.4980102892
11.2	2238.66960489	-279.792500991	30.962667809
11.25	2192.0641334	-279.16241706	30.3180752668
11.3	2159.59958137	-278.730233953	29.8690634349
11.35	2194.53747515	-279.150367723	30.3522836461
11.4	2023.45183942	-276.77465584	27.9860266092
11.45	2201.18112225	-279.258782898	30.4441708266
11.5	2296.01218875	-280.626288816	31.7557635706
11.55	2185.31466026	-279.032826032	30.2247244238
11.6	2147.32359795	-278.462948026	29.6992763455
11.65	2070.20863045	-277.40792392	28.6327120268
11.7	2026.70538717	-276.7422935	28.0310258881
11.75	2283.06469482	-280.420360349	31.5766889307
11.8	2168.48367288	-278.771965928	29.9919378304
11.85	2179.20217531	-278.930619506	30.1401836588
11.9	2148.3128447	-278.496614244	29.7129584531
11.95	2149.76574906	-278.533061689	29.7330533322
12.0	2072.85073692	-277.51994018	28.669254563
12.05	2038.04723893	-276.945007033	28.1878931578
12.1	1968.03882824	-275.995189467	27.219618447
12.15	2098.94595623	-277.790288104	29.0301732108
12.2	2237.98866245	-279.7477551	30.9532498072
12.25	2177.87679582	-278.88566279	30.1218525551
12.3	2127.74156959	-278.223004566	29.4284405607
12.35	2228.02279962	-279.680372853	30.8154136121
12.4	2328.07688699	-280.991337942	32.1992450911
12.45	2403.09760541	-282.046558565	33.2368441982
12.5	2238.73579175	-279.753505663	30.9635832285
12.55	1992.4645268	-276.249159842	27.5574462305
12.6	2349.27060962	-281.282630638	32.4923719517
12.65	2035.76416166	-276.904992231	28.1563162949
12.7	2183.43371878	-279.048122262	30.1987094344
12.75	2288.14333365	-280.535831948	31.6469307416
12.8	2230.73550444	-279.603993736	30.8529325823
12.85	2097.90669542	-277.858204581	29.0157993671
12.9	1857.36149191	-274.420718968	25.6888585747
12.95	2266.93650031	-280.138431337	31.3536225489
13.0	2130.07411947	-278.210846655	29.4607016711
13.05	2202.95848023	-279.237645397	30.46875317
13.1	2122.9082717	-278.190628541	29.3615920197
13.15	2141.46127174	-278.494706523	29.6181954845
13.2	2279.88439449	-280.38380317	31.5327027245
13.25	2089.96734613	-277.727318229	28.9059915446
13.3	1995.42664615	-276.28511549	27.5984148117
13.35	2049.11402275	-277.090257259	28.3409560082
13.4	2169.21847374	-278.747645924	30.0021007391
13.45	2167.06803009	-278.680768326	29.9723583099
13.5	2156.494485	-278.5347615	29.8261173624
13.55	2074.53039701	-277.422997146	28.6924856629
13.6	2265.3419609	-280.099739856	31.3315687389
13.65	2209.70992087	-279.335191662	30.5621312251
13.7	2177.53784978	-278.954905118	30.1171646486
13.75	2090.50006239	-277.720423936	28.9133594547
13.8	2143.33812008	-278.434988575	29.6441538624
13.85	2144.91655804	-278.494725688	29.6659849759
13.9	2105.07424859	-277.856540773	29.1149326056
13.95	1941.21990365	-275.507532973	26.8486903515
14.0	2162.2117349	-278.63612565	29.9051916971
14.05	2215.63273295	-279.446801373	30.6440486561
14.1	2301.87419162	-280.781271614	31.8368399596
14.15	2263.82660232	-280.178829654	31.3106100658
14.2	2114.28355885	-278.042013322	29.2423050474
14.25	2206.24603313	-279.298570941	30.5142227685
14.3	1964.27492653	-275.928762754	27.1675605471
14.35	2191.60630671	-279.044054265	30.3117431418
14.4	1947.09594583	-275.599438464	26.9299609158
14.45	2113.9799014	-277.96697556	29.2381052116
14.5	2160.97007113	-278.679816109	29.8880184514
14.55	2096.8672277	-277.728400282	29.0014226615
14.6	2373.08036164	-281.676420755	32.8216806808
14.65	2208.26163962	-279.387998791	30.5421002874
14.7	2140.69283095	-278.322410122	29.6075673074
14.75	2243.17394888	-279.854048674	31.0249666433
14.8	2323.75327264	-280.961466554	32.1394458985
14.85	2311.39778108	-280.758454644	31.9685591451
14.9	2366.76435252	-281.546457982	32.7343250068
14.95	2097.01604439	-277.730726038	29.0034809205
15.0	2086.72705074	-277.664902318	28.8611755567
15.05	2096.51674707	-277.796013017	28.996575222
15.1	2004.81050249	-276.49249017	27.7282013715
15.15	2049.0985158	-277.166626934	28.3407415342
15.2	2393.18819923	-281.991630565	33.0997888457
15.25	2085.04292577	-277.583179948	28.8378827037
15.3	2128.1061358	-278.236422035	29.4334828155
15.35	2078.61814882	-277.616280853	28.7490226798
15.4	2146.82340766	-278.545054849	29.6923582966
15.45	2081.29869024	-277.552940543	28.7860968035
15.5	2283.83234167	-280.377488526	31.5873061269
15.55	1955.55637867	-275.74799246	27.0469757584
15.6	2295.48470144	-280.558347031	31.7484679812
15.65	2079.14606672	-277.662687481	28.7563242248
15.7	1989.41594859	-276.30095981	27.5152818512
15.75	2090.30105394	-277.613738962	28.9106070019
15.8	2197.07164161	-279.203175403	30.3873332819
15.85	2183.74496987	-279.079548122	30.2030142965
15.9	2234.68214776	-279.71106018	30.9075179512
15.95	2224.21479378	-279.620959432	30.7627457153
16.0	2337.44354178	-281.146377329	32.3287937391
16.05	2347.93338594	-281.318597965	32.473877033
16.1	2210.44436629	-279.378248789	30.5722892178
16.15	2169.36097098	-278.858659512	30.0040715948
16.2	1880.47178207	-274.72174	26.0084931628
16.25	2278.67870224	-280.362915209	31.5160269951
16.3	2195.2931596	-279.154128266	30.3627353923
16.35	2326.55362359	-280.973682015	32.1781770878
16.4	1956.65485915	-275.764654164	27.0621686597
16.45	2151.98495787	-278.49396377	29.763746841
16.5	2048.47957518	-277.071381633	28.3321810692
16.55	2206.9573573	-279.413403734	30.5240609751
16.6	2055.19760345	-277.263452626	28.4250970034
16.65	2152.27025387	-278.545975719	29.7676927227
16.7	1983.58192636	-276.192051535	27.4345924578
16.75	2231.95676345	-279.629466401	30.8698236131
16.8	2103.01869041	-277.853880712	29.0865025214
16.85	1851.0997652	-274.335913361	25.6022536715
16.9	2303.31982206	-280.717950515	31.8568342344
16.95	2300.51540334	-280.667750593	31.8180467844
17.0	2051.88298283	-277.077421108	28.3792530356
17.05	2279.59638371	-280.35473638	31.5287192953
17.1	2225.13353743	-279.598955523	30.7754527062
17.15	2188.84097858	-279.106578888	30.2734963474
17.2	2207.56287268	-279.29346787	30.5324357578
17.25	2205.64238951	-279.261278284	30.5058738738
17.3	2383.51308497	-281.782387457	32.965973946
17.35	2038.33578645	-276.978867298	28.1918840106
17.4	2282.42592612	-280.451179845	31.5678542268
17.45	2077.25748891	-277.555655407	28.7302036184
17.5	2196.26492375	-279.2016659	30.376175701
17.55	2031.4915877	-276.896590878	28.0972230335
17.6	2318.8924915	-280.907283091	32.0722172411
17.65	1827.00536835	-273.895258347	25.269008067
17.7	2142.16450831	-278.420467167	29.6279218327
17.75	2048.66453648	-277.097819026	28.3347392382
17.8	2216.59768069	-279.458609685	30.6573946882
17.85	2198.3924445	-279.156157351	30.4056010875
17.9	2240.9197262	-279.833917566	30.9937888634
17.95	2042.94527053	-277.148738333	28.25563702
18.0	2193.75472411	-279.194001361	30.3414575463
18.05	2275.46490367	-280.307748944	31.4715774804
18.1	2121.5970606	-278.103991945	29.3434568765
18.15	2144.52148046	-278.418433324	29.6605207234
18.2	2278.6448838	-280.304700587	31.5155592579
18.25	1994.79983292	-276.324241537	27.5897454619
18.3	1913.26923256	-275.274324305	26.4621092579
18.35	2090.87648953	-277.76218451	28.918565756
18.4	2315.85081115	-280.880897841	32.0301482649
18.45	2149.2571171	-278.514331932	29.7260185279
18.5	2175.14055746	-278.863980434	30.0840080963
18.55	2123.81013723	-278.205277974	29.3740655722
18.6	2143.52675812	-278.544152375	29.6467628838
18.65	2050.10550999	-277.192525066	28.3546691037
18.7	1920.47455767	-275.330905553	26.5617649138
18.75	2081.44166834	-277.555252966	28.7880743098
18.8	2080.06876732	-277.590886111	28.7690859436
18.85	2224.03852876	-279.575864162	30.7603078231
18.9	2200.4321771	-279.184200585	30.4338122905
18.95	2139.16735722	-278.413961036	29.5864687334
19.0	2004.97105785	-276.50132541	27.730421986
19.05	2297.92720786	-280.567936365	31.7822498822
19.1	2295.72508456	-280.622191922	31.7517926802
19.15	2297.2883111	-280.645664644	31.7734134071
19.2	1889.09791163	-274.821522252	26.1277997293
19.25	2208.48484746	-279.310510978	30.545187438
19.3	2384.79077422	-281.859210246	32.983645454
19.35	2021.18231104	-276.699608936	27.9546371388
19.4	2256.89928009	-280.058570058	31.2147994216
19.45	2063.63383764	-277.352305993	28.5417771585
19.5	2185.77889004	-279.082119435	30.2311451089
19.55	2076.29428729	-277.50250031	28.7168817366
19.6	2316.90384125	-280.807339911	32.0447125495
19.65	2125.77657632	-278.176457967	29.4012630649
19.7	2210.86832159	-279.397557812	30.5781528732
19.75	2285.04115635	-280.441014109	31.6040250421
19.8	2189.78510515	-279.074040158	30.2865544053
19.85	2213.84183204	-279.365224117	30.6192790028
19.9	2170.51218558	-278.786243721	30.0199938529
19.95	2303.73746119	-280.645962478	31.8626105318
20.0	2250.32731279	-279.884037332	31.1239036324
20.05	2264.87783071	-280.095442223	31.3251494312
20.1	2159.78970621	-278.599322846	29.8716930202
20.15	2227.66442512	-279.597726828	30.8104569939
20.2	2084.0169679	-277.593685893	28.8236928507
20.25	2212.95007578	-279.44669064	30.6069452699
20.3	2079.99537901	-277.582132683	28.768070922
20.35	2166.901587	-278.787049119	29.9700562631
20.4	2297.08665046	-280.467103749	31.7706242723
20.45	2182.13241658	-279.001363465	30.1807113395
20.5	2259.25695871	-280.13706679	31.2474080834
20.55	2067.37273498	-277.400229543	28.5934892272
20.6	2247.2644974	-280.00019559	31.0815423411
20.65	2324.04960338	-280.934807155	32.1435443997
20.7	2193.47850978	-279.10523261	30.3376372719
20.75	2369.02332335	-281.601686523	32.7655684574
20.8	2233.40430587	-279.673681617	30.889844332
20.85	2184.75871142	-279.039647942	30.2170351876
20.9	2056.31141944	-277.275374025	28.4405020075
20.95	2120.87595797	-278.131008773	29.3334834258
21.0	2126.51392203	-278.188902004	29.411461171
21.05	1881.61114396	-274.771815426	26.0242514881
21.1	2151.82698015	-278.598990707	29.7615618774
21.15	2192.38312041	-279.099204308	30.3224871232
21.2	2315.21595881	-280.84196388	32.0213677276
21.25	2229.91056307	-279.602666326	30.8415229551
21.3	2065.9504315	-277.343877676	28.5738175838
21.35	2002.78323512	-276.431802122	27.7001625729
21.4	2209.99521654	-279.368011505	30.5660771022
21.45	2253.95248637	-280.083665049	31.1740428067
21.5	2126.18399182	-278.104569571	29.406897961
21.55	2059.30728937	-277.262563836	28.4819373874
21.6	2303.28812874	-280.755043371	31.8563958893
21.65	2127.96742594	-278.211661786	29.4315643425
21.7	2079.87995069	-277.437568441	28.7664744522
21.75	2079.3684874	-277.498870804	28.7594004882
21.8	2162.88952471	-278.702140373	29.9145660953
21.85	2317.51402818	-280.856405796	32.0531519436
21.9	2186.43409878	-279.033199845	30.2402071922
21.95	2126.58695113	-278.159766725	29.4124712245
22.0	2000.84987421	-276.359472096	27.673422579
22.05	2240.69221453	-279.812323846	30.9906421873
22.1	2135.44720303	-278.396332129	29.5350158982
22.15	2407.94139599	-282.178676471	33.3038378619
22.2	2271.04183453	-280.224104886	31.4104027451
22.25	2048.93728555	-277.033886676	28.3385115854
22.3	2271.42336511	-280.187490584	31.4156796314
22.35	2106.91488078	-277.987448134	29.1403900839
22.4	2260.29437361	-279.993096808	31.2617563966
22.45	2097.11248783	-277.798721863	29.0048148137
22.5	2357.42564961	-281.526413269	32.6051629566
22.55	2244.37759462	-279.927874809	31.0416140678
22.6	2271.1731555	-280.253052513	31.4122190237
22.65	2165.49883429	-278.813358923	29.9506550232
22.7	2280.18848651	-280.424807349	31.5369085709
22.75	2063.74094662	-277.382927394	28.5432585651
22.8	2085.39630108	-277.652817392	28.842770179
22.85	2143.43543191	-278.458049155	29.6454997662
22.9	2044.53419053	-277.030372184	28.2776131088
22.95	2192.71782295	-279.159423757	30.3271163385
23.0	2223.30854449	-279.479870295	30.7502115317
23.05	1976.0244013	-276.045276974	27.3300655829
23.1	1996.26551885	-276.386698852	27.6100171208
23.15	2416.24137401	-282.23984507	33.4186334806
23.2	2221.55614287	-279.522647448	30.7259743558
23.25	2261.15978489	-280.125615558	31.2737257565
23.3	2183.22088272	-278.983973634	30.1957657341
23.35	2129.92467391	-278.207911911	29.4586347143
23.4	1991.68410209	-276.253884933	27.5466523059
23.45	2352.5620777	-281.338249337	32.5378957006
23.5	2181.68890067	-278.983405458	30.1745771446
23.55	2086.94637831	-277.658831955	28.86420904
23.6	2171.96644572	-278.855223706	30.0401074835
23.65	1893.63507856	-274.924215907	26.1905525322
23.7	2199.58350091	-279.234008127	30.422074391
23.75	2001.52357336	-276.375942963	27.6827404002
23.8	2297.33468164	-280.576843649	31.7740547504
23.85	2180.97832949	-278.919900074	30.1647493526
23.9	2309.95465065	-280.783236052	31.9485994475
23.95	2116.62183558	-278.091926007	29.274645365
24.0	2181.53975364	-279.008403874	30.1725143168
24.05	2097.67820315	-277.743706152	29.0126391283
24.1	2141.06048228	-278.487470927	29.6126522319
24.15	2172.29778586	-278.924642765	30.0446901941
24.2	2221.19671327	-279.497992857	30.7210031446
24.25	2236.33719098	-279.733257971	30.9304085793
24.3	2348.79201372	-281.363122272	32.4857525713
24.35	2085.7516778	-277.663733582	28.8476853354
24.4	2031.3078384	-276.916667466	28.0946816274
24.45	2299.3625961	-280.639180453	31.8021024987
24.5	2398.56525412	-281.974055863	33.1741579996
24.55	2190.33261053	-279.114611844	30.2941268613
24.6	1964.41682482	-276.039096841	27.1695231188
24.65	2471.17794125	-283.026577343	34.1784520256
24.7	2237.11843965	-279.763548403	30.9412139
24.75	2081.92675089	-277.568089694	28.7947834061
24.8	1983.01711304	-276.088559793	27.4267806185
24.85	2201.4220679	-279.196380257	30.447503306
24.9	2431.76770492	-282.423967647	33.6333755869
24.95	2232.88392932	-279.710297142	30.8826470903
25.0	2023.51989762	-276.701218963	27.9869679108
25.05	1986.038954	-276.196859495	27.4685751993
25.1	2127.58155102	-278.241800538	29.4262273704
25.15	1957.92753944	-275.796559736	27.0797708896
25.2	2181.87348522	-278.949645535	30.1771301029
25.25	2021.7859132	-276.756504572	27.9629854601
25.3	2018.99251796	-276.678006915	27.924350474
25.35	2345.80198707	-281.231040112	32.4443980088
25.4	2230.04890959	-279.665867068	30.8434364029
25.45	2271.72970205	-280.212072559	31.4199165267
25.5	2197.89719731	-279.127559125	30.3987514058
25.55	2031.20038398	-276.8474018	28.0931954431
25.6	1945.77785353	-275.639855472	26.9117305998
25.65	2166.2591467	-278.735733133	29.961170778
25.7	2026.6491999	-276.884816825	28.0302487713
25.75	2205.42802773	-279.437054415	30.5029090716
25.8	2271.76603697	-280.353037304	31.420419069
25.85	1959.33480527	-275.804829761	27.0992345498
25.9	2145.66697626	-278.532898721	29.6763638858
25.95	2228.7826222	-279.665716583	30.8259225922
26.0	2201.30048101	-279.162805181	30.4458216579
26.05	2158.82436156	-278.646489917	29.8583414985
26.1	2226.38801905	-279.616436888	30.7928032333
26.15	1979.21775051	-276.121029956	27.3742322659
26.2	2034.99092401	-276.942687811	28.1456217733
26.25	2183.48289364	-279.039176279	30.1993895637
26.3	2198.00585745	-279.234294206	30.4002542662
26.35	2175.03356439	-278.917130171	30.082528293
26.4	2035.3846949	-276.990626779	28.1510679531
26.45	2006.64143778	-276.603476091	27.7535247337
26.5	2093.36255018	-277.684798962	28.9529500484
26.55	2170.95252059	-278.796241035	30.0260840534
26.6	2122.41686815	-278.148475685	29.3547954988
26.65	2249.80968574	-279.93872537	31.1167444186
26.7	2091.37106063	-277.624260645	28.9254060868
26.75	2067.86273419	-277.315882618	28.6002663249
26.8	2143.15997703	-278.396479958	29.6416899954
26.85	2265.54527925	-280.178046573	31.3343808012
26.9	2076.67496823	-277.525114683	28.7221468716
26.95	2294.29329664	-280.620611966	31.7319898592
27.0	2222.25289945	-279.600123098	30.7356110804
27.05	2113.13956734	-278.040045642	29.2264826907
27.1	1906.72208961	-275.073286285	26.3715568103
27.15	2108.04866078	-277.925377593	29.1560712069
27.2	2108.98295451	-278.026569285	29.1689932685
27.25	2244.83866668	-279.868885815	31.0479910789
27.3	2101.90222908	-277.774005261	29.0710609301
27.35	2127.14171176	-278.164948088	29.4201440267
27.4	2163.99796197	-278.686418991	29.9298967071
27.45	2111.72028764	-278.036231545	29.2068528688
27.5	2073.17192681	-277.53718338	28.6736968871
27.55	2088.56539758	-277.679709428	28.8866014267
27.6	2167.66625518	-278.799656245	29.9806322619
27.65	2149.78527094	-278.571283221	29.7333233361
27.7	2310.80159922	-280.763741965	31.9603134527
27.75	2100.42011785	-277.833537748	29.0505620956
27.8	2148.63211087	-278.513754052	29.7173741706
27.85	2019.8372437	-276.722193709	27.9360337355
27.9	2246.2394843	-279.971989034	31.0673655549
27.95	2244.10778383	-279.91758139	31.0378823594
28.0	2133.19302284	-278.27278998	29.503838706
28.05	2038.89795916	-276.993235225	28.199659328
28.1	2294.4795893	-280.650739182	31.734566442
28.15	2291.47534703	-280.51518306	31.6930152657
28.2	1865.29191289	-274.446434194	25.7985429111
28.25	2176.40017427	-278.881274508	30.1014296474
28.3	2140.79816502	-278.379860425	29.6090241655
28.35	2192.20259273	-279.13918555	30.3199902747
28.4	2177.71115865	-278.988660417	30.1195616548
28.45	2221.98302094	-279.63418574	30.7318784355
28.5	2000.73084353	-276.355886258	27.6717762854
28.55	2022.1916305	-276.681880705	27.9685968687
28.6	2408.04699283	-282.167563297	33.3052983543
28.65	2252.12521871	-279.974438958	31.1487701709
28.7	2072.02793318	-277.401513487	28.6578745009
28.75	2194.80946645	-279.165246896	30.3560455127
28.8	2241.24395384	-279.856134001	30.9982732022
28.85	1890.15263527	-274.87223084	26.1423874369
28.9	2235.65313054	-279.656004642	30.9209474529
28.95	2165.15178982	-278.685786827	29.9458551087
29.0	1980.22910963	-276.155014013	27.388220206
29.05	2287.09161123	-280.468686329	31.6323845433
29.1	2008.67995559	-276.443993568	27.7817191352
29.15	2036.26030609	-276.940535458	28.1631783862
29.2	2098.44755271	-277.789496975	29.0232798744
29.25	2258.38121842	-280.038350344	31.2352958647
29.3	2130.25823494	-278.172805763	29.4632481416
29.35	2132.43158784	-278.258845503	29.4933074249
29.4	2187.55867728	-279.0976935	30.2557610508
29.45	1954.55774193	-275.76183504	27.0331637793
29.5	2252.60701503	-279.953884223	31.1554338158
29.55	2223.59915961	-279.633441124	30.7542309812
29.6	1911.47727472	-275.177087717	26.4373249863
29.65	2107.239118	-277.889810461	29.1448745551
29.7	2302.18881264	-280.665413831	31.8411914308
29.75	2129.03842933	-278.173357764	29.4463772125
29.8	2045.50323013	-277.098128538	28.2910157347
29.85	2235.36380853	-279.713100017	30.9169458882
29.9	2188.85507091	-279.010628409	30.273691256
29.95	2197.93653192	-279.21472636	30.3992954362
30.0	2247.61155407	-279.978203917	31.0863424243
30.05	2214.01432524	-279.503099342	30.6216647275
30.1	2116.13130703	-278.158426549	29.267860946
30.15	2208.16386719	-279.392481915	30.5407480131
30.2	2060.08523791	-277.328589926	28.4926970646
30.25	2212.11837077	-279.481766117	30.595442096
30.3	2091.08088092	-277.626943721	28.9213926594
30.35	2335.88896445	-281.107508986	32.307292638
30.4	2212.21385206	-279.388174913	30.5967626819
30.45	2105.10895572	-277.87651959	29.115412634
30.5	2168.029084	-278.691189137	29.985650487
30.55	2211.23465186	-279.330727112	30.5832195264
30.6	2174.75716301	-278.927398517	30.0787054313
30.65	2245.23479831	-279.825726927	31.0534699097
30.7	2112.72602577	-277.920341101	29.220763066
30.75	2138.61287394	-278.280152116	29.5787997672
30.8	2200.41970434	-279.26614584	30.4336397818
30.85	2192.87286817	-279.136254215	30.3292607431
30.9	2142.25986245	-278.380201655	29.62924066
30.95	2227.35238736	-279.525171692	30.8061412515
31.0	2260.29746033	-280.081876518	31.2617990885
31.05	2112.01853299	-278.03296948	29.2109778506
31.1	2123.69668004	-278.098985986	29.3724963646
31.15	2152.23367398	-278.53922689	29.7671867922
31.2	2404.48856567	-282.100691909	33.2560823387
31.25	2126.81146768	-278.197122946	29.4155764756
31.3	2350.93314599	-281.392665814	32.5153662163
31.35	2139.88599522	-278.393178225	29.5964080963
31.4	2269.43779479	-280.203193115	31.3882175377
31.45	2126.30012026	-278.191583892	29.4085041143
31.5	2234.44089035	-279.80597772	30.90418116
31.55	2021.46397171	-276.792045574	27.9585327406
31.6	2058.21791111	-277.218979436	28.4668703775
31.65	2245.56854113	-279.889587116	31.0580858513
31.7	2319.54343711	-281.010057055	32.0812203618
31.75	2091.13885022	-277.731312482	28.9221944232
31.8	2182.4589806	-279.037560886	30.1852279924
31.85	1977.41584794	-276.147258553	27.3493104504
31.9	2098.76677555	-277.828961806	29.0276949926
31.95	2352.40811752	-281.467714072	32.5357663028
32.0	2190.75648561	-279.174564923	30.2999894072
32.05	2071.32725487	-277.388553518	28.6481835356
32.1	1904.56182605	-275.020720337	26.3416785635
32.15	2364.97455082	-281.532797477	32.7095705565
32.2	1874.39237564	-274.628240808	25.9244099012
32.25	1957.61185614	-275.959182724	27.0754047262
32.3	2216.79755389	-279.544160071	30.6601591012
32.35	2009.44339785	-276.542883919	27.7922781784
32.4	2255.27917388	-280.028296104	31.1923920014
32.45	2031.53465514	-276.861353583	28.097818692
32.5	2035.76275823	-276.889838513	28.1562968843
32.55	2229.27339493	-279.633003746	30.8327103884
32.6	2108.89284935	-277.954264942	29.167747039
32.65	2102.18559354	-277.833546319	29.0749800969
32.7	2032.12186108	-276.908276705	28.10594024
32.75	2117.92233373	-278.096980021	29.2926323391
32.8	2128.53349858	-278.215295128	29.4393935992
32.85	2293.65943763	-280.580303537	31.7232230604
32.9	2283.30240048	-280.410076183	31.5799765983
32.95	1986.96737179	-276.279965343	27.4814159918
33.0	2280.54753124	-280.399972759	31.5418744589
33.05	2173.34480479	-278.818706912	30.0591713392
33.1	2252.73530829	-279.925996231	31.1572082186
33.15	2059.92152865	-277.347975477	28.4904328288
33.2	2073.55633457	-277.536502666	28.6790135669
33.25	2183.82762195	-279.00167197	30.2041574438
33.3	2129.12078354	-278.212935041	29.44751624
33.35	2047.45159191	-277.046765345	28.3179632032
33.4	2105.51337669	-277.870554318	29.1210061135
33.45	1968.61703215	-275.967276895	27.2276154893
33.5	2177.14602751	-278.902369647	30.1117454198
33.55	2047.94847219	-276.980395968	28.3248354718
33.6	2033.24662861	-276.848227341	28.1214967131
33.65	2562.22086693	-284.370999934	35.4376516226
33.7	2067.42455616	-277.376423425	28.5942059572
33.75	2134.0119641	-278.317682231	29.5151653466
33.8	2142.22769179	-278.418667418	29.628795713
33.85	2219.62004567	-279.572852871	30.6991965167
33.9	1978.75796395	-276.099400848	27.3678730343
33.95	2153.54306005	-278.657154267	29.7852966937
34.0	2205.03010208	-279.343007044	30.4974054279
34.05	2020.1561692	-276.779816416	27.9404447412
34.1	2085.03963842	-277.624556144	28.8378372369
34.15	2047.07905022	-277.103694125	28.3128106409
34.2	2059.74566911	-277.286436167	28.4880005447
34.25	2166.99862132	-278.778308361	29.9713983287
34.3	2085.29550418	-277.706427555	28.8413760738
34.35	2207.79756579	-279.397357091	30.5356817593
34.4	1924.70642607	-275.37378251	26.6202951834
34.45	2071.65078019	-277.471636618	28.6526581605
34.5	2079.3524275	-277.513227936	28.7591783665
34.55	2002.74500434	-276.432193519	27.6996338094
34.6	2316.63380474	-280.910244372	32.0409777194
34.65	2062.17446942	-277.348954625	28.5215928789
34.7	2087.8816007	-277.65649336	28.8771439456
34.75	2220.76142628	-279.518100345	30.7149827625
34.8	2195.12790219	-279.171618357	30.3604497444
34.85	1976.24702304	-276.049138957	27.3331446271
34.9	2207.09583258	-279.357200026	30.5259762037
34.95	2184.91521113	-279.100403217	30.2191997092
35.0	2062.12953439	-277.302296738	28.5209713899
35.05	2219.42468407	-279.535007102	30.6964945028
35.1	2056.78108432	-277.306332655	28.4469978645
35.15	2101.98614379	-277.911598928	29.0722215405
35.2	1940.38035491	-275.615665156	26.8370786922
35.25	2254.19209181	-280.073299759	31.1773567497
35.3	2148.33544093	-278.488166364	29.7132709778
35.35	1924.65606986	-275.386886472	26.619598715
35.4	2125.55641796	-278.168863977	29.3982180912
35.45	2187.6437559	-278.994384107	30.2569377591
35.5	2155.27900063	-278.588849106	29.8093061998
35.55	2006.87226902	-276.529019559	27.7567173223
35.6	2021.49706908	-276.772343475	27.9589905049
35.65	2072.96976341	-277.433805384	28.6709007986
35.7	2066.34506428	-277.344581108	28.5792756843
35.75	2201.71094802	-279.328401612	30.451498759
35.8	2053.66228254	-277.09130524	28.4038622347
35.85	2304.94032375	-280.701482266	31.8792471243
35.9	2135.27222351	-278.34990062	29.5325957854
35.95	2177.82264898	-278.913894361	30.1211036591
36.0	1942.95796269	-275.613256076	26.8727291577
36.05	2057.40446492	-277.23022658	28.4556197382
36.1	2229.53358132	-279.667456964	30.836308983
36.15	1986.259483	-276.243807969	27.4716252994
36.2	2216.51031247	-279.479928679	30.6561863128
36.25	2117.37717921	-278.032181799	29.2850923973
36.3	2088.38841849	-277.70764015	28.8841536583
36.35	2089.33849272	-277.676551096	28.8972939773
36.4	2050.21877506	-277.164184482	28.3562356541
36.45	2164.91440325	-278.796630452	29.9425718544
36.5	2016.14145926	-276.735021766	27.8849179542
36.55	1952.25968986	-275.787391883	27.0013798025
36.6	2158.8275584	-278.661033849	29.8583857135
36.65	1981.64946623	-276.190146491	27.4078649225
36.7	2178.44112634	-278.939186445	30.1296577168
36.75	1995.37259338	-276.325668652	27.5976672168
36.8	1919.52510726	-275.261395542	26.5486332228
36.85	2253.0779594	-279.988049504	31.1619473693
36.9	2304.73240939	-280.804973333	31.8763714952
36.95	2404.61339453	-282.227185588	33.257808826
37.0	2224.73590771	-279.668733805	30.7699531555
37.05	1947.39723525	-275.721172184	26.9341279997
37.1	1948.73769912	-275.746467592	26.952667733
37.15	2270.71195096	-280.303131873	31.4058401803
37.2	2039.94284967	-276.932806511	28.2141110353
37.25	2078.63723222	-277.452191945	28.7492866192
37.3	2148.55496451	-278.581336681	29.716307172
37.35	2291.37703788	-280.567577653	31.6916555681
37.4	1971.8987191	-276.02008062	27.273003957
37.45	2169.43445563	-278.78610469	30.0050879489
37.5	2067.7411012	-277.464340067	28.5985840393
37.55	2116.96523645	-278.138697096	29.2793948853
37.6	2215.99257842	-279.394129299	30.649025619
37.65	2206.36543254	-279.209798735	30.515874162
37.7	2264.58667229	-280.048277696	31.3211224674
37.75	2150.04001772	-278.505140254	29.7368466966
37.8	2103.55562142	-277.851052526	29.0939287251
37.85	2112.5112764	-277.971028401	29.217792903
37.9	2245.88073446	-279.87079924	31.0624037454
37.95	1987.85106454	-276.269694075	27.4936381995
38.0	2335.4629489	-281.194764998	32.3014004876
38.05	2187.7325919	-279.094021676	30.2581664351
38.1	2234.80255457	-279.725803295	30.9091832777
38.15	1916.48057012	-275.222741355	26.5065247349
38.2	2360.07245764	-281.444846147	32.6417705193
38.25	2122.71626206	-278.090793145	29.3589363662
38.3	2055.74798583	-277.133233194	28.4327092507
38.35	2076.07707769	-277.455158589	28.7138775467
38.4	2084.10961198	-277.667554319	28.8249741955
38.45	2192.09796537	-279.181848104	30.3185431912
38.5	2028.73639211	-276.789282133	28.0591163805
38.55	2224.54971709	-279.598251696	30.7673779839
38.6	2060.55201562	-277.289436029	28.4991529896
38.65	2161.67866994	-278.672263638	29.897818964
38.7	2128.62950502	-278.198642263	29.4407214483
38.75	2331.1011799	-281.079104963	32.2410735844
38.8	2133.17003379	-278.192012698	29.5035207483
38.85	2055.95641869	-277.125643147	28.435592051
38.9	2517.34807995	-283.684822956	34.8170235523
38.95	2036.56735535	-276.902546315	28.1674251335
39.0	2220.72969859	-279.496683057	30.714543942
39.05	1947.33267747	-275.672282294	26.9332351118
39.1	2102.84067673	-277.91666697	29.0840404438
39.15	2179.30573133	-278.934881793	30.1416159249
39.2	2306.88490535	-280.713276558	31.9061423097
39.25	2102.04087886	-277.884423726	29.0729785722
39.3	2270.32783661	-280.215055737	31.4005275585
39.35	2222.86029588	-279.558426959	30.7440118796
39.4	2089.74379577	-277.732541577	28.9028996566
39.45	2069.81165058	-277.435941225	28.6272214641
39.5	2206.20690385	-279.30780153	30.5136815779
39.55	1913.94962825	-275.205418106	26.4715196977
39.6	2010.92306934	-276.610603347	27.8127432693
39.65	2130.73532566	-278.284138786	29.4698467042
39.7	2233.63318325	-279.711302328	30.893009897
39.75	2260.74636825	-280.113962541	31.2680078595
39.8	2013.30009616	-276.552693791	27.8456195327
39.85	2234.91227253	-279.744343472	30.9107007687
39.9	2124.01064955	-278.142192657	29.3768388248
39.95	2034.24084826	-276.884742809	28.1352476001
40.0	2093.59150453	-277.700742983	28.956116678
40.05	2202.86214467	-279.286895245	30.4674207687
40.1	2327.51041281	-281.035360857	32.1914102807
40.15	2058.50396551	-277.172000774	28.4708267484
40.2	2196.9840599	-279.200195212	30.3861219537
40.25	2070.09851027	-277.362233648	28.6311889729
40.3	2243.33716521	-279.857613113	31.0272240612
40.35	2122.82406462	-278.151122631	29.3604273655
40.4	2143.26751234	-278.39633102	29.6431772985
40.45	2367.6127778	-281.575968292	32.746059436
40.5	2141.56360133	-278.365878435	29.619610788
40.55	2213.14109262	-279.449393867	30.6095871922
40.6	2095.09368783	-277.858454899	28.9768931258
40.65	2210.29671502	-279.324886397	30.5702470775
40.7	2006.44373965	-276.420999358	27.7507904037
40.75	2285.94466327	-280.43987044	31.6165212965
40.8	1968.00740369	-275.951530542	27.2191838192
40.85	2332.37890204	-281.095169949	32.2587455473
40.9	2081.449554	-277.602945972	28.7881833751
40.95	2018.03043097	-276.712202262	27.9110440085
41.0	2249.826356	-279.972593325	31.1169749822
41.05	2422.67422306	-282.330135052	33.5076051483
41.1	2130.22182243	-278.27670858	29.4627445262
41.15	2064.78863216	-277.383340684	28.5577489299
41.2	1954.5273243	-275.724103523	27.0327430782
41.25	2012.29363203	-276.574139302	27.8316992943
41.3	2017.03030968	-276.673280111	27.8972114969
41.35	2245.68372102	-279.946653335	31.0596788853
41.4	2393.11025183	-281.941737903	33.0987107682
41.45	2036.15494068	-276.87569712	28.1617210946
41.5	2212.54165185	-279.453298032	30.6012964263
41.55	2073.28504542	-277.521410513	28.6752614117
41.6	2248.17371213	-279.906580687	31.0941175391
41.65	2170.67609683	-278.806032456	30.0222608822
41.7	2174.60592543	-278.870071469	30.0766136895
41.75	2075.85325671	-277.446407854	28.7107819159
41.8	2110.96236852	-277.90542059	29.1963702152
41.85	2131.32643136	-278.264498456	29.478022189
41.9	2244.81640413	-279.860544025	31.0476831693
41.95	2112.5002741	-277.952766238	29.217640732
42.0	2209.17646174	-279.380240695	30.5547530403
42.05	2311.42029568	-280.868261883	31.9688705407
42.1	2085.20233246	-277.597392093	28.8400874311
42.15	2102.81895332	-277.827497973	29.0837399909
42.2	2423.27044896	-282.316454668	33.5158514497
42.25	2414.71279087	-282.212074721	33.3974919008
42.3	2275.05343487	-280.288833467	31.4658865238
42.35	2176.26518828	-278.968677566	30.0995626785
42.4	2292.90970168	-280.578470865	31.7128535868
42.45	2242.50833358	-279.947449763	31.0157606285
42.5	1979.67616432	-276.185630266	27.3805725111
42.55	2159.21546167	-278.640063097	29.8637507392
42.6	2246.37101191	-279.836583823	31.0691846914
42.65	2397.17167139	-281.991004543	33.1548835881
42.7	2026.0136023	-276.850549067	28.0214579264
42.75	2283.87572761	-280.429456147	31.5879061907
42.8	2200.47963642	-279.283867544	30.4344686925
42.85	1969.86833684	-275.969761969	27.2449220768
42.9	2106.49316821	-277.89430516	29.1345574474
42.95	2218.58216657	-279.502670683	30.684841783
43.0	2171.25352349	-278.785959755	30.0302471745
43.05	2281.63431118	-280.479448672	31.556905532
43.1	1980.54437185	-276.21371092	27.3925805455
43.15	2211.03235341	-279.406636402	30.58042157
43.2	2200.20967445	-279.233121108	30.4307348934
43.25	2081.51355757	-277.646592599	28.7890685979
43.3	2011.14981225	-276.584735816	27.8158793128
43.35	2245.93339781	-279.910415057	31.0631321235
43.4	2053.45147205	-277.142718496	28.4009465497
43.45	2078.60815453	-277.46681847	28.7488844505
43.5	2112.85298153	-277.82583963	29.22251897
43.55	2276.52999968	-280.219298214	31.4863086467
43.6	2198.9479674	-279.180403693	30.4132844326
43.65	2419.75720356	-282.323063519	33.4672603356
43.7	2102.41380739	-277.921170605	29.0781364847
43.75	2023.54319064	-276.72280713	27.9872900727
43.8	2195.99954849	-279.115164096	30.3725053399
43.85	2105.54565732	-277.897113066	29.1214525814
43.9	2232.09388546	-279.714744073	30.8717201247
43.95	2137.0128218	-278.404085738	29.5566697115
44.0	1949.96050482	-275.702510672	26.9695801558
44.05	2006.11022705	-276.514607962	27.7461776462
44.1	2237.97119342	-279.776963106	30.9530081958
44.15	2161.28605873	-278.712494483	29.8923888234
44.2	1925.05574909	-275.414875749	26.6251266121
44.25	1959.89651653	-275.8252658	27.107003485
44.3	2138.52289583	-278.400027864	29.5775552949
44.35	2083.19883747	-277.662096816	28.8123774245
44.4	1876.85176716	-274.643633984	25.9584253372
44.45	2051.97797364	-277.186983187	28.3805668378
44.5	2175.82344463	-278.883350197	30.0934529955
44.55	2094.44586465	-277.782636857	28.967933191
44.6	1929.51553232	-275.476372692	26.6868091339
44.65	2109.64805676	-278.007405531	29.1781921874
44.7	2272.72767224	-280.289283591	31.4337192867
44.75	2074.51372516	-277.502301959	28.6922550773
44.8	2064.15387308	-277.318400323	28.5489696823
44.85	2075.4739804	-277.54419079	28.7055362083
44.9	1870.25411869	-274.569626144	25.8671743561
44.95	2128.87434704	-278.269711136	29.4441078177
45.0	2097.2458751	-277.83460582	29.0066596709
45.05	2098.83958982	-277.77293029	29.0287020746
45.1	2222.06329464	-279.505020206	30.7329886876
45.15	2146.42766948	-278.446941431	29.6868849074
45.2	2382.725314	-281.814751222	32.9550784164
45.25	2055.33239379	-277.248453342	28.4269612663
45.3	2091.77644326	-277.711643356	28.9310128667
45.35	1959.12728597	-275.789033137	27.0963643847
45.4	2304.12748335	-280.740773531	31.8680048636
45.45	1896.68741927	-274.940606866	26.23276895
45.5	2156.79373592	-278.649779076	29.8302562522
45.55	2348.35408703	-281.325378914	32.4796956799
45.6	2291.85197129	-280.523563958	31.6982242934
45.65	2032.05186202	-276.78963593	28.1049720945
45.7	2335.89755176	-281.079734616	32.3074114077
45.75	2089.27550224	-277.663851022	28.8964227664
45.8	2054.03389344	-277.183161707	28.4090019234
45.85	2181.0290423	-279.022972015	30.165450753
45.9	2016.13986463	-276.649663709	27.8848958991
45.95	2255.37839149	-279.943291616	31.1937642637
46.0	2234.13450239	-279.677277258	30.8999435589
46.05	2031.74512219	-276.847226677	28.1007296269
46.1	2056.90423503	-277.207053554	28.4487011416
46.15	2452.77664614	-282.791678295	33.9239467666
46.2	2206.79109024	-279.351373106	30.521761363
46.25	2075.6253435	-277.488549549	28.7076296861
46.3	2228.12088788	-279.582551091	30.8167702546
46.35	2097.8354952	-277.773131718	29.0148146086
46.4	2213.15187827	-279.45063053	30.6097363667
46.45	2034.70553975	-276.97922223	28.1416746709
46.5	2083.99069304	-277.561669022	28.8233294474
46.55	2128.88046617	-278.208159184	29.4441924503
46.6	2212.60789771	-279.395758863	30.6022126618
46.65	2226.92581638	-279.546158449	30.800241419
46.7	2176.6750476	-278.93498445	30.1052313748
46.75	2292.25696897	-280.597145612	31.703825749
46.8	2139.15644067	-278.441698889	29.5863177484
46.85	1951.45674212	-275.685990533	26.9902743656
46.9	2041.57341058	-276.948845054	28.2366630527
46.95	2215.66966508	-279.429888081	30.6445594583
47.0	2333.85402353	-281.058389742	32.2791477079
47.05	1903.99667443	-275.010629915	26.3338620451
47.1	1813.80827803	-273.744062934	25.0864813009
47.15	2112.16339927	-277.998497212	29.2129814722
47.2	2325.75577769	-281.034032671	32.1671422135
47.25	1933.8339615	-275.436476539	26.7465366113
47.3	2296.71824114	-280.564990105	31.7655288641
47.35	2165.6088775	-278.728698902	29.9521770126
47.4	2124.59744638	-278.205266955	29.3849547144
47.45	2063.65280649	-277.443066489	28.5420395135
47.5	2113.36990575	-278.031851764	29.2296684631
47.55	2147.83927008	-278.538974659	29.7064085212
47.6	2088.65032573	-277.680238506	28.8877760539
47.65	2186.73762513	-279.025758147	30.2444052148
47.7	2013.08139149	-276.643385893	27.8425946648
47.75	2170.49398147	-278.871708931	30.0197420748
47.8	2329.89807885	-281.079353405	32.2244336935
47.85	2375.38329188	-281.678470537	32.8535321268
47.9	2465.71617631	-282.93880432	34.1029112611
47.95	2191.31137271	-279.076179048	30.3076639586
48.0	2152.36198583	-278.546924649	29.7689614521
48.05	2375.92665449	-281.716602361	32.861047285
48.1	2175.63008997	-278.895072772	30.0907787392
48.15	2466.13293158	-282.989061675	34.1086753341
48.2	2109.56159492	-278.039499697	29.1769963479
48.25	1968.56708158	-276.037760084	27.2269246313
48.3	2290.86932342	-280.519454793	31.6846334538
48.35	2469.5694502	-283.032387004	34.1562052528
48.4	2100.42283138	-277.787260485	29.050599626
48.45	2055.10007231	-277.211647241	28.4237480664
48.5	2325.91251262	-280.995874953	32.1693099884
48.55	2126.94064261	-278.174138855	29.4173630726
48.6	2210.66803795	-279.402563411	30.5753827834
48.65	2274.23572486	-280.297531598	31.4545769123
48.7	2037.57303265	-276.963142211	28.1813344893
48.75	2278.18998346	-280.313521841	31.5092676068
48.8	2058.34316213	-277.23235361	28.4686027035
48.85	2068.12128163	-277.398876364	28.6038422517
48.9	2304.08150576	-280.680633875	31.8673689551
48.95	2203.52701016	-279.264391626	30.476616413
49.0	1994.56842767	-276.373245414	27.5865449343
49.05	2007.94162727	-276.506694696	27.7715074387
49.1	2037.45434687	-276.95798637	28.1796929661
49.15	2152.3185797	-278.586074171	29.7683611091
49.2	2148.65591148	-278.557217601	29.7177033528
49.25	2061.84497095	-277.251543447	28.5170356402
49.3	2100.43350421	-277.810797586	29.0507472402
49.35	2446.80621867	-282.71813215	33.841370775
49.4	2322.2256764	-281.015157109	32.1183179683
49.45	2259.72684488	-280.100930101	31.253907001
49.5	2135.90758021	-278.379721217	29.5413832985
49.55	2071.08313556	-277.470623998	28.6448071619
49.6	2147.82393297	-278.422940002	29.7061963961
49.65	2262.21982292	-280.070101767	31.2883869666
49.7	2306.29349397	-280.737073128	31.897962597
49.75	2130.42577274	-278.270292892	29.465565329
49.8	2187.39414884	-278.993825588	30.2534854853
49.85	2403.98463293	-282.13949202	33.2491125287
49.9	2391.794769	-281.931267005	33.0805165434
49.95	2163.64660487	-278.739830708	29.9250371455
50.0	2070.75927521	-277.432162771	28.6403279031
50.05	1727.50689858	-272.578235272	23.8928612429
50.1	2185.98453353	-278.986477647	30.2339893298
50.15	2311.38887761	-280.796207147	31.9684360027
50.2	2288.86948196	-280.513248671	31.6569739784
50.25	2205.21479342	-279.327188194	30.4999598633
50.3	2209.67422809	-279.333136963	30.5616375642
50.35	2211.63984101	-279.380489402	30.5888236302
50.4	2241.66469859	-279.84842093	31.004092453
50.45	2072.34072801	-277.477655287	28.6622007143
50.5	2222.43377077	-279.496995014	30.7381126815
50.55	1969.45641847	-275.896217658	27.2392249023
50.6	2092.38677977	-277.628058966	28.9394543297
50.65	2366.58425264	-281.592634516	32.7318340752
50.7	2025.53187434	-276.817733122	28.0147952269
50.75	2092.69438615	-277.770788038	28.9437087825
50.8	2120.5860417	-278.151022579	29.3294736419
50.85	2209.55070504	-279.391495123	30.5599291374
50.9	1944.10576685	-275.754513277	26.8886042465
50.95	1981.03337617	-276.138893304	27.3993438831
51.0	2121.3520745	-278.216259966	29.3400685145
51.05	2051.53663817	-277.159404751	28.3744628001
51.1	2004.61264023	-276.40562462	27.7254647715
51.15	2104.32314575	-277.865634656	29.1045442269
51.2	2114.23557038	-278.108753396	29.241641327
51.25	1985.58874563	-276.219608806	27.4623484421
51.3	2121.53622363	-278.09340549	29.3426154505
51.35	2149.88079214	-278.550011706	29.734644474
51.4	2177.42377348	-278.929454773	30.1155868782
51.45	2034.46497474	-276.920698974	28.1383474562
51.5	2296.72234746	-280.617920932	31.765585658
51.55	2234.51121917	-279.836021066	30.9051538662
51.6	2147.61169186	-278.582848683	29.7032609246
51.65	2249.3400262	-279.997593606	31.1102486354
51.7	2197.30097513	-279.160195707	30.3905051557
51.75	2143.7737097	-278.458791056	29.6501784301
51.8	2538.7837606	-283.98854935	35.1134968941
51.85	2186.0219314	-279.09231321	30.2345065736
51.9	2216.14817755	-279.483370926	30.6511776848
51.95	2017.20730887	-276.742571189	27.8996595434
52.0	2014.42691457	-276.634041008	27.8612043712
52.05	2284.03647776	-280.399848299	31.5901294993
52.1	2221.63988338	-279.521798504	30.7271325569
52.15	2084.34428051	-277.644457184	28.8282198571
52.2	2268.3465202	-280.211187652	31.3731242999
52.25	2387.27186276	-281.922816502	33.0179609778
52.3	2317.6103687	-280.880595878	32.0544844134
52.35	2306.77882485	-280.782714543	31.9046751279
52.4	2244.89398722	-279.887630483	31.0487562081
52.45	2118.61806123	-278.098994086	29.3022548307
52.5	2230.09391665	-279.635765891	30.8440588881
52.55	2097.28736845	-277.766812928	29.0072335586
52.6	2170.16250607	-278.742363915	30.0151574937
52.65	1980.26091489	-276.087733918	27.3886600993
52.7	2235.74724356	-279.798412826	30.9222491144
52.75	2297.0991433	-280.674199112	31.7707970587
52.8	2188.05612057	-279.0935927	30.2626411064
52.85	2101.54697464	-277.961573845	29.0661474649
52.9	2196.54160261	-279.263327254	30.3800024004
52.95	2057.7905037	-277.218164838	28.4609589764
53.0	2250.76017162	-279.954598577	31.129890431
53.05	2197.78494497	-279.1765173	30.3971988623
53.1	2456.77014598	-282.821773951	33.9791802001
53.15	2101.24485767	-277.827786727	29.0619689352
53.2	2185.413717	-279.123436008	30.2260944612
53.25	1891.72277329	-274.929965871	26.1641037553
53.3	1959.33793795	-275.809098004	27.0992778773
53.35	2113.08440578	-278.056670463	29.2257197604
53.4	1979.52567697	-276.133982859	27.3784911456
53.45	2234.28861251	-279.731752109	30.9020750304
53.5	1960.26990566	-275.91500891	27.1121677681
53.55	2183.91352234	-279.026710275	30.2053455177
53.6	2260.57856333	-280.11629894	31.2656869775
53.65	2129.08591803	-278.257613025	29.4470340209
53.7	2245.008919	-279.840959087	31.0503458105
53.75	2012.71984899	-276.510089976	27.8375942304
53.8	2188.58498333	-279.120375957	30.2699557195
53.85	2125.15422658	-278.247953877	29.392655449
53.9	2243.90976983	-279.886743767	31.0351436607
53.95	2091.32185888	-277.72942666	28.9247255855
54.0	2072.77446244	-277.411511041	28.6681996233
54.05	2032.57210935	-276.880952293	28.112167549
54.1	2122.85134527	-278.121097958	29.3608046797
54.15	2214.95654659	-279.44672434	30.6346964347
54.2	2394.19394122	-281.953764936	33.1136990963
54.25	2189.90821714	-279.049465894	30.2882571468
54.3	2082.58796948	-277.626226915	28.8039286106
54.35	1932.47083335	-275.55133681	26.727683412
54.4	2114.10035507	-278.071583032	29.2397711865
54.45	2138.39686564	-278.325962749	29.5758121922
54.5	1978.09864724	-276.067497255	27.3587541342
54.55	2058.22333211	-277.261298325	28.4669453544
54.6	2127.37875542	-278.211922709	29.4234225382
54.65	1982.65308534	-276.163494672	27.4217458119
54.7	2268.51787036	-280.170660874	31.3754942156
54.75	2028.37961552	-276.778356633	28.0541818627
54.8	2194.08562941	-279.145703013	30.3460342427
54.85	2262.97103762	-280.160928401	31.2987768924
54.9	2101.42212114	-277.860895047	29.0644206369
54.95	2298.28539874	-280.578666349	31.7872039609
55.0	2073.83968015	-277.452071905	28.6829324726
55.05	2382.52104731	-281.854899217	32.9522532376
55.1	1983.72992123	-276.196378928	27.4366393502
55.15	1898.5454818	-275.022747101	26.2584675045
55.2	2189.65244681	-279.120661461	30.2847196297
55.25	2169.78809396	-278.873446856	30.0099790619
55.3	2145.00436779	-278.477576894	29.6671994579
55.35	2222.78662178	-279.551668014	30.7429929053
55.4	2057.03509271	-277.226377869	28.4505110124
55.45	2229.51807595	-279.736902453	30.8360945309
55.5	2203.86393648	-279.409392169	30.4812763851
55.55	2275.82571828	-280.345834897	31.4765678475
55.6	2007.09326728	-276.464505339	27.7597739125
55.65	2230.59632938	-279.624828098	30.8510076752
55.7	2018.68623915	-276.680987378	27.9201143826
55.75	1909.87608053	-275.151530971	26.4151791353
55.8	2131.67320608	-278.233310181	29.4828183725
55.85	2292.6310367	-280.48311622	31.7089994178
55.9	1900.78416146	-275.006351625	26.2894303113
55.95	2122.71948129	-278.19196495	29.3589808908
56.0	2082.05429896	-277.624314539	28.7965475022
56.05	2194.47786639	-279.177483285	30.3514592073
56.1	2195.12218912	-279.190733104	30.360370728
56.15	2048.70204933	-277.044353958	28.3352580723
56.2	2233.792433	-279.629965383	30.8952124539
56.25	2497.66850392	-283.46140856	34.5448386019
56.3	2195.37973555	-279.268717538	30.3639328099
56.35	1892.90454743	-274.995096416	26.1804486773
56.4	2145.66703921	-278.5848626	29.6763647565
56.45	2078.98651816	-277.557586749	28.754117535
56.5	2116.23085058	-278.081427328	29.2692377163
56.55	2032.64515687	-276.95162243	28.1131778571
56.6	2136.28471155	-278.346131513	29.5465993395
56.65	2031.82494104	-276.853069792	28.1018335882
56.7	1976.62417999	-276.067105209	27.3383610224
56.75	2162.58363393	-278.736652888	29.9103353707
56.8	2175.15514811	-278.951426213	30.0842098972
56.85	2184.90319384	-279.112384364	30.2190335
56.9	2280.45666064	-280.423800675	31.5406176428
56.95	2260.5957994	-280.103803877	31.2659253667
57.0	2128.39114913	-278.138853412	29.4374247876
57.05	2347.30709943	-281.293991532	32.4652149681
57.1	1971.13434524	-276.027343269	27.2624320289
57.15	2128.95816388	-278.229065026	29.4452670744
57.2	2176.97803971	-278.945290793	30.1094220084
57.25	2075.97214112	-277.476897097	28.7124261864
57.3	2142.56747594	-278.428659966	29.6334952113
57.35	2089.67396063	-277.637671345	28.9019337784
57.4	2098.28341691	-277.834693271	29.0210097395
57.45	2193.15345658	-279.190983944	30.3331415149
57.5	2147.99020429	-278.49091846	29.7084960671
57.55	1960.19572746	-275.815623984	27.1111418216
57.6	1952.89984457	-275.698996789	27.0102336761
57.65	2225.24686865	-279.5946221	30.7770201715
57.7	2154.47515842	-278.666632471	29.7981883916
57.75	2408.9970587	-282.217483586	33.3184385577
57.8	2043.88066359	-277.098841135	28.2685742861
57.85	1978.51687658	-276.123917383	27.3645385949
57.9	2270.47919714	-280.121640168	31.4026210008
57.95	2137.80308928	-278.248890021	29.56759977
58.0	2157.02534344	-278.624809407	29.8334595774
58.05	2158.93607903	-278.665140072	29.8598866443
58.1	2072.90931752	-277.401235456	28.6700647815
58.15	2029.38835301	-276.758495943	28.0681335435
58.2	2134.59622066	-278.311967127	29.5232461022
58.25	2275.7705082	-280.238967151	31.4758042459
58.3	2043.23840301	-276.987558571	28.2596912866
58.35	2271.78869016	-280.268570453	31.4207323814
58.4	1912.5953767	-275.186832575	26.4527892694
58.45	2005.93170172	-276.517004796	27.7437084919
58.5	2139.19623554	-278.402998224	29.5868681446
58.55	2040.67761185	-276.919315523	28.2242734091
58.6	2079.37612685	-277.467028128	28.7595061482
58.65	2179.71648951	-278.959282285	30.1472970532
58.7	2211.14067115	-279.39182368	30.5819196948
58.75	2268.274462	-280.165847047	31.3721276749
58.8	2097.33998294	-277.742771366	29.0079612608
58.85	2062.6396779	-277.318049201	28.5280271001
58.9	2022.89183873	-276.761736104	27.9782813325
58.95	2302.32959854	-280.70138348	31.8431386172
59.0	2242.1675786	-279.84423436	31.0110477029
59.05	2053.47808142	-277.175992847	28.4013145796
59.1	2003.71456477	-276.476981604	27.7130436387
59.15	2059.73009926	-277.246593981	28.4877852008
59.2	1943.88085814	-275.612755917	26.8854935714
59.25	2192.07470459	-279.251025946	30.3182214751
59.3	2208.18863442	-279.409598506	30.5410905647
59.35	2138.42144991	-278.353790716	29.5761522132
59.4	2241.4985706	-279.864837346	31.0017947643
59.45	1934.64632785	-275.526866934	26.7577723154
59.5	2026.15725512	-276.890108549	28.0234447648
59.55	2088.18374359	-277.628555375	28.8813228338
59.6	2029.46995986	-276.848038294	28.0692622342
59.65	2011.11717466	-276.677665196	27.8154279077
59.7	2198.73083782	-279.342827018	30.4102813494
59.75	2048.25288287	-277.160974923	28.3290457255
59.8	2042.59593577	-277.012930844	28.2508054288
59.85	2089.19062288	-277.65853588	28.8952488141
59.9	2111.49483004	-278.030944927	29.2037346021
59.95	2296.9768249	-280.668523353	31.7691052932
60.0	2146.70722385	-278.500221087	29.6907513775
60.05	2051.52881728	-277.044249161	28.3743546307
60.1	2282.24476516	-280.357374427	31.5653486196
60.15	2289.81742674	-280.484355519	31.6700848454
60.2	2049.43206454	-277.132298113	28.3453547915
60.25	2204.9813468	-279.348459342	30.4967311018
60.3	2012.09649664	-276.6124849	27.8289727475
60.35	2212.90827129	-279.53415822	30.6063670789
60.4	2382.02246863	-281.873078484	32.9453574788
60.45	2184.53785975	-279.073970157	30.2139806248
60.5	2075.84693473	-277.476761476	28.7106944776
60.55	1993.1947524	-276.34326561	27.5675458595
60.6	2139.53096368	-278.353535227	29.5914977141
60.65	2106.15570469	-277.840010801	29.1298900454
60.7	2241.85536342	-279.768417272	31.0067295065
60.75	2164.13794109	-278.687792366	29.9318327352
60.8	2085.00091204	-277.582050932	28.8373016188
60.85	2122.28896684	-278.201797285	29.353026517
60.9	2246.78527281	-279.826371074	31.0749142652
60.95	2269.4574568	-280.157788915	31.3884894797
61.0	2194.38651921	-279.152476803	30.3501957995
61.05	2214.8419636	-279.426596396	30.6331116564
61.1	2175.47430317	-278.877521237	30.0886240779
61.15	2041.25804513	-277.060022824	28.2323012855
61.2	2403.2302727	-282.109093563	33.2386790975
61.25	2034.59132753	-276.92194142	28.1400950206
61.3	2097.31470921	-277.79332543	29.0076117041
61.35	2127.54421269	-278.332058203	29.4257109502
61.4	2204.05472785	-279.373289101	30.4839151888
61.45	2005.58271839	-276.560472565	27.7388817614
61.5	1927.12992307	-275.345100517	26.6538141682
61.55	2174.71425713	-278.913693343	30.0781120072
61.6	2120.47864122	-278.232724936	29.3279882037
61.65	2291.57287595	-280.571771223	31.694364172
61.7	1970.89628497	-275.939760004	27.2591394569
61.75	2196.07670513	-279.163312236	30.3735724805
61.8	2072.73057423	-277.478443994	28.6675926127
61.85	2060.14404258	-277.235489203	28.4935103822
61.9	2067.94076587	-277.414627271	28.6013455681
61.95	1904.1557898	-275.014852906	26.3360627435
62.0	2266.98241513	-280.155016442	31.354257589
