# 	 t 	 T	E	K
2.05	2368.60312957	-284.809261513	32.7597568271
2.1	2232.36683846	-282.88211782	30.8754952924
2.15	2233.75772186	-282.938579459	30.89473237
2.2	2049.11703733	-280.357323691	28.3409977025
2.25	2320.52974542	-284.117477918	32.0948618284
2.3	2111.55158712	-281.184477436	29.2045195999
2.35	2231.03331895	-282.762416234	30.8570516054
2.4	2228.45449933	-282.804025317	30.8213843791
2.45	2326.81890437	-284.228738482	32.1818461423
2.5	2500.97610565	-286.660271286	34.5905854925
2.55	2232.52986336	-282.970817404	30.8777500628
2.6	2116.62134357	-281.322001923	29.27463856
2.65	2006.17762259	-279.873957045	27.7471097827
2.7	2244.25284972	-283.092155458	31.0398887418
2.75	2358.46395135	-284.637071423	32.6195235356
2.8	2294.10513698	-283.795355303	31.7293874541
2.85	2109.6122507	-281.178828894	29.1776969597
2.9	2141.22172971	-281.646227415	29.6148824184
2.95	2309.78981464	-284.065266882	31.946319628
3.0	2230.16573613	-282.858766061	30.8450522114
3.05	2469.11531219	-286.2789115	34.1499241454
3.1	2228.93958191	-282.923795832	30.8280934758
3.15	1987.65484971	-279.523616784	27.4909243848
3.2	2123.54268895	-281.410534258	29.3703665394
3.25	1996.23411717	-279.525969217	27.6095828094
3.3	2433.89163264	-285.708147127	33.6627512787
3.35	2323.05490163	-284.129135935	32.1297868448
3.4	2361.22169288	-284.655936005	32.657665401
3.45	2307.15024384	-283.866403175	31.9098121623
3.5	2352.88767966	-284.61225746	32.5423990472
3.55	2265.80956042	-283.382246025	31.3380360302
3.6	2519.97354627	-286.951714931	34.8533359413
3.65	2426.73863742	-285.616390676	33.5638193889
3.7	2427.4718583	-285.596372295	33.5739604451
3.75	2310.14241303	-283.912850363	31.9511963578
3.8	2427.54342037	-285.59871497	33.5749502082
3.85	2355.85955027	-284.616495821	32.5835024965
3.9	2322.71509237	-284.17999994	32.1250869994
3.95	2632.26708996	-288.539760827	36.4064493094
4.0	2770.18761076	-290.469898739	38.3140051454
4.05	2465.20131928	-286.152763906	34.0957903589
4.1	2348.65662159	-284.474391272	32.4838799852
4.15	2519.20097012	-286.901536994	34.8426505688
4.2	2436.98214135	-285.799876195	33.7054955918
4.25	2378.86764655	-284.920452895	32.901723658
4.3	2519.25732411	-286.900356385	34.8434299914
4.35	2690.84838392	-289.393805443	37.2166774649
4.4	2550.02978672	-287.481596302	35.2690388153
4.45	2380.60058089	-285.032552488	32.9256915853
4.5	2245.22774028	-283.03107713	31.0533722913
4.55	2186.85178488	-282.139153934	30.2459841393
4.6	2297.53194066	-283.789773229	31.7767830072
4.65	2337.80233282	-284.275301913	32.3337561184
4.7	2400.225951	-285.224536295	33.1971268226
4.75	2548.28239255	-287.224804041	35.2448708964
4.8	2470.1963573	-286.200794224	34.1648759009
4.85	2630.57352658	-288.620694589	36.3830259155
4.9	2300.44216876	-283.897056415	31.8170338891
4.95	2308.33239055	-284.021119129	31.9261622372
5.0	2331.91293113	-284.271535619	32.2523007809
5.05	2327.32667111	-284.237076034	32.1888689797
5.1	2592.74605084	-287.971250537	35.8598403757
5.15	2699.35789805	-289.424481182	37.3343711428
5.2	2572.0557135	-287.586542956	35.5736757535
5.25	2445.36035518	-285.8938709	33.8213732769
5.3	2269.01261873	-283.429565915	31.3823369982
5.35	2476.25814554	-286.320542062	34.2487154881
5.4	2428.37323392	-285.541562296	33.5864272217
5.45	2657.80647402	-288.831398275	36.7596802922
5.5	2267.69431795	-283.444419547	31.3641037989
5.55	2421.00512501	-285.566602698	33.48452013
5.6	2495.61342754	-286.602351973	34.5164151816
5.65	2407.25037775	-285.320638104	33.2942805033
5.7	2529.04643645	-287.113260552	34.9788215798
5.75	2241.03123214	-283.039793544	30.9953310836
5.8	2325.16226523	-284.203186224	32.1589334411
5.85	2629.33826912	-288.445106658	36.3659412745
5.9	2524.52905635	-287.021859169	34.9163424452
5.95	2505.89824906	-286.760359343	34.6586628413
6.0	2471.21240894	-286.220545737	34.1789287425
6.05	2533.30237254	-287.127054641	35.0376847255
6.1	2373.53882877	-284.817626368	32.8280216636
6.15	2332.64463396	-284.280050209	32.2624208414
6.2	2564.10356509	-287.592982981	35.4636909084
6.25	2404.39573199	-285.331173703	33.2547983715
6.3	2383.51724335	-284.930723004	32.9660314599
6.35	2428.27158753	-285.645628325	33.5850213674
6.4	2614.73893418	-288.215830967	36.1640202955
6.45	2506.96630409	-286.672606205	34.6734349331
6.5	2627.63040158	-288.356880087	36.3423200419
6.55	2456.30346072	-286.064746202	33.9727255537
6.6	2134.82343661	-281.587534717	29.5263886883
6.65	2519.41265185	-286.823209976	34.8455783036
6.7	2444.76347471	-285.74260553	33.8131179222
6.75	2341.204254	-284.359112806	32.3808075257
6.8	2629.72726083	-288.505248522	36.3713213542
6.85	2588.65245313	-287.886060303	35.8032225051
6.9	2406.32244083	-285.349471603	33.2814463618
6.95	2293.25225767	-283.669168304	31.7175914219
7.0	2502.06442542	-286.621503723	34.6056378627
7.05	2395.94641267	-285.123824465	33.1379372381
7.1	2486.44029101	-286.483547592	34.3895430524
7.15	2502.21439529	-286.68879502	34.607712071
7.2	2496.51736516	-286.600129086	34.5289173927
7.25	2550.45219136	-287.442554296	35.2748810236
7.3	2593.8919633	-288.002595712	35.8756893008
7.35	2331.34597044	-284.221224787	32.2444592418
7.4	2536.46733447	-287.145297702	35.0814587888
7.45	2590.22880595	-287.904608867	35.8250247794
7.5	2322.14297423	-284.124940102	32.1171741284
7.55	2508.76863279	-286.781157842	34.6983626423
7.6	2714.071257	-289.595755211	37.5378691687
7.65	2405.9714649	-285.267012056	33.2765920718
7.7	2314.30800693	-284.056049443	32.0088099958
7.75	2460.4426802	-286.081332663	34.0299744115
7.8	2292.9349792	-283.74497705	31.713203196
7.85	2454.49122844	-286.001331349	33.9476608697
7.9	2511.83565493	-286.706409203	34.7407821166
7.95	2513.37601176	-286.861910392	34.7620865363
8.0	2336.10320827	-284.435654576	32.3102558088
8.05	2644.93572142	-288.693121058	36.5816670489
8.1	2580.09905597	-287.673309357	35.6849218883
8.15	2400.16624581	-285.177289175	33.1963010501
8.2	2383.76845689	-285.018603623	32.9695059526
8.25	2470.66368559	-286.245283092	34.1713394409
8.3	2436.63650054	-285.755099389	33.7007150912
8.35	2249.15544074	-283.051279688	31.1076956646
8.4	2476.56481507	-286.274095674	34.2529569835
8.45	2424.11735957	-285.57085852	33.5275649299
8.5	2327.78556593	-284.238211579	32.1952158779
8.55	2164.46783997	-281.911664375	29.9363955118
8.6	2539.93251078	-287.229392564	35.1293850673
8.65	2167.84489692	-281.961403776	29.9831030261
8.7	2206.27880605	-282.477055001	30.5146760453
8.75	2402.07534161	-285.267961279	33.2227054372
8.8	2407.61764843	-285.287176478	33.2993601632
8.85	2241.46689844	-283.030832088	31.0013567119
8.9	2379.77118337	-285.02906827	32.9142203259
8.95	2245.18885793	-283.054811715	31.052834516
9.0	2491.42471397	-286.502485955	34.4584817793
9.05	2635.00944329	-288.607398646	36.4443783433
9.1	2511.31297815	-286.797503981	34.7335530607
9.15	2480.84397438	-286.357982824	34.3121413259
9.2	2385.63150343	-284.947968909	32.9952734401
9.25	2447.51034882	-285.979395461	33.8511094822
9.3	2399.23077745	-285.25324388	33.1833627423
9.35	2563.79628605	-287.48374572	35.4594409829
9.4	2384.16390958	-285.028238419	32.9749753932
9.45	2291.91944999	-283.7274209	31.69915758
9.5	2486.37020311	-286.369573045	34.3885736784
9.55	2447.80765905	-285.904507517	33.8552215307
9.6	2465.27977146	-286.1935292	34.0968754179
9.65	2468.56179211	-286.166028682	34.1422685009
9.7	2714.7925093	-289.787340695	37.5478446896
9.75	2557.80396558	-287.519181991	35.3765621929
9.8	2351.70825167	-284.567434935	32.5260865744
9.85	2440.33053375	-285.847024451	33.7518066514
9.9	2561.50583511	-287.544980423	35.4277621362
9.95	2386.56966433	-285.080725717	33.0082489879
10.0	2589.28394878	-287.983108445	35.8119566167
10.05	2458.51158595	-286.037141247	34.0032657674
10.1	2680.29519852	-289.143242666	37.0707181089
10.15	2314.06988599	-284.055866218	32.0055165845
10.2	2331.71856581	-284.295345169	32.2496125465
10.25	2322.57272692	-284.084763376	32.1231179666
10.3	2568.81184219	-287.602221866	35.5288103076
10.35	2383.47689376	-285.040187206	32.9654733913
10.4	2458.4096009	-286.075771541	34.001855229
10.45	2356.75526373	-284.586242342	32.5958909607
10.5	2470.80777032	-286.18834729	34.173332253
10.55	2469.66478787	-286.179417174	34.1575238523
10.6	2434.53069164	-285.696754228	33.6715899977
10.65	2398.37302825	-285.226462967	33.1714993555
10.7	2293.02511896	-283.752966099	31.7144499041
10.75	2548.98920029	-287.25338362	35.254646637
10.8	2508.71081285	-286.700777811	34.6975629444
10.85	2743.79527025	-290.082587267	37.9489770634
10.9	2500.0593917	-286.678337711	34.577906574
10.95	2392.66258727	-285.068778453	33.0925191939
11.0	2436.83165695	-285.785614773	33.7034142671
11.05	2367.48172944	-284.78786269	32.7442469279
11.1	2606.04652869	-288.23816167	36.0437970778
11.15	2361.52509318	-284.749027896	32.6618616803
11.2	2377.53872206	-284.941027572	32.8833435239
11.25	2266.58491519	-283.321429638	31.3487598333
11.3	2514.01929452	-286.820055996	34.7709836733
11.35	2292.36135001	-283.736980747	31.7052694259
11.4	2581.48799702	-287.704252321	35.7041321015
11.45	2712.94866951	-289.595804187	37.5223428475
11.5	2500.87826955	-286.781895832	34.5892323378
11.55	2420.79990911	-285.617045449	33.4816818231
11.6	2304.18465578	-283.865905955	31.868795606
11.65	2347.62523607	-284.459316806	32.4696150633
11.7	2572.85101742	-287.676527995	35.5846754699
11.75	2501.16791511	-286.674329449	34.5932383774
11.8	2412.55256013	-285.43645699	33.3676141079
11.85	2490.42726979	-286.509310337	34.4446862942
11.9	2437.3592469	-285.674723256	33.7107112761
11.95	2700.25443516	-289.436690825	37.3467709988
12.0	2492.1493242	-286.57451168	34.4685037431
12.05	2502.64873445	-286.691013834	34.613719344
12.1	2138.25484684	-281.559948835	29.5738479538
12.15	2592.74909043	-288.013724002	35.8598824157
12.2	2359.07844026	-284.710241161	32.6280224298
12.25	2616.90425004	-288.295208958	36.19396842
12.3	2600.02984652	-288.025540412	35.9605813451
12.35	2585.00920857	-287.800432527	35.7528333942
12.4	2453.1990494	-286.015238543	33.929788956
12.45	2356.91928003	-284.686115721	32.5981594429
12.5	2288.1443226	-283.701386239	31.6469444196
12.55	2430.22026683	-285.658835323	33.6119732274
12.6	2309.82022872	-283.894047362	31.9467402801
12.65	2484.48447589	-286.459780165	34.3624924981
12.7	2438.92789356	-285.824501448	33.7324069678
12.75	2253.21694615	-283.129113116	31.1638696719
12.8	2452.11977196	-286.032282061	33.9148616487
12.85	2544.91496745	-287.307076194	35.1982965987
12.9	2520.44815164	-286.938398506	34.8599001293
12.95	2765.0016697	-290.426706401	38.2422792551
13.0	2229.35936826	-282.794812708	30.8338994712
13.05	2478.38314687	-286.480393984	34.2781060289
13.1	2565.36933275	-287.576702646	35.4811975308
13.15	2458.35962691	-286.094465496	34.0011640471
13.2	2597.85534949	-288.000097267	35.9305062374
13.25	2521.93956777	-286.949279984	34.8805276584
13.3	2671.20088098	-289.205525325	36.9449361122
13.35	2271.99954216	-283.477998198	31.4236486405
13.4	2361.25782299	-284.759577523	32.6581651106
13.45	2502.25860987	-286.787525917	34.6083235956
13.5	2363.65496488	-284.844685999	32.6913195823
13.55	2396.1259046	-285.293716514	33.1404197612
13.6	2111.95603525	-281.239860751	29.2101134548
13.65	2614.30646128	-288.235315192	36.1580388347
13.7	2520.88401105	-286.859168353	34.8659284286
13.75	2484.11999675	-286.415421135	34.3574514475
13.8	2465.87717197	-286.121327901	34.1051379653
13.85	2211.7627767	-282.575846825	30.5905239334
13.9	2385.35107704	-285.052148149	32.9913949092
13.95	2637.12733401	-288.588833856	36.4736705383
14.0	2592.94388074	-287.91186535	35.8625765282
14.05	2415.10174116	-285.412603203	33.4028714078
14.1	2563.20964894	-287.591051654	35.4513273025
14.15	2436.92758373	-285.790583359	33.7047410144
14.2	2596.39291489	-287.981266386	35.9102795471
14.25	2438.56405424	-285.822178421	33.7273747665
14.3	2641.99188518	-288.72660204	36.5409513384
14.35	2478.22559676	-286.366224752	34.2759269794
14.4	2483.5441996	-286.441101088	34.3494876928
14.45	2382.98446846	-285.001705294	32.9586627388
14.5	2671.01991898	-289.140503968	36.9424332568
14.55	2509.30481338	-286.840294009	34.7057784671
14.6	2541.92475061	-287.326579973	35.1569394058
14.65	2609.10811235	-288.139058537	36.0861413332
14.7	2392.04918653	-285.147266921	33.0840353502
14.75	2485.59905819	-286.534591803	34.3779081009
14.8	2585.55251942	-287.915087217	35.7603478364
14.85	2510.89836496	-286.70194831	34.7278186145
14.9	2540.0880982	-287.194478411	35.1315369711
14.95	2322.54794715	-284.208575404	32.1227752416
15.0	2473.24321281	-286.374073514	34.2070164538
15.05	2600.76349414	-288.086992696	35.9707283035
15.1	2287.41827228	-283.671200858	31.6369025381
15.15	2582.54882781	-287.78608208	35.7188042762
15.2	2570.79516801	-287.56121233	35.5562413579
15.25	2575.94951212	-287.696407014	35.627530236
15.3	2345.15587796	-284.566610309	32.435461781
15.35	2521.0036443	-287.006739229	34.8675830561
15.4	2432.24070848	-285.719465727	33.6399176206
15.45	2335.838099	-284.352265027	32.3065891264
15.5	2487.84338552	-286.434910407	34.4089490198
15.55	2201.70741785	-282.425502668	30.4514499338
15.6	2402.84858035	-285.330182639	33.2333999739
15.65	2242.0138061	-283.04572561	31.0089209011
15.7	2526.40033274	-287.013531965	34.9422237584
15.75	2229.10230878	-282.767745151	30.8303441241
15.8	2726.35627605	-289.752928288	37.7077812286
15.85	2488.89004725	-286.460875284	34.4234252245
15.9	2554.10514069	-287.421040984	35.3254043597
15.95	2511.64236432	-286.88754118	34.7381087462
16.0	2349.26903163	-284.600001175	32.4923501269
16.05	2271.95516496	-283.540078243	31.4230348667
16.1	2270.88458394	-283.510041928	31.4082278384
16.15	2588.13779505	-287.897081261	35.7961043547
16.2	2489.38382191	-286.438503926	34.4302545399
16.25	2493.21903918	-286.530127641	34.4832987935
16.3	2524.15536197	-287.037361538	34.9111739403
16.35	2622.44616595	-288.449412656	36.2706177392
16.4	2492.21677677	-286.589245843	34.4694366685
16.45	2295.02457353	-283.800024842	31.7421040284
16.5	2653.55553768	-288.841392534	36.7008862972
16.55	2442.39188927	-285.855183515	33.7803169176
16.6	2588.87555704	-288.030081829	35.8063082182
16.65	2360.35781554	-284.765584771	32.6457172569
16.7	2620.55129976	-288.393584201	36.2444101593
16.75	2361.26152683	-284.658838853	32.6582163379
16.8	2690.34063206	-289.327533719	37.2096548332
16.85	2535.67401425	-287.153525563	35.0704865084
16.9	2114.49374738	-281.073684716	29.2452121301
16.95	2463.18761702	-286.031292665	34.0679391772
17.0	2384.72281351	-284.988007019	32.9827055006
17.05	2547.1898828	-287.329926239	35.2297605753
17.1	2279.28958412	-283.527453901	31.524476001
17.15	2294.1287496	-283.757985893	31.7297140363
17.2	2252.03600971	-283.165768976	31.147536336
17.25	2578.12599381	-287.748127304	35.6576327931
17.3	2394.7604308	-285.126625471	33.1215341197
17.35	2744.9970446	-290.036330734	37.9655986051
17.4	2426.79006695	-285.596386398	33.5645307021
17.45	2699.28900212	-289.429122475	37.3334182546
17.5	2323.56515136	-284.256693691	32.1368440243
17.55	2474.767615	-286.430779882	34.2281002075
17.6	2542.090067	-287.260110631	35.1592258694
17.65	2583.51527373	-287.845419645	35.7321710294
17.7	2487.17856738	-286.525852483	34.3997540304
17.75	2653.48193168	-288.786038836	36.6998682648
17.8	2425.68553385	-285.572779049	33.5492540881
17.85	2530.6205493	-287.100253344	35.0005928734
17.9	2412.71326349	-285.441532327	33.3698367695
17.95	2551.05740073	-287.405653361	35.2832515741
18.0	2117.28289692	-281.289563628	29.2837883946
18.05	2466.72348248	-286.238449657	34.1168431455
18.1	2242.18403166	-283.026255249	31.0112752625
18.15	2644.73944433	-288.628425066	36.5789523731
18.2	2645.8646268	-288.643392268	36.594514585
18.25	2693.12843571	-289.322277755	37.2482124828
18.3	2318.65302464	-284.060773975	32.0689052147
18.35	2420.32548375	-285.554193193	33.4751201246
18.4	2225.82630327	-282.799120906	30.7850342356
18.45	2323.60367301	-284.176126086	32.1373768108
18.5	2537.76060101	-287.182758521	35.0993457437
18.55	2465.75931461	-286.333184619	34.1035078997
18.6	2221.48528869	-282.820823803	30.7249943833
18.65	2293.38944803	-283.796232395	31.719488879
18.7	2581.26188522	-287.872304684	35.7010047868
18.75	2473.43593891	-286.301983169	34.2096820166
18.8	2605.50968008	-288.140060935	36.0363720136
18.85	2457.50220362	-286.009628241	33.9893051678
18.9	2420.32004986	-285.553324412	33.4750449693
18.95	2436.0608549	-285.733216151	33.6927534318
19.0	2643.64693534	-288.635261374	36.5638420624
19.05	2538.31654877	-287.118093036	35.1070349649
19.1	2415.06503336	-285.39364767	33.4023637083
19.15	2277.34602282	-283.575633493	31.4975949272
19.2	2415.6100565	-285.466503821	33.4099018328
19.25	2577.03620787	-287.743796508	35.6425601446
19.3	2478.65873989	-286.350552689	34.2819177101
19.35	2351.75832099	-284.555701129	32.5267790749
19.4	2493.47205298	-286.488954519	34.4867981854
19.45	2460.24285794	-286.011584409	34.0272107029
19.5	2520.93829244	-286.922821341	34.8666791854
19.55	2399.56797956	-285.221540862	33.1880265288
19.6	2476.41067887	-286.280469963	34.2508251513
19.65	2401.36843177	-285.276555463	33.2129282845
19.7	2529.44487812	-287.119799676	34.9843323604
19.75	2649.10015028	-288.804649522	36.6392645734
19.8	2410.57184168	-285.419623562	33.3402191198
19.85	2793.11812528	-290.737110564	38.6311532865
19.9	2365.30004108	-284.758360522	32.7140723583
19.95	2488.67666563	-286.702680287	34.4204739786
20.0	2352.22245745	-284.629449646	32.5331984692
20.05	2314.66560684	-284.036848916	32.0137559009
20.1	2418.58301641	-285.479395153	33.4510203479
20.15	2494.30443228	-286.450512809	34.4983106853
20.2	2690.36658984	-289.311036708	37.210013851
20.25	2520.64261284	-287.01816294	34.8625896899
20.3	2412.38414154	-285.39926475	33.3652847384
20.35	2344.90684716	-284.418833729	32.4320174773
20.4	2390.74358136	-285.147315879	33.0659777417
20.45	2361.80396318	-284.762322076	32.665718685
20.5	2496.10597851	-286.540532741	34.5232275723
20.55	2744.23637536	-289.986437897	37.9550779151
20.6	2134.83153857	-281.479937697	29.5265007452
20.65	2314.02577168	-284.058258224	32.0049064469
20.7	2244.49669631	-283.08320724	31.0432613434
20.75	2097.72637958	-281.034130202	29.0133054487
20.8	2543.64895294	-287.295912994	35.180786562
20.85	2193.9960603	-282.328204827	30.3447954272
20.9	2768.65723454	-290.457194135	38.2928387658
20.95	2359.81382442	-284.714268507	32.638193406
21.0	2191.32253468	-282.344122218	30.307818338
21.05	2424.7173437	-285.703126072	33.5358632108
21.1	2751.77392157	-290.279201449	38.0593284659
21.15	2318.65972988	-284.241398349	32.0689979537
21.2	2643.29102378	-288.711852921	36.5589195088
21.25	2304.91983426	-283.846851688	31.8789637376
21.3	2568.21309998	-287.5542571	35.5205292035
21.35	2528.55139364	-286.97987144	34.9719747247
21.4	2316.57689229	-284.077031753	32.0401905727
21.45	2370.64486302	-284.866247299	32.7879957036
21.5	2513.86335732	-286.782253666	34.7688269318
21.55	2382.18898715	-284.89112868	32.9476605687
21.6	2726.34014253	-289.844939763	37.7075580886
21.65	2541.358844	-287.218987257	35.1491124454
21.7	2528.72121657	-287.160704996	34.9743235175
21.75	2451.54905714	-286.038242528	33.9069681867
21.8	2345.09034675	-284.493370131	32.4345554297
21.85	2666.62048232	-288.929793202	36.8815853783
21.9	2326.88020644	-284.080689774	32.182694001
21.95	2331.56574456	-284.25936704	32.2474989011
22.0	2425.41428608	-285.547888514	33.5455025051
22.05	2222.59450969	-282.658967476	30.7403358349
22.1	2463.19121502	-286.089010279	34.0679889404
22.15	2389.2769743	-285.115400021	33.0456933428
22.2	2447.21062508	-285.904173361	33.8469640529
22.25	2298.15784318	-283.73552897	31.785439761
22.3	2406.43153219	-285.380812044	33.2829551862
22.35	2543.81257618	-287.331994107	35.1830496079
22.4	2472.33483377	-286.313880826	34.194452814
22.45	2410.31423349	-285.300313829	33.3366561836
22.5	2605.38209644	-288.119413385	36.0346074255
22.55	2420.55901698	-285.58835276	33.478350084
22.6	2543.80604598	-287.196207886	35.1829592898
22.65	2319.09025511	-284.117643664	32.0749524769
22.7	2369.82306896	-284.765064646	32.7766296064
22.75	2467.60611684	-286.216157452	34.1290507149
22.8	2546.01166893	-287.285201901	35.2134648948
22.85	2642.25442722	-288.766387799	36.5445825138
22.9	2494.32722934	-286.581082445	34.4986259876
22.95	2793.94123963	-290.815221778	38.6425376445
23.0	2350.6665835	-284.504921787	32.5116794348
23.05	2259.96484813	-283.208128253	31.2571987845
23.1	2460.49203934	-285.983956979	34.0306570896
23.15	2378.15748138	-284.863242274	32.8919014814
23.2	2286.69780905	-283.672131776	31.6269379307
23.25	2475.64579502	-286.262042878	34.2402461697
23.3	2288.03444033	-283.653487194	31.6454246561
23.35	2347.85713548	-284.548725518	32.4728224255
23.4	2393.89506831	-285.107467291	33.1095654346
23.45	2539.16395966	-287.173129357	35.1187553642
23.5	2504.38829747	-286.691017651	34.6377789514
23.55	2500.93970928	-286.661593325	34.5900821004
23.6	2437.06339866	-285.750605943	33.7066194481
23.65	2574.22174771	-287.705562853	35.6036338132
23.7	2429.92721212	-285.681215087	33.6079200364
23.75	2334.03138043	-284.330291693	32.2816007016
23.8	2132.84827201	-281.44472307	29.4990705145
23.85	2435.61005297	-285.711196856	33.6865184651
23.9	2775.06089155	-290.502817181	38.3814066832
23.95	2556.72563229	-287.416196579	35.3616479442
24.0	2450.33716217	-285.916764763	33.8902066685
24.05	2432.32132669	-285.66904308	33.6410326377
24.1	2410.40799131	-285.430945673	33.3379529325
24.15	2265.54143836	-283.369015116	31.3343276786
24.2	2169.3855929	-281.975414607	30.0044121365
24.25	2560.08109792	-287.475240182	35.4080568324
24.3	2348.19609955	-284.491134695	32.4775105813
24.35	2593.93804703	-287.927661732	35.8763266772
24.4	2525.99707408	-286.940061918	34.9366463548
24.45	2383.43884129	-285.020258101	32.9649470939
24.5	2356.59421391	-284.540973571	32.5936635073
24.55	2325.38278506	-284.186896585	32.1619834143
24.6	2418.0321744	-285.591287965	33.4434017436
24.65	2482.96866387	-286.373250552	34.3415275535
24.7	2535.74169618	-287.055527174	35.071422606
24.75	2586.82377399	-287.803821992	35.7779303473
24.8	2525.08656379	-287.017594814	34.9240532381
24.85	2449.85478234	-285.943348242	33.8835349532
24.9	2472.5706997	-286.292273486	34.1977150366
24.95	2417.46766202	-285.505922881	33.4355940665
25.0	2570.69266012	-287.542130892	35.5548235883
25.05	2610.23221158	-288.211540688	36.1016885632
25.1	2444.07995837	-285.883998295	33.8036643211
25.15	2398.02095594	-285.207456794	33.1666299019
25.2	2473.72845948	-286.312580884	34.21372782
25.25	2208.44520723	-282.587789134	30.5446391806
25.3	2307.16291036	-283.934156711	31.9099873509
25.35	2503.26227378	-286.647650489	34.6222051045
25.4	2258.59926024	-283.243718606	31.238311565
25.45	2522.07228569	-287.033913283	34.8823632579
25.5	2230.15193054	-282.868386772	30.8448612686
25.55	2335.95777936	-284.330474329	32.3082444056
25.6	2445.76439716	-285.928228234	33.8269615145
25.65	2659.6561573	-288.911534017	36.7852629547
25.7	2525.50990111	-287.05170868	34.9299083462
25.75	2393.19076616	-285.200209892	33.0998243485
25.8	2391.72400976	-285.107547821	33.0795378841
25.85	2479.66464003	-286.330208989	34.2958301481
25.9	2563.91406731	-287.52910635	35.461069996
25.95	2489.32156565	-286.503720245	34.4293934838
26.0	2506.13573636	-286.719620591	34.6619474886
26.05	2246.44574733	-283.039832472	31.0702183447
26.1	2505.31212357	-286.849749601	34.6505562369
26.15	2597.41390743	-288.097581715	35.9244007257
26.2	2377.80118839	-284.94966164	32.8869736522
26.25	2458.06786701	-286.046506848	33.9971287644
26.3	2417.15429316	-285.593554937	33.4312599138
26.35	2652.74919618	-288.752521077	36.6897339217
26.4	2524.09596135	-286.899934826	34.9103523802
26.45	2530.09748651	-287.040701754	34.9933584787
26.5	2504.60072002	-286.799793514	34.6407169324
26.55	2253.26094605	-283.319912941	31.1644782273
26.6	2620.02351879	-288.381058269	36.2371105084
26.65	2610.30263625	-288.118635251	36.1026625951
26.7	2417.81067806	-285.352276114	33.4403382645
26.75	2311.75801027	-283.951270738	31.9735414151
26.8	2313.12768801	-284.011288327	31.9924852007
26.85	2534.73408497	-287.131731714	35.0574865026
26.9	2507.47665002	-286.775459769	34.680493443
26.95	2312.64880621	-284.040290991	31.985861866
27.0	2204.06115813	-282.567482142	30.484004125
27.05	2498.29474088	-286.642542203	34.5534999813
27.1	2597.41921663	-287.949963474	35.9244741562
27.15	2691.08601276	-289.241681971	37.21996407
27.2	2342.63330769	-284.449958271	32.4005725301
27.25	2360.40574122	-284.720014091	32.646380109
27.3	2548.73955039	-287.283730878	35.2511937707
27.35	2438.58407975	-285.842061258	33.727651736
27.4	2371.65751707	-284.84076054	32.8020015537
27.45	2317.31796201	-284.0670013	32.050440185
27.5	2758.77402777	-290.297209697	38.1561457731
27.55	2406.4407589	-285.345030369	33.2830827993
27.6	2456.37241453	-286.031432009	33.9736792425
27.65	2412.97144286	-285.336413905	33.3734076055
27.7	2615.08298851	-288.227017352	36.168778854
27.75	2180.31268906	-282.139912349	30.1555429902
27.8	2186.92069459	-282.361285893	30.2469372181
27.85	2560.68870312	-287.583226119	35.4164605191
27.9	2341.48554687	-284.440948026	32.3846980407
27.95	2270.74478895	-283.412959059	31.4062943571
28.0	2359.6945553	-284.665421742	32.6365438146
28.05	2350.12324436	-284.540746498	32.5041646014
28.1	2344.89970064	-284.363246447	32.4319186349
28.15	2481.08711347	-286.399461832	34.3155041422
28.2	2422.94215154	-285.518632676	33.5113108226
28.25	2551.57966522	-287.364792846	35.2904749275
28.3	2486.96029918	-286.513823988	34.3967351992
28.35	2623.8844734	-288.308293335	36.2905107309
28.4	2337.09853553	-284.301002084	32.3240220149
28.45	2478.79004391	-286.387379188	34.2837337543
28.5	2510.51761106	-286.903862636	34.7225524705
28.55	2583.1353204	-287.755919891	35.7269159579
28.6	2619.97745278	-288.311888788	36.236473377
28.65	2438.80454289	-285.765259936	33.7307009251
28.7	2389.72028372	-285.05139239	33.0518246818
28.75	2321.03656242	-284.102425739	32.1018715302
28.8	2454.0071327	-285.966852504	33.9409654219
28.85	2508.83757429	-286.706009924	34.6993161608
28.9	2502.33508315	-286.638928274	34.6093812848
28.95	2275.22817829	-283.59734209	31.468303371
29.0	2283.70718865	-283.687191008	31.5855751563
29.05	2168.33424637	-282.084175074	29.9898711372
29.1	2257.82095525	-283.3216966	31.2275469578
29.15	2070.74367147	-280.580076266	28.6401120903
29.2	2467.20024701	-286.197303348	34.1234371967
29.25	2416.85137806	-285.501812346	33.4270703454
29.3	2310.6577527	-283.982976266	31.9583239353
29.35	2167.73959626	-281.961906969	29.9816466301
29.4	2136.83320211	-281.585844759	29.5541854214
29.45	2486.75472928	-286.54251717	34.393891996
29.5	2314.29371035	-284.057404375	32.0086122622
29.55	2562.47770147	-287.530132347	35.4412038584
29.6	2550.81381737	-287.400750398	35.2798826131
29.65	2702.64899413	-289.503249133	37.3798897465
29.7	2380.13389231	-284.97397237	32.919236893
29.75	2265.07116048	-283.390394724	31.3278233431
29.8	2523.47738095	-287.009049432	34.9017968973
29.85	2448.88653	-285.956921514	33.8701432158
29.9	2335.52325402	-284.433598662	32.3022345578
29.95	2602.70805227	-288.132050602	35.9976231643
30.0	2343.2483232	-284.409766081	32.4090787076
30.05	2424.23553124	-285.571611854	33.5291993426
30.1	2292.48145171	-283.727532441	31.7069305326
30.15	2662.53183831	-288.873985385	36.8250360216
30.2	2348.72993879	-284.505511044	32.4848940232
30.25	2401.69532653	-285.205506993	33.2174495116
30.3	2445.27577614	-285.793342724	33.8202034783
30.35	2501.06357475	-286.579740064	34.5917952632
30.4	2422.52902672	-285.572599114	33.5055969618
30.45	2308.1554543	-284.017098509	31.9237150614
30.5	2509.83245304	-286.793703146	34.7130761637
30.55	2714.56151501	-289.656490343	37.5446498459
30.6	2427.99098115	-285.655372749	33.5811403472
30.65	2520.65239282	-286.987952192	34.8627249552
30.7	2550.0501766	-287.399691678	35.2693208243
30.75	2236.97905977	-282.910717009	30.93928616
30.8	2495.39663581	-286.576391796	34.513416771
30.85	2247.79123106	-283.134745338	31.0888275069
30.9	2486.62070715	-286.544251579	34.3920383581
30.95	2464.59277492	-286.097413428	34.0873736828
31.0	2653.64961	-288.794089004	36.7021873957
31.05	2515.14179592	-286.975984082	34.7865088039
31.1	2437.4131995	-285.879351308	33.7114574856
31.15	2508.75977391	-286.831272485	34.6982401166
31.2	2534.60735013	-287.098800373	35.0557336541
31.25	2494.15163295	-286.505017273	34.4961973431
31.3	2327.67865362	-284.17442595	32.1937371913
31.35	2496.92082399	-286.674434533	34.5344975649
31.4	2309.88080169	-284.013585356	31.9475780548
31.45	2667.36774662	-288.977654497	36.891920667
31.5	2630.94234183	-288.573006452	36.3881269378
31.55	2457.80833998	-286.082393191	33.9935392891
31.6	2376.77039519	-284.941916452	32.8727169225
31.65	2678.48244959	-289.172929557	37.0456462793
31.7	2461.87111493	-286.092857489	34.0497308552
31.75	2449.35538391	-285.98974806	33.8766278564
31.8	2333.69834874	-284.283640886	32.2769945956
31.85	2360.50231755	-284.712737596	32.6477158403
31.9	2481.74434993	-286.529782145	34.3245942706
31.95	2157.55410362	-281.742711501	29.8407727717
32.0	2635.20472872	-288.477107223	36.4470793037
32.05	2531.86414443	-287.122374423	35.0177928312
32.1	2519.68157916	-286.920839744	34.8492977926
32.15	2680.14809914	-289.176757299	37.0686836018
32.2	2341.99384425	-284.438526119	32.3917282175
32.25	2576.24392989	-287.714920311	35.6316022793
32.3	2102.24236132	-281.00068459	29.0757652426
32.35	2295.0426816	-283.808398314	31.7423544781
32.4	2537.44727707	-287.291697372	35.0950122123
32.45	2443.63996939	-285.885857927	33.7975789066
32.5	2744.2404188	-290.073776014	37.9551338392
32.55	2378.89566189	-284.910424275	32.9021111335
32.6	2717.7535184	-289.757237208	37.5887979152
32.65	2442.95695289	-285.813120613	33.7881322188
32.7	2629.3058714	-288.531884434	36.365493187
32.75	2528.62237852	-287.118973653	34.9729565049
32.8	2107.66729215	-281.08142025	29.1507965607
32.85	2692.9016024	-289.336197319	37.2450751891
32.9	2432.3073779	-285.69284676	33.6408397142
32.95	2610.10361544	-288.222387276	36.0999099713
33.0	2551.93069122	-287.34673787	35.2953299099
33.05	2532.33341241	-287.064779287	35.0242831988
33.1	2419.72844344	-285.575691645	33.4668625592
33.15	2194.85542015	-282.382593056	30.3566810906
33.2	2390.23875341	-285.232477393	33.0589955501
33.25	2460.39560275	-286.099727306	34.029323291
33.3	2482.13014646	-286.416608013	34.3299301584
33.35	2277.18310081	-283.494731528	31.49534158
33.4	2456.89873712	-285.999683227	33.9809587228
33.45	2487.37532363	-286.453230902	34.4024753335
33.5	2253.1213027	-283.225504551	31.1625468432
33.55	2400.23775171	-285.28616645	33.1972900362
33.6	2488.54642228	-286.46889256	34.4186726046
33.65	2519.92786683	-286.942788703	34.8527041565
33.7	2497.3018842	-286.663073667	34.5397679454
33.75	2431.51048162	-285.763369514	33.6298179741
33.8	2633.18025782	-288.608674493	36.4190791826
33.85	2403.42085356	-285.248613492	33.2413149898
33.9	2438.57366569	-285.710028422	33.7275077009
33.95	2404.2521121	-285.289733642	33.2528119886
34.0	2420.4978368	-285.469729222	33.4775039111
34.05	2422.62804012	-285.5339263	33.5069663996
34.1	2309.83180484	-284.021695917	31.9469003875
34.15	2519.22605697	-287.017107718	34.8429975408
34.2	2366.58564813	-284.821155486	32.731853376
34.25	2667.30841742	-289.022629331	36.8911000946
34.3	2731.63740292	-289.88880632	37.780823618
34.35	2414.63751649	-285.417181218	33.3964507933
34.4	2456.67908924	-285.998910422	33.9779208095
34.45	2472.69190271	-286.296435032	34.1993913753
34.5	2555.13167243	-287.42015474	35.3396021498
34.55	2452.5005606	-286.037329368	33.9201282733
34.6	2608.82571561	-288.196149594	36.0822355508
34.65	2463.33135507	-286.113610384	34.0699271942
34.7	2184.77692113	-282.178734338	30.2172870432
34.75	2500.85048634	-286.655194522	34.5888480728
34.8	2579.82176362	-287.702938269	35.6810867038
34.85	2557.54849542	-287.432274217	35.3730288276
34.9	2577.39799376	-287.776906506	35.6475639452
34.95	2217.33133034	-282.745013062	30.6675416746
35.0	2486.27460471	-286.490376185	34.3872514727
35.05	2611.84443111	-288.274941284	36.1239869039
35.1	2672.06100361	-289.118863545	36.9568323256
35.15	2289.47267721	-283.743847336	31.6653166717
35.2	2503.05992123	-286.684358395	34.6194064001
35.25	2520.76999382	-286.909069426	34.8643514752
35.3	2310.04416145	-283.913969582	31.9498374566
35.35	2513.67228025	-286.792731024	34.7661841766
35.4	2368.478345	-284.744039957	32.7580309524
35.45	2527.57693931	-286.988174784	34.9584972087
35.5	2588.93028002	-287.916374546	35.8070650826
35.55	2491.12113088	-286.523713737	34.4542829719
35.6	2322.23765534	-284.104080468	32.1184836471
35.65	2380.15388555	-284.906016449	32.9195134162
35.7	2449.8522907	-285.944074306	33.8835004918
35.75	2705.53115205	-289.48927348	37.4197523944
35.8	2273.74049388	-283.502379334	31.4477274549
35.85	2388.854626	-285.183398995	33.0398519136
35.9	2795.58418445	-290.872693794	38.6652609417
35.95	2465.80239738	-286.234250289	34.1041037703
36.0	2387.19512257	-285.088129592	33.016899597
36.05	2400.82396845	-285.234111066	33.2053979027
36.1	2700.08574711	-289.458057963	37.3444379023
36.15	2522.77637376	-286.947894509	34.8921013831
36.2	2374.94214454	-284.830776714	32.8474306912
36.25	2475.10314378	-286.249510378	34.2327408504
36.3	2450.14558005	-285.915671645	33.8875569281
36.35	2418.04229378	-285.474176478	33.443541703
36.4	2699.38359936	-289.443087776	37.3347266133
36.45	2208.28228257	-282.533598175	30.5423857967
36.5	2404.7498299	-285.301044698	33.2596958409
36.55	2391.40735369	-285.041359666	33.0751582666
36.6	2709.7460364	-289.509975893	37.4780477605
36.65	2348.58935031	-284.485632147	32.4829495673
36.7	2560.94633589	-287.550701182	35.4200237953
36.75	2653.27356228	-288.865389003	36.6969863422
36.8	2191.2544649	-282.29837248	30.3068768762
36.85	2301.92524295	-283.84054496	31.837546042
36.9	2608.85860462	-288.112664334	36.0826904332
36.95	2483.91149596	-286.425809502	34.3545677078
37.0	2363.50383481	-284.816667569	32.6892293274
37.05	2676.64098335	-289.221279018	37.0201772653
37.1	2479.45992923	-286.33190423	34.2929988271
37.15	2524.5199701	-287.043917259	34.9162167748
37.2	2472.10546328	-286.256660753	34.1912804289
37.25	2437.93624142	-285.805049109	33.7186915916
37.3	2426.76105919	-285.653222153	33.5641295005
37.35	2395.90029909	-285.225710691	33.1372994488
37.4	2484.71946137	-286.373488849	34.3657425432
37.45	2387.76048064	-285.052935451	33.0247189706
37.5	2315.67159613	-284.057662177	32.0276695717
37.55	2367.03729368	-284.80821794	32.7381000107
37.6	2624.65451718	-288.423352508	36.3011610786
37.65	2583.68002341	-287.915174596	35.7344496548
37.7	2543.66319326	-287.332350953	35.1809835176
37.75	2567.61900345	-287.626795082	35.5123123529
37.8	2488.45270424	-286.448653157	34.4173764058
37.85	2257.7693933	-283.204517795	31.2268338129
37.9	2555.61710343	-287.455295106	35.3463160654
37.95	2104.07899948	-281.122459383	29.1011674803
38.0	2459.37805337	-286.081651775	34.0152497345
38.05	2496.07832211	-286.530261878	34.5228450611
38.1	2529.13975004	-287.044035898	34.9801121844
38.15	2382.88024128	-284.935814049	32.9572211899
38.2	2492.31843344	-286.483888775	34.470842665
38.25	2422.11048896	-285.533101354	33.4998082355
38.3	2354.82548698	-284.603668947	32.5692005388
38.35	2635.52148747	-288.541255326	36.4514603414
38.4	2549.63765479	-287.396542582	35.2636153035
38.45	2350.36258675	-284.528787381	32.5074749063
38.5	2613.02177157	-288.232558751	36.1402705045
38.55	2395.65510929	-285.176554466	33.1339082694
38.6	2392.53381022	-285.08894338	33.0907380999
38.65	2455.89902008	-285.941609494	33.9671318023
38.7	2403.32851074	-285.243638037	33.2400378115
38.75	2553.21362468	-287.380413767	35.3130739498
38.8	2454.16240312	-286.102478013	33.9431129413
38.85	2449.0529809	-286.035434143	33.8724453705
38.9	2331.35181633	-284.240279048	32.2445400953
38.95	2590.97600648	-287.892001467	35.8353591858
39.0	2329.93647482	-284.288569694	32.2249647417
39.05	2256.18767762	-283.237994992	31.2049573659
39.1	2399.58937287	-285.207421903	33.1883224161
39.15	2497.56930665	-286.600422607	34.543466621
39.2	2565.37218481	-287.568264363	35.4812369773
39.25	2598.83654976	-288.014948397	35.9440770556
39.3	2517.08991993	-286.843949276	34.8134529839
39.35	2461.44170512	-286.14576198	34.0437917594
39.4	2331.11739232	-284.281997681	32.2412978157
39.45	2249.04385567	-283.193271116	31.10615235
39.5	2201.78514783	-282.444229926	30.4525250042
39.55	2399.3970228	-285.225180284	33.1856620542
39.6	2421.60558584	-285.613441551	33.4928250043
39.65	2280.2168699	-283.464199392	31.5373011368
39.7	2418.35609813	-285.430945379	33.4478818789
39.75	2571.45551491	-287.684144338	35.5653745064
39.8	2174.10808059	-282.035954694	30.0697280801
39.85	2576.1074562	-287.658529838	35.6297147343
39.9	2467.81966826	-286.266488417	34.1320043092
39.95	2700.94688772	-289.509431477	37.3563481952
40.0	2319.1778349	-284.110755488	32.0761637783
40.05	2267.40033922	-283.302513141	31.3600378278
40.1	2684.39221632	-289.198815509	37.1273832822
40.15	2368.73210627	-284.79999482	32.7615406823
40.2	2392.6689005	-285.066157555	33.0926065112
40.25	2368.83572004	-284.864850621	32.7629737472
40.3	2548.95261701	-287.416491718	35.2541406597
40.35	2491.62934654	-286.50143755	34.4613120183
40.4	2487.9141706	-286.499052786	34.4099280364
40.45	2677.94520333	-289.216899141	37.0382157154
40.5	2261.75637033	-283.270530058	31.2819770307
40.55	2603.49151517	-287.990611531	36.0084591097
40.6	2501.01743155	-286.703900705	34.5911570642
40.65	2145.09008995	-281.660540729	29.668385067
40.7	2535.58697929	-287.117277409	35.0692827423
40.75	2138.50440047	-281.548855184	29.5772994886
40.8	2572.56389585	-287.678516588	35.5807043391
40.85	2418.02458362	-285.444146213	33.4432967568
40.9	2346.47841592	-284.39105967	32.453753584
40.95	2166.60451873	-281.903728959	29.9659475611
41.0	2388.37214849	-285.04893431	33.0331788472
41.05	2422.89444144	-285.513120508	33.5106509522
41.1	2604.80941822	-288.076561637	36.0266868081
41.15	2304.95834851	-283.867762848	31.8794964218
41.2	2288.09044882	-283.694481511	31.6461993003
41.25	2459.5516039	-286.081022662	34.0176500831
41.3	2510.21832448	-286.74290679	34.7184130875
41.35	2109.57802134	-281.081888183	29.1772235391
41.4	2595.76718783	-288.006242282	35.9016252201
41.45	2574.83234521	-287.646079283	35.6120788858
41.5	2341.47062274	-284.357975845	32.3844916276
41.55	2554.73496824	-287.454360065	35.3341154
41.6	2447.06949546	-285.865332774	33.8450121125
41.65	2278.21412211	-283.55921965	31.5096014645
41.7	2440.2248895	-285.820771603	33.7503455033
41.75	2489.21664399	-286.460063473	34.4279423298
41.8	2657.2638746	-288.831172961	36.7521756896
41.85	2692.50313678	-289.329049164	37.2395640771
41.9	2413.55829062	-285.422113039	33.3815241995
41.95	2443.17146066	-285.882772382	33.7910990401
42.0	2448.87988156	-285.921619958	33.8700512623
42.05	2566.24500548	-287.595582186	35.4933088151
42.1	2374.86794899	-284.897494668	32.8464045049
42.15	2411.28866954	-285.360190318	33.350133447
42.2	2307.74669725	-283.904763465	31.9180616105
42.25	2584.36899362	-287.778196683	35.7439786874
42.3	2520.51966819	-286.988117443	34.8608892629
42.35	2258.0252192	-283.27026028	31.2303720986
42.4	2401.84632419	-285.227829017	33.2195379353
42.45	2525.8976851	-286.968647933	34.9352717223
42.5	2581.193456	-287.771047422	35.7000583535
42.55	2379.55230679	-284.91570621	32.9111930802
42.6	2409.8280955	-285.288120222	33.3299324897
42.65	2551.69000046	-287.357471832	35.2920009559
42.7	2425.70185058	-285.673740929	33.5494797621
42.75	2594.79060048	-288.006929697	35.8881182025
42.8	2493.02755355	-286.551423368	34.4806503875
42.85	2451.39958262	-285.953661386	33.9049008295
42.9	2273.15941909	-283.440586999	31.4396907059
42.95	2339.94725106	-284.443767572	32.3634221267
43.0	2446.7535443	-285.890486752	33.8406422444
43.05	2457.98102539	-286.078819785	33.9959276723
43.1	2496.8422753	-286.597201598	34.533411171
43.15	2500.98686257	-286.61134871	34.5907342697
43.2	2580.21587448	-287.742677522	35.6865375858
43.25	2288.36714039	-283.679211283	31.6500261755
43.3	2527.5239212	-287.025808538	34.957763924
43.35	2821.77785134	-291.140204303	39.0275412017
43.4	2440.28986232	-285.823317962	33.7512441317
43.45	2122.74998656	-281.33524614	29.3594028042
43.5	2372.4870789	-284.85588854	32.8134750857
43.55	2440.7448552	-285.784818384	33.7575370627
43.6	2417.92692629	-285.483165256	33.4419460745
43.65	2527.95972723	-287.03191382	34.9637914848
43.7	2502.08915621	-286.64685042	34.6059799102
43.75	2667.61497824	-289.092829368	36.8953400865
43.8	2196.3218008	-282.369683248	30.376962358
43.85	2590.55555929	-287.903460026	35.8295440505
43.9	2582.50733201	-287.764268438	35.7182303546
43.95	2432.44021932	-285.687446465	33.6426770219
44.0	2182.44078934	-282.163988976	30.1849763921
44.05	2336.10396284	-284.377076207	32.310266245
44.1	2716.44522214	-289.714071339	37.5707030866
44.15	2538.28960224	-287.07934502	35.1066622719
44.2	2617.9864011	-288.310232085	36.2089354716
44.25	2469.30682441	-286.270935969	34.1525729191
44.3	2379.88607693	-284.929998124	32.9158093997
44.35	2324.66300715	-284.262336389	32.1520282855
44.4	2383.61414182	-285.003801337	32.9673716464
44.45	2280.61215979	-283.574650278	31.5427683257
44.5	2440.53033982	-285.822035292	33.754570136
44.55	2474.38586154	-286.351974223	34.2228202388
44.6	2513.38792746	-286.879222067	34.7622513404
44.65	2561.87130534	-287.527012191	35.4328168942
44.7	2300.34180151	-283.855334693	31.8156457263
44.75	2596.98829684	-288.039207331	35.9185141762
44.8	2222.24343158	-282.814357617	30.7354801317
44.85	2398.63324798	-285.310223363	33.1750984115
44.9	2494.25575385	-286.622698235	34.497637422
44.95	2533.1261392	-287.149832104	35.0352472715
45.0	2632.59543654	-288.556276401	36.4109906166
45.05	2538.90956879	-287.158770528	35.1152369264
45.1	2254.45237185	-283.252549295	31.1809566398
45.15	2547.1382238	-287.303752493	35.2290460884
45.2	2452.97471645	-286.030488322	33.9266862441
45.25	2363.29934722	-284.747196264	32.6864010934
45.3	2623.26919862	-288.311454173	36.2820009674
45.35	2584.58368082	-287.843013586	35.7469479905
45.4	2181.74683118	-282.192343025	30.1753783719
45.45	2502.35858449	-286.764819787	34.6097063279
45.5	2534.66560762	-287.196823932	35.0565394036
45.55	2398.6212246	-285.191398188	33.174932118
45.6	2398.11305133	-285.126209482	33.1679036579
45.65	2712.84278995	-289.609450683	37.5208784448
45.7	2420.51900146	-285.492689061	33.477796636
45.75	2363.00072586	-284.687937854	32.682270911
45.8	2453.81974726	-286.034506897	33.9383737251
45.85	2271.53999533	-283.439288413	31.4172927245
45.9	2550.34688237	-287.403724895	35.2734245125
45.95	2720.70187539	-289.74462448	37.6295761514
46.0	2157.21361623	-281.739979651	29.836063547
46.05	2603.78202881	-288.111685374	36.0124771556
46.1	2452.61210052	-285.910257475	33.9216709633
46.15	2562.96680125	-287.512716999	35.4479685163
46.2	2214.51138438	-282.645501612	30.6285394702
46.25	2436.77006902	-285.722165359	33.7025624546
46.3	2465.94933797	-286.119362435	34.1061360813
46.35	2460.06741141	-286.167990217	34.0247841311
46.4	2399.29430275	-285.328521256	33.1842413503
46.45	2656.20332338	-288.868508345	36.7375073818
46.5	2594.57337992	-288.002654898	35.8851138609
46.55	2698.52346765	-289.487095721	37.3228302743
46.6	2167.54540059	-282.01598223	29.9789607421
46.65	2480.71287178	-286.299657853	34.3103280675
46.7	2334.27727263	-284.28962455	32.2850015959
46.75	2301.106375	-283.857258432	31.8262204154
46.8	2499.70369547	-286.630667018	34.5729869985
46.85	2256.36228923	-283.246757044	31.2073723901
46.9	2394.10435172	-285.156397932	33.1124599987
46.95	2265.58547862	-283.294290927	31.334936792
47.0	2516.36784653	-286.836809666	34.8034661065
47.05	2451.22274786	-285.987863339	33.9024550573
47.1	2661.60358936	-288.898471386	36.8121975644
47.15	2580.47563091	-287.792699326	35.6901302339
47.2	2540.13040054	-287.256177667	35.1321220478
47.25	2239.23424794	-282.923784731	30.9704772933
47.3	2324.67840088	-284.098167615	32.1522411937
47.35	2375.29328293	-284.829038809	32.8522872279
47.4	2266.93642358	-283.354079698	31.3536214876
47.45	2367.24953414	-284.821547534	32.7410354733
47.5	2555.29889311	-287.398581875	35.3419149514
47.55	2585.07337688	-287.845140836	35.7537208955
47.6	2422.41649747	-285.555483265	33.5040405885
47.65	2576.80824759	-287.745893662	35.6394072637
47.7	2231.4971848	-282.720357306	30.8634672569
47.75	2352.0597846	-284.562622619	32.530948568
47.8	2545.00313212	-287.342030991	35.1995159896
47.85	2408.72499707	-285.379532227	33.3146757184
47.9	2356.09744982	-284.639935125	32.5867928457
47.95	2487.31627524	-286.512485994	34.4016586449
48.0	2504.81115165	-286.696806507	34.6436273774
48.05	2210.32128543	-282.481871955	30.5705869069
48.1	2458.09833521	-286.190737239	33.997550165
48.15	2751.79712287	-290.223817099	38.0596493591
48.2	2262.50206848	-283.195664383	31.292290658
48.25	2635.91451469	-288.548118322	36.4568962357
48.3	2497.08074356	-286.658408312	34.5367093859
48.35	2273.47204626	-283.53456103	31.4440146003
48.4	2495.51661382	-286.628369112	34.515076167
48.45	2304.08003822	-283.874620005	31.8673486579
48.5	2677.23654842	-289.157115159	37.0284144269
48.55	2102.46352393	-280.990071368	29.078824106
48.6	2365.8609302	-284.674907655	32.7218299227
48.65	2427.81379611	-285.652049107	33.5786897302
48.7	2561.5138021	-287.578151474	35.4278723262
48.75	2630.40515854	-288.558978547	36.380697245
48.8	2280.18510977	-283.540430599	31.5368618678
48.85	2616.50266765	-288.326134642	36.1884142005
48.9	2320.39695299	-284.118439703	32.0930251983
48.95	2542.03844501	-287.261341248	35.1585118942
49.0	2546.34112872	-287.421588344	35.2180215985
49.05	2644.20880826	-288.677645151	36.5716132336
49.1	2501.61315346	-286.626313003	34.5993963951
49.15	2654.2620336	-288.752260232	36.710657725
49.2	2274.7085534	-283.454348007	31.4611165254
49.25	2528.89035044	-287.115051394	34.9766627801
49.3	2331.66665654	-284.330933333	32.2488945979
49.35	2499.99631311	-286.655503436	34.5770341445
49.4	2523.00338779	-287.042379041	34.8952411765
49.45	2416.8082657	-285.52038567	33.4264740655
49.5	2513.25896468	-286.865972562	34.7604676775
49.55	2646.73204351	-288.734584644	36.6065116815
49.6	2601.89588844	-288.095627792	35.9863902611
49.65	2395.23991315	-285.149380857	33.1281657604
49.7	2415.95344449	-285.522938648	33.4146511751
49.75	2574.36518098	-287.763595946	35.6056176148
49.8	2301.76011999	-283.873669289	31.8352622539
49.85	2546.08007548	-287.341612912	35.2144110146
49.9	2467.65539396	-286.171764813	34.1297322585
49.95	2331.99606953	-284.31925864	32.2534506544
50.0	2370.85483781	-284.858381341	32.7908998301
50.05	2367.02158615	-284.776114246	32.7378827625
50.1	2341.12830451	-284.360068821	32.3797570809
50.15	2503.79946691	-286.61453641	34.6296349336
50.2	2485.90097502	-286.423984301	34.3820838624
50.25	2554.85388746	-287.428473529	35.335760152
50.3	2435.00067663	-285.723254401	33.678090282
50.35	2356.43964038	-284.606393329	32.5915256265
50.4	2407.33432905	-285.379638775	33.2954416198
50.45	2318.42547808	-284.076325978	32.065758056
50.5	2382.4682022	-285.023094879	32.9515223457
50.55	2502.60572256	-286.692227723	34.6131244536
50.6	2342.12354692	-284.395001875	32.3935221136
50.65	2325.80311451	-284.183530076	32.1677969211
50.7	2596.77340598	-288.021393256	35.9155420564
50.75	2518.83974223	-286.974147538	34.8376544857
50.8	2234.06380363	-282.903977437	30.8989657361
50.85	2313.62560464	-283.957580795	31.999371803
50.9	2546.71939121	-287.291875518	35.2232532843
50.95	2678.04087668	-289.22802042	37.0395389577
51.0	2489.39177147	-286.540970189	34.4303644889
51.05	2372.31811367	-284.85824317	32.8111381556
51.1	2583.96735055	-287.888506537	35.7384236287
51.15	2338.19926188	-284.470389325	32.3392459784
51.2	3013.86153246	-293.983914776	41.68421872
51.25	2405.60485586	-285.280728262	33.271521563
51.3	2549.03635909	-287.372537674	35.2552988825
51.35	2294.48641055	-283.799846029	31.7346607856
51.4	2655.91200029	-288.819628058	36.7334781404
51.45	2299.64281799	-283.772952951	31.8059782012
51.5	2532.46556348	-286.999427879	35.0261109583
51.55	2267.63051544	-283.284301182	31.3632213569
51.6	2418.08443174	-285.492082325	33.4441245061
51.65	2355.01546297	-284.605514143	32.5718280651
51.7	2655.97093194	-288.84951241	36.7342932143
51.75	2405.45524991	-285.353615321	33.2694523881
51.8	2501.02769941	-286.681284797	34.5912990773
51.85	2607.74028387	-288.198811435	36.0672231246
51.9	2354.6428144	-284.633067548	32.5666740245
51.95	2745.12032947	-290.138179104	37.9673037376
52.0	2496.55565173	-286.560029457	34.5294469279
52.05	2358.79676135	-284.611104622	32.6241265755
52.1	2171.80730301	-282.016282235	30.0379064072
52.15	2575.25891173	-287.740950468	35.6179786566
52.2	2540.91630655	-287.214983257	35.1429917833
52.25	2410.64490449	-285.455814268	33.3412296394
52.3	2586.73107313	-287.92626328	35.7766482171
52.35	2287.72339986	-283.760547626	31.641122707
52.4	2284.97557373	-283.734684366	31.6031179798
52.45	2497.6266735	-286.665674384	34.5442600523
52.5	2668.19385304	-288.979017586	36.9033464077
52.55	2438.22932348	-285.771713089	33.7227451609
52.6	2534.07210455	-287.137982607	35.0483307612
52.65	2413.67923966	-285.396755332	33.3831970255
52.7	2682.54833902	-289.182406149	37.1018809213
52.75	2521.555106	-286.932232337	34.8752102314
52.8	2397.4260284	-285.256660214	33.1584015577
52.85	2384.19574994	-285.117787264	32.9754157719
52.9	2573.602291	-287.667901143	35.5950662102
52.95	2332.74410802	-284.258659467	32.2637966505
53.0	2239.22540872	-282.880474048	30.9703550395
53.05	2425.72412817	-285.574951248	33.5497878798
53.1	2371.59473809	-284.901918383	32.801133268
53.15	2437.42476966	-285.77712801	33.7116175104
53.2	2395.38559452	-285.102890228	33.1301806553
53.25	2320.93067588	-284.115496808	32.1004070311
53.3	2583.41784245	-287.832697832	35.7308234735
53.35	2186.85178822	-282.307095162	30.2459841856
53.4	2360.65255886	-284.718415351	32.6497938029
53.45	2432.25917075	-285.773217954	33.6401729692
53.5	2379.12421267	-284.944671535	32.9052721815
53.55	2325.21951516	-284.181266568	32.1597252554
53.6	2699.20866801	-289.476216293	37.3323071669
53.65	2282.05683407	-283.494554507	31.5627493759
53.7	2686.52546708	-289.206951241	37.1568879194
53.75	2425.83664381	-285.650828528	33.5513440648
53.8	2246.93027544	-283.137316005	31.0769197725
53.85	2460.76825702	-286.080623876	34.0344774105
53.9	2619.13046277	-288.42468654	36.2247587988
53.95	2567.46178709	-287.705412942	35.5101379195
54.0	2743.37802956	-290.11497816	37.9432062767
54.05	2302.81525758	-283.938801238	31.8498556868
54.1	2680.88517221	-289.201717097	37.0788779371
54.15	2543.08938212	-287.16638287	35.173047231
54.2	2495.16977223	-286.598467454	34.5102790586
54.25	2425.42796402	-285.672644819	33.5456916825
54.3	2558.6751912	-287.50562383	35.3886119699
54.35	2592.54050883	-287.968753791	35.8569975583
54.4	2411.35512988	-285.438222363	33.3510526488
54.45	2544.28216502	-287.300712337	35.1895444133
54.5	2590.4601235	-287.923328971	35.828224094
54.55	2744.35280652	-290.181828512	37.9566882551
54.6	2437.26569299	-285.887246444	33.7094173474
54.65	2617.81607072	-288.295408017	36.2065796605
54.7	2354.70478695	-284.49850288	32.5675311566
54.75	2327.48035911	-284.164552601	32.190994613
54.8	2502.70831703	-286.701371034	34.6145434207
54.85	2538.75031836	-287.240043043	35.1130343601
54.9	2399.28527607	-285.209696205	33.1841165038
54.95	2345.30029964	-284.539974783	32.4374592532
55.0	2459.15325363	-286.115146705	34.0121405665
55.05	2222.49127396	-282.687563643	30.7389079987
55.1	2560.14309344	-287.446648373	35.4089142823
55.15	2520.9994944	-286.919885233	34.8675256596
55.2	2694.44286253	-289.296532723	37.2663921021
55.25	2664.205648	-289.002141669	36.8481862057
55.3	2218.68607539	-282.76215983	30.6862789287
55.35	2489.51884462	-286.53991471	34.4321220166
55.4	2163.1652472	-281.889236322	29.9183795674
55.45	2542.510484	-287.263835706	35.1650405871
55.5	2806.53698382	-291.014508435	38.8167472922
55.55	2494.05544635	-286.529837348	34.4948670022
55.6	2345.10722616	-284.424432234	32.434788886
55.65	2467.45532172	-286.189667403	34.1269650927
55.7	2499.68764251	-286.636354665	34.5727649727
55.75	2349.51513518	-284.510901149	32.4957539442
55.8	2647.11558663	-288.737981155	36.6118164029
55.85	2416.64629463	-285.447612458	33.4242338704
55.9	2519.18231632	-286.902864908	34.8423925711
55.95	2323.98050739	-284.170877226	32.1425887445
56.0	2596.93798092	-288.020422808	35.9178182651
56.05	2550.42126961	-287.361455228	35.2744533501
56.1	2497.72003756	-286.575759197	34.5455513551
56.15	2337.37040788	-284.424737996	32.3277822363
56.2	2284.60890851	-283.676834648	31.598046694
56.25	2272.34247669	-283.43842858	31.428391711
56.3	2575.23788599	-287.714932057	35.6176878531
56.35	2562.94763369	-287.559726173	35.447703413
56.4	2575.2244748	-287.747182645	35.6175023651
56.45	2562.08268317	-287.533662162	35.435740426
56.5	2317.98186434	-284.073296785	32.059622508
56.55	2223.13562091	-282.773620796	30.7478198544
56.6	2658.78696976	-288.854469494	36.7732413661
56.65	2483.98543107	-286.388977855	34.3555902919
56.7	2208.55880068	-282.625723298	30.5462102727
56.75	2467.25693202	-286.205460181	34.1242211976
56.8	2372.74314	-284.854617973	32.8170166243
56.85	2380.66769284	-284.960205039	32.9266197996
56.9	2441.62218463	-285.799415487	33.7696712604
56.95	2731.28976335	-289.861859115	37.7760154728
57.0	2440.09874038	-285.768168936	33.7486007558
57.05	2622.76170973	-288.387585629	36.2749819728
57.1	2599.5578308	-288.084097962	35.954052974
57.15	2299.24811301	-283.85620012	31.8005191021
57.2	2440.59977112	-285.794915872	33.7555304289
57.25	2311.25754634	-283.982646906	31.9666195816
57.3	2399.42261457	-285.296205904	33.1860160098
57.35	2363.12371575	-284.774394038	32.6839719638
57.4	2402.03083985	-285.276183079	33.2220899408
57.45	2222.981678	-282.769342568	30.7456906955
57.5	2541.2172338	-287.251401957	35.1471538582
57.55	2461.734767	-286.168325546	34.0478450496
57.6	2290.26314508	-283.708728518	31.6762495018
57.65	2315.88885152	-283.958024359	32.030674395
57.7	2428.84976646	-285.66873722	33.5930180643
57.75	2361.97905352	-284.673672124	32.6681403304
57.8	2464.75934896	-286.08735319	34.0896775407
57.85	2488.08643946	-286.434777214	34.4123106585
57.9	2386.84392991	-285.09145937	33.0120423096
57.95	2180.53373727	-282.226200174	30.1586002713
58.0	2496.28993959	-286.636282336	34.5257719074
58.05	2578.63932285	-287.724380053	35.6647325618
58.1	2293.26956941	-283.769003153	31.7178308577
58.15	2525.41679283	-286.901796133	34.9286205812
58.2	2542.94149243	-287.254299927	35.1710017932
58.25	2640.79517131	-288.645933549	36.5243997875
58.3	2388.75287807	-285.081270089	33.0384446548
58.35	2406.39903495	-285.338487698	33.2825057223
58.4	2354.86993225	-284.59241712	32.5698152539
58.45	2304.41668918	-283.911363507	31.8720048215
58.5	2600.21113126	-288.071160778	35.9630886642
58.55	2382.04644446	-284.971430957	32.9456890845
58.6	2484.72337921	-286.478362083	34.3657967302
58.65	2597.96615504	-288.025424786	35.9320387707
58.7	2427.59027458	-285.66530885	33.575598241
58.75	2583.89363341	-287.915003106	35.7374040593
58.8	2534.93154511	-287.13592162	35.0602175409
58.85	2431.44046617	-285.688416804	33.6288496021
58.9	2500.9600034	-286.716674454	34.5903627851
58.95	2510.45056355	-286.838974218	34.7216251475
59.0	2720.16318854	-289.763772171	37.622125663
59.05	2175.90819912	-282.026438857	30.0946252207
59.1	2517.68646594	-286.956407258	34.8217037127
59.15	2437.30084802	-285.818921628	33.7099035708
59.2	2519.77368239	-286.984753127	34.8505716571
59.25	2514.79871285	-286.910147711	34.7817636789
59.3	2498.33689326	-286.679783148	34.554082984
59.35	2555.63578459	-287.407753833	35.3465744415
59.4	2388.72337949	-285.041608388	33.0380366648
59.45	2565.33618914	-287.604564603	35.4807391271
59.5	2434.39828463	-285.800437641	33.6697586982
59.55	2460.95963506	-286.193151935	34.0371243283
59.6	2405.64601044	-285.288055001	33.2720907653
59.65	2384.65736796	-285.066781275	32.9818003341
59.7	2648.12046836	-288.713711574	36.6257147553
59.75	2369.27907123	-284.764308738	32.769105664
59.8	2258.86481326	-283.258937174	31.2419843847
59.85	2459.75979526	-286.136933158	34.0205295432
59.9	2566.54184434	-287.55619324	35.4974143441
59.95	2287.67588072	-283.586549686	31.6404654776
60.0	2641.75720952	-288.728733004	36.5377055782
60.05	2505.15268483	-286.809768026	34.6483510662
60.1	2519.83775701	-286.872923784	34.8514578625
60.15	2378.91745308	-284.952494231	32.9024125239
60.2	2631.03938402	-288.485189134	36.3894691124
60.25	2504.88896287	-286.730899429	34.6447035715
60.3	2399.00680165	-285.176525367	33.1802649703
60.35	2570.32186574	-287.639474138	35.5496951928
60.4	2484.34138845	-286.491585882	34.3605134794
60.45	2476.34593417	-286.439767933	34.249929678
60.5	2151.39779942	-281.878927083	29.7556259499
60.55	2576.34935559	-287.787986999	35.6330604046
60.6	2388.41839563	-285.073306517	33.0338184837
60.65	2504.6687562	-286.700777324	34.6416579295
60.7	2437.23133288	-285.763847046	33.7089421185
60.75	2619.09116654	-288.376136094	36.2242152991
60.8	2486.8007673	-286.444767815	34.3945287402
60.85	2495.37230834	-286.611736055	34.5130803019
60.9	2512.06715283	-286.806397941	34.7439839255
60.95	2618.98378698	-288.280207233	36.2227301502
61.0	2429.40430686	-285.617258555	33.6006878205
61.05	2589.06684013	-287.874076443	35.808953823
61.1	2243.69698078	-283.014856293	31.0322006107
61.15	2478.15540869	-286.326604393	34.2749562198
61.2	2119.09675284	-281.320739296	29.3088755348
61.25	2516.18898054	-286.880215155	34.8009922406
61.3	2539.64474721	-287.193563752	35.1254050571
61.35	2393.75113746	-285.128720391	33.107574751
61.4	2350.80741757	-284.596532792	32.5136272874
61.45	2629.86037882	-288.461690661	36.373162487
61.5	2600.35250667	-288.099312022	35.9650440041
61.55	2256.22126064	-283.218610015	31.2054218471
61.6	2675.72818891	-289.118610775	37.0075525568
61.65	2483.76660316	-286.521191535	34.3525637195
61.7	2254.47228598	-283.219945512	31.1812320688
61.75	2651.16613097	-288.790418533	36.6678388094
61.8	2466.78793826	-286.130852964	34.1177346228
61.85	2568.01393083	-287.635615974	35.5177745281
61.9	2556.00352399	-287.524131147	35.3516605841
61.95	2462.07027232	-286.208595578	34.052485368
62.0	2507.75720492	-286.77963313	34.6843737512
