# 	 t 	 T	E	K
2.05	2572.13716799	-292.500953774	35.574802337
2.1	2328.22684653	-289.031526716	32.2013191566
2.15	2211.25388368	-287.37808706	30.5834855184
2.2	2278.97831075	-288.479233151	31.5201708307
2.25	2342.4368826	-289.318750961	32.3978558073
2.3	2045.08088197	-285.057856727	28.2851743074
2.35	2281.88393349	-288.384355262	31.5603580167
2.4	2372.47444456	-289.706577238	32.8133003423
2.45	2522.22094839	-291.79103276	34.884419387
2.5	2507.53921401	-291.54248277	34.6813587552
2.55	2175.64156841	-286.956201033	30.0909374956
2.6	2608.95118546	-293.074187993	36.0839709035
2.65	2383.91324035	-289.860929319	32.9715084286
2.7	2189.41152837	-287.148046897	30.2813875268
2.75	2298.99380312	-288.614346548	31.7970017842
2.8	2225.3843059	-287.552208819	30.7789210433
2.85	2283.17927903	-288.388168285	31.5782737259
2.9	2385.11773224	-289.824370608	32.988167556
2.95	2460.13344295	-290.887360504	34.0256974024
3.0	2520.87361163	-291.774561982	34.8657845958
3.05	2178.84824762	-287.037706286	30.1352885436
3.1	2136.58020562	-286.400019471	29.550686269
3.15	2205.26397573	-287.379491505	30.5006400956
3.2	2136.15766774	-286.37143818	29.5448422177
3.25	2502.79903018	-291.582240127	34.6157980592
3.3	2250.68842684	-287.958695777	31.128898141
3.35	2520.47163817	-291.705123991	34.8602249677
3.4	2224.34035062	-287.521574513	30.7644822711
3.45	2371.78654431	-289.636058552	32.803786108
3.5	2161.3876323	-286.661523141	29.8937936707
3.55	2142.75325082	-286.425068789	29.6360646327
3.6	2329.19650574	-289.025186089	32.2147303522
3.65	2242.84906498	-287.840914387	31.0204732279
3.7	2249.68780864	-288.019729413	31.1150587567
3.75	2157.08183897	-286.588738216	29.8342409577
3.8	2722.44492079	-294.580150056	37.6536839231
3.85	2154.18461775	-286.624314079	29.7941699718
3.9	2513.90161264	-291.67479843	34.7693560348
3.95	2216.8991873	-287.488650594	30.6615647761
4.0	2282.15837298	-288.357869478	31.5641537437
4.05	2387.49935005	-289.882162548	33.0211073168
4.1	2125.19766019	-286.165546066	29.393256172
4.15	2351.12987107	-289.376694761	32.5180870883
4.2	2303.82212022	-288.804007864	31.8637814368
4.25	2148.26304389	-286.597960014	29.7122696663
4.3	2467.82943338	-291.048827455	34.1321393689
4.35	2267.33906693	-288.170781249	31.359190381
4.4	2552.24920851	-292.202553056	35.2997352697
4.45	2240.85841497	-287.83164318	30.9929408779
4.5	2236.80314888	-287.816298011	30.9368531657
4.55	2279.44281601	-288.3876064	31.5265953259
4.6	2230.95788669	-287.758626276	30.8560083144
4.65	2531.16169523	-291.88704348	35.0080773729
4.7	2539.33860239	-291.936735006	35.1211708189
4.75	2144.07706338	-286.403913464	29.6543740646
4.8	2230.66413126	-287.710388689	30.8519454317
4.85	2255.8573649	-288.064016608	31.2003888655
4.9	2260.6399977	-288.06402042	31.2665366661
4.95	2062.31429916	-285.256562039	28.5235268407
5.0	2242.38961269	-287.787206865	31.0141186196
5.05	2163.22632	-286.667592812	29.9192242552
5.1	2434.3641123	-290.500070664	33.6692860665
5.15	2090.08053962	-285.661957895	28.9075571049
5.2	2218.0159235	-287.489439989	30.6770101691
5.25	2155.08456068	-286.586019886	29.806616933
5.3	2442.77000526	-290.570515297	33.7855465771
5.35	2449.70128406	-290.714155999	33.8814119439
5.4	2346.83682938	-289.26125257	32.4587107411
5.45	2346.62137277	-289.31907917	32.4557307966
5.5	2331.94880657	-289.136619872	32.2527969682
5.55	2181.73917529	-287.07262707	30.1752724845
5.6	2159.95288668	-286.714125766	29.8739499421
5.65	2277.83588023	-288.272590794	31.5043700638
5.7	2162.30333883	-286.625611131	29.9064586557
5.75	2350.0698732	-289.32672505	32.5034264337
5.8	2296.08384911	-288.512306946	31.7567546932
5.85	2333.63990269	-289.093378527	32.276186238
5.9	2253.0032548	-288.045242698	31.1609141423
5.95	2246.04876036	-287.875816229	31.0647276838
6.0	2289.44765114	-288.478141063	31.6649705403
6.05	2363.49447078	-289.538320401	32.6890998151
6.1	2213.26078709	-287.456293803	30.6112426666
6.15	2322.07888004	-288.900526526	32.1162876522
6.2	2371.62836549	-289.601922262	32.8015983631
6.25	2392.48281615	-289.957897827	33.0900328094
6.3	2222.30352322	-287.529337448	30.7363112493
6.35	2253.14649386	-287.965582672	31.1628952579
6.4	2330.07132261	-289.012242507	32.2268297991
6.45	2277.06236395	-288.295697501	31.4936716884
6.5	2276.58217385	-288.297261126	31.4870302588
6.55	2117.0192325	-286.085940276	29.2801416957
6.6	2318.02524911	-288.957274813	32.0602225556
6.65	2006.84185416	-284.529957414	27.7562966594
6.7	2384.52889022	-289.825053719	32.9800233798
6.75	2380.54636651	-289.784806854	32.9249417553
6.8	2416.18954368	-290.293471802	33.4179166238
6.85	2321.96312567	-288.907095015	32.1146866727
6.9	2072.35400447	-285.418505929	28.6623843388
6.95	2553.91535423	-292.289611632	35.3227794547
7.0	2281.53187824	-288.4189656	31.5554887989
7.05	2610.11631584	-293.017236374	36.1000856284
7.1	2401.18628825	-290.081817684	33.2104090877
7.15	2009.00555188	-284.57887351	27.7862224035
7.2	2259.69361055	-288.115528575	31.2534473425
7.25	2351.65355281	-289.405828127	32.5253300436
7.3	2244.1902309	-287.843028475	31.0390226712
7.35	2261.3355594	-288.100520535	31.2761568645
7.4	2208.98720637	-287.355210046	30.5521354807
7.45	2455.8362462	-290.832234344	33.9662635872
7.5	2501.79962592	-291.48130242	34.6019754647
7.55	1777.48039058	-281.247835166	24.584036318
7.6	2362.94843001	-289.561741429	32.6815476158
7.65	2451.29378877	-290.721969247	33.9034376123
7.7	2281.49808198	-288.316424876	31.5550213684
7.75	2398.41008785	-290.040090524	33.1720119207
7.8	2065.18920055	-285.312853964	28.5632891248
7.85	2439.72324544	-290.649433592	33.7434073476
7.9	2337.10056749	-289.235132972	32.3240501186
7.95	2162.87628423	-286.756000404	29.9143829685
8.0	2143.63716536	-286.545008325	29.648289908
8.05	2279.14668568	-288.373622001	31.5224995965
8.1	2059.7956307	-285.238916381	28.4886915553
8.15	2436.39902634	-290.502587488	33.6974306249
8.2	2453.56673086	-290.79593015	33.9348742972
8.25	2291.5624623	-288.555009929	31.6942201426
8.3	2004.20090453	-284.495488682	27.7197701233
8.35	2566.98642778	-292.476580997	35.5035633038
8.4	2476.462812	-291.161263873	34.251546196
8.45	2372.06216289	-289.632664985	32.8075981429
8.5	2393.74995198	-289.959338601	33.1075583547
8.55	2242.17262025	-287.824611443	31.0111174331
8.6	2084.64787542	-285.620107581	28.8324188279
8.65	2300.55139502	-288.696064986	31.8185445794
8.7	2347.71430085	-289.34160126	32.4708469034
8.75	2271.50829853	-288.217115173	31.4168543314
8.8	2280.20600517	-288.348817443	31.5371508685
8.85	2192.47806539	-287.150010585	30.3238002914
8.9	2248.16104351	-287.88641216	31.0939423215
8.95	2399.80342644	-290.097851162	33.1912829556
9.0	2286.1132768	-288.432352409	31.6188533622
9.05	2338.52536138	-289.10369499	32.3437562065
9.1	2475.18673695	-291.071502937	34.2338970137
9.15	2191.27844207	-287.138912881	30.3072085004
9.2	2277.57132635	-288.368287693	31.500711063
9.25	2607.69049716	-292.937638115	36.0665345328
9.3	2345.28333571	-289.097914235	32.4372246279
9.35	2051.1007058	-285.158029898	28.3684334919
9.4	2120.92446364	-286.181916347	29.3341542996
9.45	2266.72211613	-288.167951422	31.3506574368
9.5	2216.92669377	-287.422880996	30.6619452135
9.55	2311.0960478	-288.796878692	31.9643859221
9.6	2269.4064931	-288.178439012	31.3877846092
9.65	2538.54097182	-292.021035281	35.1101389229
9.7	2274.52788227	-288.347121509	31.4586176929
9.75	2182.03466362	-287.028629876	30.1793593347
9.8	2268.20701165	-288.105317427	31.3711947803
9.85	2350.57769682	-289.322090829	32.5104500579
9.9	2392.32012195	-289.930193145	33.0877826129
9.95	2306.92448102	-288.771895923	31.9066896742
10.0	2298.08031669	-288.572391673	31.7843675049
10.05	2372.79398255	-289.705711993	32.8177198191
10.1	2132.3252428	-286.294287176	29.4918365842
10.15	2282.26879233	-288.430554281	31.5656809354
10.2	2448.53988729	-290.759821077	33.865348858
10.25	2285.95571688	-288.419295878	31.6166741771
10.3	2331.62771097	-289.088584149	32.2483559482
10.35	2216.95625195	-287.411065984	30.6623540277
10.4	2121.25430311	-286.079894485	29.3387162546
10.45	2242.99247333	-287.880223788	31.022456685
10.5	2428.93653116	-290.47219997	33.5942180924
10.55	2444.26398844	-290.668001235	33.8062096106
10.6	2384.83861847	-289.872409671	32.9843071798
10.65	2186.220942	-287.034543755	30.2372590561
10.7	2126.77406116	-286.222345547	29.4150591122
10.75	2225.42605205	-287.641176188	30.7794984274
10.8	2368.50360025	-289.699471768	32.7583802536
10.85	2368.22795422	-289.666406274	32.754567839
10.9	2535.96229288	-291.939282282	35.0744736423
10.95	2246.82931065	-287.925352459	31.0755233453
11.0	2281.82601476	-288.440778987	31.5595569523
11.05	2105.98907225	-285.941906015	29.1275853797
11.1	2391.90085911	-289.886872611	33.0819838581
11.15	2331.76983906	-289.059445264	32.2503216983
11.2	2187.92800237	-286.994911544	30.2608691249
11.25	2381.60797097	-289.852140359	32.9396246303
11.3	2351.7590477	-289.393027642	32.5267891259
11.35	2121.19476342	-286.151613403	29.337892771
11.4	2259.15309424	-288.110375786	31.2459715511
11.45	2464.22182956	-290.971787019	34.0822431992
11.5	2357.21012099	-289.487758801	32.602182016
11.55	2011.78672022	-284.539296621	27.8246882813
11.6	2510.23141911	-291.497941973	34.7185941972
11.65	2306.95257452	-288.708139011	31.9070782307
11.7	2090.4329727	-285.680246822	28.9124315483
11.75	2065.07058227	-285.2529275	28.561648535
11.8	2371.91736044	-289.624150806	32.8055954042
11.85	2403.20871332	-290.111011517	33.2383809132
11.9	2243.87204369	-287.826523959	31.0346218767
11.95	2088.26769592	-285.663647984	28.8824839645
12.0	2237.83620199	-287.790848109	30.9511411518
12.05	2216.78822496	-287.485749222	30.6600300744
12.1	2271.10528666	-288.246133542	31.4112803411
12.15	2121.68482287	-286.183796471	29.3446707019
12.2	2405.81733334	-290.147455763	33.2744603039
12.25	2304.87019724	-288.752103835	31.8782772162
12.3	2251.48971581	-287.94180114	31.1399806358
12.35	2299.43851605	-288.56815023	31.8031525349
12.4	2607.41890399	-292.994754647	36.0627781727
12.45	2210.10071161	-287.412184543	30.567536187
12.5	2342.28764843	-289.299000479	32.3957917744
12.55	2241.22932171	-287.81251423	30.9980708275
12.6	2405.59753201	-290.114156344	33.2714202681
12.65	2410.90122121	-290.256184597	33.3447747133
12.7	2144.39262751	-286.497294516	29.6587385796
12.75	2494.99140432	-291.431767601	34.5078120816
12.8	2282.06779795	-288.364522797	31.5629010156
12.85	2123.90328018	-286.115934432	29.3753538169
12.9	2203.84344998	-287.331013918	30.4809930398
12.95	2419.75452917	-290.397100766	33.4672233466
13.0	2323.27808064	-288.938301014	32.1328735967
13.05	2339.97570957	-289.185853363	32.3638157316
13.1	2143.19989317	-286.454927221	29.6422420689
13.15	2053.50977969	-285.217557089	28.401752993
13.2	2382.78524564	-289.848141933	32.955907321
13.25	2292.1561304	-288.520169838	31.7024310675
13.3	2509.5798651	-291.54568234	34.7095826617
13.35	2343.3675024	-289.209078671	32.4107270554
13.4	2362.96364816	-289.583487882	32.6817580956
13.45	2239.86622032	-287.885633453	30.9792179985
13.5	2036.37324045	-284.975327825	28.1647403625
13.55	2251.62728768	-287.930655512	31.1418833694
13.6	2223.89847508	-287.569126672	30.7583707639
13.65	2389.74129934	-289.864334267	33.0521153454
13.7	2260.0475932	-287.970208576	31.2583432177
13.75	2205.3771444	-287.291044544	30.5022053128
13.8	2262.41908979	-288.033434287	31.2911429936
13.85	2438.32542833	-290.537244817	33.7240743712
13.9	2600.51217897	-292.899915195	35.9672524052
13.95	1909.01293576	-283.086108676	26.4032411232
14.0	2264.26060386	-288.195820908	31.316612669
14.05	2248.27846526	-287.89844688	31.0955663622
14.1	2451.1848833	-290.781105105	33.9019313589
14.15	2246.85579713	-287.892639449	31.0758896755
14.2	2432.79266141	-290.454632433	33.64755159
14.25	2171.22451968	-286.83106343	30.0298460277
14.3	2166.47108536	-286.750908615	29.9641020664
14.35	2328.27364284	-289.020085049	32.2019663885
14.4	2442.19932152	-290.637150524	33.7776535449
14.45	2526.2835441	-291.784362319	34.9406084741
14.5	2226.60134704	-287.654546491	30.7957537374
14.55	2403.36686148	-290.151159178	33.2405682343
14.6	2274.06904699	-288.376647562	31.4522716183
14.65	2181.95877091	-287.029376239	30.1783096751
14.7	2360.66956056	-289.505543181	32.6500289506
14.75	2250.58868398	-287.963576512	31.127518614
14.8	2172.08020792	-286.944594129	30.0416809097
14.85	2215.14555624	-287.526670401	30.6373105958
14.9	2467.6341469	-291.042484771	34.129438394
14.95	2559.81017369	-292.225389943	35.4043097244
15.0	2118.23316764	-286.05919038	29.2969314312
15.05	2394.64474412	-290.013999736	33.1199340764
15.1	1944.55903509	-283.694042073	26.8948733243
15.15	2188.25058913	-287.102336352	30.2653307689
15.2	2219.93671415	-287.523826833	30.7035763058
15.25	2210.68765219	-287.358335533	30.5756540647
15.3	2676.77850148	-293.926350743	37.0220792557
15.35	2238.21416058	-287.780389121	30.9563686344
15.4	2202.88582767	-287.30446429	30.4677483245
15.45	2189.54148757	-287.173037623	30.283184971
15.5	2355.58311635	-289.418317618	32.5796791847
15.55	2435.47180012	-290.535429043	33.6846063128
15.6	2337.32814757	-289.096852855	32.327197741
15.65	2232.77023026	-287.670719293	30.8810745375
15.7	2026.81245509	-284.809995563	28.0325067268
15.75	2345.48227796	-289.254317901	32.4399761652
15.8	2186.95026448	-286.958500635	30.2473461944
15.85	2362.20732512	-289.539615041	32.671297517
15.9	2323.91319065	-289.007445102	32.1416576979
15.95	2323.49844349	-288.907478975	32.1359213987
16.0	2074.04731199	-285.429203056	28.6858041941
16.05	2248.58160578	-287.86295314	31.0997590485
16.1	2466.12210399	-290.943415293	34.1085255794
16.15	2094.08791562	-285.731018398	28.9629824574
16.2	2346.76018436	-289.269355956	32.4576506765
16.25	2028.13343735	-284.797017293	28.0507770132
16.3	2231.58593495	-287.651980093	30.8646947456
16.35	2196.40179401	-287.143938579	30.3780687309
16.4	2490.51802813	-291.314595874	34.4459415579
16.45	2261.23323634	-288.095495744	31.2747416512
16.5	2424.54378547	-290.478604266	33.5334627557
16.55	2115.81079035	-286.094813062	29.2634279329
16.6	2331.28782752	-289.073833813	32.2436550767
16.65	2483.12111366	-291.250623483	34.3436360613
16.7	2269.62783769	-288.186980431	31.3908459896
16.75	2678.90264752	-293.972518484	37.0514579671
16.8	2201.39363149	-287.276544113	30.4471100067
16.85	2112.88770174	-286.027566381	29.2229991794
16.9	2297.93147075	-288.621908535	31.7823088416
16.95	2213.4035297	-287.441072413	30.6132169158
17.0	2370.45093374	-289.683511546	32.7853134999
17.05	2178.88252919	-286.960471032	30.1357626864
17.1	2172.36545368	-286.845391845	30.0456260965
17.15	2329.74997083	-289.050195396	32.222385236
17.2	2187.79888811	-287.10963291	30.259083367
17.25	2190.06433953	-287.10471804	30.2904164496
17.3	2329.09123191	-289.086989698	32.2132743274
17.35	2049.97466435	-285.098732779	28.3528593994
17.4	2413.02458358	-290.177168896	33.3741425859
17.45	2572.08212289	-292.479355022	35.5740410174
17.5	2186.93075867	-287.049700344	30.2470764127
17.55	2140.74606155	-286.349684025	29.608303531
17.6	2357.59686164	-289.462647925	32.6075309617
17.65	2158.1813126	-286.632059408	29.849447595
17.7	2426.64387904	-290.367231076	33.5625088014
17.75	2357.05973672	-289.387475187	32.6001020761
17.8	2074.09244376	-285.41981771	28.6864284042
17.85	2236.73981242	-287.728793353	30.9359771695
17.9	2304.15680824	-288.68536541	31.8684104512
17.95	2591.3016149	-292.836293937	35.8398626219
18.0	2253.05155418	-287.966943277	31.1615821631
18.05	2364.18745326	-289.5856539	32.6986843408
18.1	2246.5137537	-287.938812606	31.0711589295
18.15	2123.08068964	-286.123538297	29.3639767036
18.2	2352.60306083	-289.375822413	32.5384625314
18.25	2279.92646643	-288.390730058	31.5332846146
18.3	2385.1801406	-289.822793499	32.9890307157
18.35	2119.88058844	-286.100594912	29.319716635
18.4	2269.73050994	-288.161350852	31.3922660323
18.45	2512.40323483	-291.62854498	34.7486322199
18.5	2280.05791425	-288.40104367	31.5351026476
18.55	2184.08591944	-286.972865581	30.2077299134
18.6	2371.94436931	-289.644012092	32.8059689594
18.65	2335.96868685	-289.151655304	32.3083952653
18.7	2123.86999724	-286.231823555	29.374893486
18.75	2435.61531643	-290.630662661	33.6865912631
18.8	2411.72956815	-290.240746603	33.3562314424
18.85	2437.5927248	-290.502057879	33.7139404702
18.9	2281.59832325	-288.393636495	31.5564077888
18.95	2129.4163707	-286.305041168	29.451604457
19.0	2083.93621191	-285.646303111	28.8225759279
19.05	2315.88033742	-288.920940316	32.0305566379
19.1	2175.6763301	-286.873415316	30.0914182788
19.15	2211.59686071	-287.279729098	30.5882291769
19.2	2175.48314135	-286.81584162	30.0887463173
19.25	2311.24131872	-288.796288691	31.9663951401
19.3	2278.21366654	-288.397825304	31.5095951636
19.35	2491.91272413	-291.387121417	34.4652313667
19.4	2226.50140665	-287.55418724	30.7943714784
19.45	2296.29783675	-288.629767274	31.7597143207
19.5	2246.96893267	-287.943909057	31.0774544343
19.55	2318.28291947	-288.842723103	32.0637863515
19.6	2164.22666878	-286.681011718	29.9330599132
19.65	2282.81160624	-288.428737683	31.5731885046
19.7	2219.39391777	-287.586893567	30.6960689791
19.75	2313.63736617	-288.889362508	31.9995344747
19.8	2298.01338638	-288.643308726	31.783441803
19.85	2332.04775309	-289.114634034	32.2541654811
19.9	2058.95500352	-285.295043469	28.4770649802
19.95	2379.29600077	-289.787919824	32.9076481541
20.0	2191.84578576	-287.13987852	30.3150553368
20.05	2310.93533656	-288.812111714	31.9621631516
20.1	2521.35096429	-291.792066687	34.8723867813
20.15	2242.74031031	-287.848465595	31.0189690602
20.2	2384.23779551	-289.888972339	32.9759972971
20.25	2503.46856798	-291.514575773	34.6250583254
20.3	2333.95539896	-289.112055162	32.2805498146
20.35	2062.76186286	-285.296569628	28.52971702
20.4	2337.32892768	-289.176560333	32.3272085306
20.45	2230.00250403	-287.629896893	30.8427945753
20.5	2260.02619056	-288.161983939	31.2580472014
20.55	2410.92889628	-290.232610796	33.3451574827
20.6	2335.99426364	-289.139976165	32.3087490137
20.65	2287.45324021	-288.397868411	31.6373861738
20.7	2354.07040355	-289.33221257	32.5587571051
20.75	2347.11840592	-289.278193849	32.4626051795
20.8	2208.4948738	-287.461984768	30.5453261107
20.85	2104.41147483	-285.952965077	29.1057658917
20.9	2308.74509958	-288.80601821	31.9318703474
20.95	2420.0821986	-290.347188585	33.4717552882
21.0	2270.8491428	-288.181779209	31.4077376578
21.05	2320.89624897	-288.836090636	32.0999308782
21.1	2329.28506603	-289.014984052	32.2159552148
21.15	2295.5663738	-288.571275728	31.7495975781
21.2	2163.35989015	-286.764197093	29.9210716417
21.25	2074.96276229	-285.432319095	28.6984656353
21.3	2368.44384164	-289.574741261	32.757553742
21.35	2308.87706238	-288.808352761	31.933695503
21.4	2341.85542604	-289.268947522	32.3898137781
21.45	2398.30044108	-290.068982976	33.1704954144
21.5	2237.11909	-287.790782551	30.9412228949
21.55	2356.94630891	-289.453314486	32.5985332748
21.6	2160.80740684	-286.719567423	29.8857686686
21.65	2352.3354242	-289.282272844	32.5347608936
21.7	1980.91775649	-284.136897497	27.3977447664
21.75	2314.51181739	-288.902536855	32.0116288645
21.8	2238.21394919	-287.76723359	30.9563657107
21.85	2227.57542995	-287.55700584	30.8092261164
21.9	2327.06143241	-288.995676534	32.1852005072
21.95	2249.56217899	-287.9254615	31.1133211938
22.0	2190.70496506	-287.095722207	30.2992768351
22.05	2549.64595519	-292.200137192	35.263730105
22.1	2327.51094999	-289.066890359	32.1914177103
22.15	2539.55389386	-292.04093283	35.1241484794
22.2	2086.15275734	-285.634495434	28.8532325999
22.25	2322.24863758	-288.991897888	32.1186355406
22.3	2075.68727819	-285.463653353	28.7084862946
22.35	2500.11546433	-291.470840399	34.5786821053
22.4	2216.58133243	-287.448898945	30.6571685781
22.45	2517.00032062	-291.639678014	34.8122137507
22.5	2215.68718127	-287.429741703	30.6448017218
22.55	2402.5153135	-290.109235382	33.2287906154
22.6	2195.29428928	-287.142953319	30.3627510168
22.65	2211.53733174	-287.4365772	30.5874058415
22.7	2211.09518341	-287.427153745	30.5812905614
22.75	2081.33355563	-285.499446535	28.7865790209
22.8	2663.79144573	-293.717108776	36.8424574428
22.85	2425.62930288	-290.446291381	33.5484763669
22.9	2415.70141608	-290.338059509	33.4111654121
22.95	2224.60124797	-287.58573255	30.768090699
23.0	2311.28716564	-288.837746505	31.9670292413
23.05	2423.54103032	-290.477580104	33.5195938156
23.1	2133.38867009	-286.382650682	29.5065446706
23.15	2399.42684808	-289.989333999	33.1860745627
23.2	2279.16746696	-288.261640697	31.5227870189
23.25	2322.78052636	-288.94498182	32.1259920061
23.3	2517.7869714	-291.757262544	34.8230937871
23.35	2301.87415199	-288.677750361	31.8368394115
23.4	2100.74286844	-285.861326633	29.0550260054
23.45	2102.55832375	-285.903684135	29.0801352666
23.5	2424.6241844	-290.340509471	33.5345747399
23.55	2349.90596143	-289.32069721	32.5011593972
23.6	2224.16756903	-287.5445907	30.7620925576
23.65	2331.02650239	-289.087848016	32.2400407322
23.7	2392.75181864	-289.9498385	33.0937533383
23.75	2306.14527473	-288.742704986	31.8959126013
23.8	2353.38080571	-289.450989099	32.5492193919
23.85	2362.49030438	-289.522872418	32.6752113562
23.9	2173.34292669	-286.878040992	30.0591453635
23.95	2489.539885	-291.294338138	34.4324130225
24.0	1993.83004764	-284.286004608	27.5763325226
24.05	2205.00495319	-287.318739283	30.4970575978
24.1	2386.8094144	-289.802693212	33.0115649313
24.15	2353.56907519	-289.347191586	32.5518233158
24.2	2204.50547605	-287.265807926	30.4901494123
24.25	2316.95419791	-288.925016455	32.0454090241
24.3	2053.79776608	-285.173211423	28.405736085
24.35	2414.26591468	-290.259444136	33.3913112304
24.4	2324.43619882	-288.965849889	32.1488913371
24.45	2376.96293355	-289.697969984	32.8753798886
24.5	2274.43276817	-288.356974996	31.4573021857
24.55	2533.18351113	-291.979156388	35.0360407731
24.6	1983.75118676	-284.228350336	27.4369334704
24.65	2093.20945675	-285.7887721	28.9508326385
24.7	2261.47335455	-288.084256046	31.2780626864
24.75	2715.1008818	-294.429969345	37.5521097386
24.8	2339.77240686	-289.140030663	32.3610038856
24.85	2315.63653529	-288.880723066	32.0271846512
24.9	2328.76088027	-289.132722197	32.2087052886
24.95	2192.51832912	-287.167624544	30.3243571724
25.0	2128.6340938	-286.291297248	29.440784915
25.05	2307.56194375	-288.802604556	31.9155063154
25.1	2044.46040736	-285.01207809	28.276592626
25.15	2347.03946918	-289.378552607	32.4615134186
25.2	2227.94680311	-287.640273537	30.814362517
25.25	2275.76619558	-288.284036769	31.4757445989
25.3	2471.89565401	-291.066404627	34.1883785917
25.35	2482.10910937	-291.217226521	34.3296391979
25.4	2351.10837438	-289.301023932	32.5177897712
25.45	2531.12521151	-291.931302559	35.0075727726
25.5	2172.42360239	-286.889726073	30.0464303417
25.55	2228.27767184	-287.577922174	30.8189387075
25.6	2162.47822703	-286.66093264	29.9088775055
25.65	2278.4450351	-288.285451491	31.5127951837
25.7	2340.00650288	-289.110888909	32.3642416287
25.75	2129.77169504	-286.218069613	29.456518889
25.8	2329.77654423	-289.073914867	32.2227527683
25.85	2120.17044811	-286.074302499	29.3237256359
25.9	2471.5172993	-291.044395624	34.1831456305
25.95	2231.54025668	-287.691260484	30.8640629771
26.0	2279.12638013	-288.320989418	31.5222187537
26.05	2395.51552241	-289.891531049	33.1319776664
26.1	2466.3089653	-290.915862775	34.1111100272
26.15	2091.49451362	-285.701285579	28.9271135447
26.2	2183.18549651	-286.991211097	30.1952763133
26.25	2252.77778279	-287.935234769	31.1577956764
26.3	2242.23641371	-287.731425021	31.01199975
26.35	2161.59077921	-286.638468507	29.8966033619
26.4	2468.62134429	-291.031263165	34.1430921573
26.45	2374.42459222	-289.683556439	32.8402725109
26.5	2145.6655898	-286.435352197	29.6763447099
26.55	2174.83658126	-286.828779526	30.0798038519
26.6	2306.672322	-288.702657773	31.9032021046
26.65	2254.53605499	-287.997171344	31.1821140475
26.7	2449.37615663	-290.855436609	33.8769151604
26.75	2285.31882625	-288.437909495	31.6078654485
26.8	2283.75499668	-288.454413809	31.5862363812
26.85	2392.83655071	-289.992182156	33.0949252534
26.9	2478.9647622	-291.124868847	34.286150254
26.95	2349.97909994	-289.344756221	32.5021709638
27.0	2279.41736065	-288.398691013	31.5262432571
27.05	2232.27259463	-287.631799498	30.8741918217
27.1	2277.86914916	-288.250013272	31.5048302009
27.15	2287.16324478	-288.450535601	31.6333752951
27.2	2278.63325185	-288.402454158	31.5153983784
27.25	2296.06187768	-288.594678961	31.7564508101
27.3	2508.06689214	-291.6075758	34.6886569838
27.35	2260.66165806	-288.051027189	31.2668362469
27.4	2056.49057774	-285.13436235	28.4429799163
27.45	2470.80876187	-291.059654185	34.1733459668
27.5	2323.13897068	-288.997896577	32.13094959
27.55	2340.59771549	-289.257168487	32.3724185922
27.6	2292.68644694	-288.49774611	31.7097657875
27.65	2148.41895027	-286.465643816	29.7144259816
27.7	2352.68156091	-289.359055349	32.539548253
27.75	2316.9199626	-288.903504027	32.0449355213
27.8	2392.40024893	-289.910086742	33.0888908359
27.85	2321.52045336	-288.913959048	32.1085641455
27.9	2391.46683519	-289.947751926	33.0759809453
27.95	2133.25756962	-286.334480071	29.5047314419
28.0	2145.05633434	-286.55063478	29.6679181986
28.05	2206.57046063	-287.319983587	30.5187098714
28.1	2539.35013228	-291.919009302	35.121330287
28.15	2508.41021436	-291.509372977	34.6934054165
28.2	2188.81157429	-287.176723558	30.2730896615
28.25	2286.7067821	-288.510935085	31.6270620354
28.3	2463.3805907	-290.993235201	34.070608164
28.35	2136.19196003	-286.411925401	29.5453165086
28.4	2355.76424352	-289.472416745	32.5821843247
28.45	2242.86502924	-287.822206219	31.020694027
28.5	2316.02892431	-288.845152316	32.0326117186
28.55	2352.87250235	-289.380120977	32.5421891323
28.6	2418.99217266	-290.32976259	33.4566793202
28.65	2515.58327707	-291.681031298	34.7926148565
28.7	2252.76278819	-287.929790133	31.1575882885
28.75	2142.13792179	-286.338128497	29.627554119
28.8	2348.78757381	-289.364283036	32.4856911636
28.85	2209.93998687	-287.419221267	30.5653132298
28.9	1981.61474289	-284.134021704	27.4073846697
28.95	2594.70763432	-292.773242554	35.8869707113
29.0	2144.03881737	-286.515562296	29.6538450904
29.05	2278.36388877	-288.357518943	31.5116728623
29.1	2256.02548223	-287.991410048	31.2027140684
29.15	2465.01295679	-291.002859333	34.0931851486
29.2	2166.32987276	-286.766530194	29.9621489784
29.25	2244.41956318	-287.892646726	31.0421945279
29.3	2370.4452319	-289.655070192	32.7852346386
29.35	2400.61621272	-290.080968329	33.2025244677
29.4	2318.64686345	-288.962841598	32.0688200004
29.45	2409.27906092	-290.253047309	33.3223388835
29.5	2325.75159157	-289.013094083	32.1670843159
29.55	2098.44087383	-285.728312187	29.0231875
29.6	2295.29109087	-288.50743642	31.7457901856
29.65	2271.71843249	-288.255161536	31.4197606592
29.7	2333.08163096	-289.091056005	32.2684648744
29.75	2239.22702939	-287.792968525	30.9703774547
29.8	2495.98223351	-291.38924978	34.5215160757
29.85	2201.24418602	-287.259307686	30.4450430512
29.9	2479.26304438	-291.053849426	34.2902757453
29.95	2409.29394165	-290.113156314	33.3225446964
30.0	2372.7853745	-289.658174804	32.8176007626
30.05	2086.85629217	-285.615456698	28.8629630734
30.1	2017.24531128	-284.657942465	27.9001851484
30.15	2050.56376754	-285.142839913	28.3610071879
30.2	2191.57753467	-287.127309333	30.3113452004
30.25	2470.62056312	-290.983025438	34.1707430211
30.3	2540.40015507	-292.077965291	35.1358529779
30.35	2082.80571341	-285.655754504	28.8069401908
30.4	2342.04918252	-289.19486962	32.3924935919
30.45	2447.92009202	-290.689572321	33.8567765725
30.5	2283.9507152	-288.389957107	31.5889433316
30.55	2386.31837845	-289.837364129	33.0047734946
30.6	2303.39874079	-288.691942325	31.8579257462
30.65	2428.0758065	-290.405431094	33.5823135524
30.7	2119.93437021	-286.100273427	29.3204604817
30.75	2393.70591786	-290.079790314	33.1069493263
30.8	2207.71833824	-287.412784321	30.5345859762
30.85	2125.70981792	-286.237258171	29.4003397406
30.9	2379.4630319	-289.769426174	32.909958334
30.95	2309.78825308	-288.780773834	31.9462980304
31.0	2392.51033277	-289.926125851	33.0904133872
31.05	2368.72201489	-289.670556663	32.7614011101
31.1	2503.78134208	-291.589706568	34.6293842521
31.15	2307.7184836	-288.719096609	31.9176713922
31.2	2541.00847269	-292.150375115	35.144266518
31.25	2075.62086183	-285.597698973	28.7075677009
31.3	2339.21473772	-289.19415799	32.3532908563
31.35	2231.95733699	-287.664504157	30.8698315455
31.4	2372.98669143	-289.674350733	32.8203851437
31.45	2228.17256427	-287.646755529	30.8174849822
31.5	2101.82378347	-285.827940849	29.0699759618
31.55	2289.38655777	-288.464377973	31.6641255681
31.6	2278.8777586	-288.29662117	31.5187801106
31.65	2194.76559601	-287.131802236	30.3554387479
31.7	2329.86144056	-289.035508627	32.2239269553
31.75	2215.89729344	-287.430186106	30.6477077482
31.8	2481.90123305	-291.206267587	34.326764095
31.85	2261.76456823	-288.126899537	31.2820904145
31.9	1995.68937605	-284.371797863	27.6020485853
31.95	2216.89773442	-287.469277437	30.6615446814
32.0	2344.21297841	-289.286555924	32.4224206937
32.05	2437.91211288	-290.519215878	33.7183578737
32.1	2536.42814407	-291.903996025	35.0809167528
32.15	2331.51822205	-289.135277829	32.2468416252
32.2	2140.04700938	-286.497464516	29.5986350565
32.25	2059.80442511	-285.315166958	28.4888131893
32.3	2086.42362561	-285.610111565	28.856978934
32.35	2577.20858367	-292.464661018	35.6449442456
32.4	2232.70634684	-287.628036189	30.8801909765
32.45	2266.46582983	-288.177528555	31.3471127835
32.5	2364.15753157	-289.534321662	32.6982704988
32.55	2388.75037514	-289.903784849	33.0384100372
32.6	2214.30538757	-287.448113955	30.6256903624
32.65	2053.39645182	-285.14657922	28.4001855741
32.7	2346.91110072	-289.346213555	32.4597379757
32.75	2266.59588169	-288.180243051	31.3489115092
32.8	2361.19768193	-289.510817559	32.6573333096
32.85	2133.22060837	-286.307728776	29.5042202369
32.9	2484.53016062	-291.255091143	34.363124356
32.95	2273.75820149	-288.298992761	31.4479723658
33.0	2235.44200339	-287.731300612	30.9180273883
33.05	2386.18454727	-289.898363914	33.0029224977
33.1	2070.32722567	-285.419101452	28.6343522976
33.15	2379.34219179	-289.797807627	32.9082870145
33.2	2112.21870375	-286.034445494	29.2137463793
33.25	2241.09487692	-287.85555094	30.996211344
33.3	2216.26347441	-287.428353237	30.6527723365
33.35	2566.64388134	-292.378766735	35.4988256008
33.4	2397.8561756	-290.036641176	33.1643508523
33.45	2528.77654293	-291.86427444	34.9750887272
33.5	2076.9658174	-285.484896553	28.7261695582
33.55	2250.39149443	-287.986789922	31.1247913181
33.6	2359.67818398	-289.517890775	32.6363173857
33.65	2315.15942206	-288.886921293	32.0205857771
33.7	2261.79922818	-288.095076586	31.2825697905
33.75	2425.36162548	-290.384243376	33.5447741652
33.8	2386.94256816	-289.868404649	33.0134065588
33.85	2325.76124966	-288.998068656	32.1672178955
33.9	2182.4794177	-286.932242645	30.1855106544
33.95	2233.2143465	-287.700178405	30.8872170356
34.0	2188.04238851	-287.05674612	30.2624511806
34.05	2263.0186075	-288.08429619	31.2994348235
34.1	2387.18270464	-289.886935881	33.0167278466
34.15	2121.47053304	-286.089865787	29.3417068949
34.2	2057.32141978	-285.139883318	28.4544711546
34.25	2316.73795055	-288.816906089	32.0424181428
34.3	2065.61648118	-285.355363383	28.5691987723
34.35	2336.29958144	-289.150686629	32.3129718135
34.4	2191.01402549	-287.070652125	30.3035513985
34.45	2389.25565569	-289.898550777	33.0453984886
34.5	2303.95867389	-288.713621862	31.8656700879
34.55	2263.15462579	-288.079984144	31.3013160699
34.6	2363.30633419	-289.471267036	32.6864977291
34.65	2236.89541001	-287.738298826	30.938129214
34.7	2197.83651627	-287.246501348	30.3979121363
34.75	2265.29841059	-288.146413323	31.3309664017
34.8	2408.51489116	-290.18641775	33.3117697785
34.85	2400.27861389	-290.051281312	33.1978551943
34.9	2370.96984723	-289.635725036	32.7924905062
34.95	2152.08621021	-286.515770022	29.7651472452
35.0	2515.96850952	-291.702519504	34.7979429426
35.05	2368.28855712	-289.650501445	32.7554060277
35.1	2147.60676735	-286.516674135	29.7031928144
35.15	2400.4893048	-290.031740501	33.2007692253
35.2	2397.35977945	-290.018909578	33.1574852795
35.25	2389.87410691	-289.88902296	33.0539521849
35.3	2322.75979183	-288.900663054	32.1257052303
35.35	2055.38343224	-285.208374777	28.4276671705
35.4	2203.12049949	-287.360610489	30.4709940315
35.45	2371.71331622	-289.705732185	32.8027733024
35.5	2234.48910965	-287.722828917	30.9048480731
35.55	2164.73208135	-286.708190371	29.9400501905
35.6	2445.76465949	-290.655074344	33.8269651428
35.65	2082.0584705	-285.576449638	28.7966051981
35.7	2585.39367814	-292.67749391	35.758150929
35.75	2517.71757621	-291.665520201	34.8221339937
35.8	2123.6681176	-286.125927486	29.3721013222
35.85	1986.20147793	-284.16561494	27.4708230408
35.9	2045.3599541	-285.071920343	28.2890341078
35.95	2364.63437578	-289.554810726	32.7048656519
36.0	2356.39754798	-289.375974452	32.5909434535
36.05	2541.11484778	-292.002869746	35.1457377741
36.1	2237.93000302	-287.795047274	30.9524384983
36.15	2247.31078037	-287.875180323	31.0821824732
36.2	2429.81514149	-290.545780633	33.6063700061
36.25	2222.0694098	-287.602743978	30.7330732655
36.3	2343.68516404	-289.204968096	32.4151205808
36.35	2531.92314594	-291.953449366	35.0186088713
36.4	2199.80598243	-287.278796781	30.425151496
36.45	2290.67698988	-288.48587539	31.6819733205
36.5	2128.03761203	-286.189559231	29.4325350746
36.55	2326.69230042	-289.010247526	32.1800951039
36.6	2094.31404136	-285.728625175	28.9661099649
36.65	2296.42382744	-288.559566731	31.7614568771
36.7	2319.12785643	-288.817744692	32.0754725344
36.75	2417.40868502	-290.260153486	33.4347783654
36.8	2395.81455138	-289.979125654	33.1361134865
36.85	2335.87351401	-289.211565828	32.3070789456
36.9	2194.06118589	-287.171914376	30.3456961683
36.95	2233.1264945	-287.792375018	30.8860019691
37.0	2034.41178262	-284.983146089	28.1376117647
37.05	2357.59840248	-289.488562025	32.6075522728
37.1	2340.04125003	-289.198461768	32.3647222108
37.15	2372.67177619	-289.652831094	32.8160296032
37.2	2446.87082266	-290.653314864	33.8422643021
37.25	2301.1798766	-288.685098162	31.8272370038
37.3	2346.36744658	-289.350484649	32.4522187855
37.35	2106.24230651	-285.911593422	29.1310878208
37.4	2441.60766293	-290.675581478	33.7694704132
37.45	2130.97116264	-286.214211743	29.4731085262
37.5	2115.95338458	-286.02008744	29.2654001301
37.55	2330.28036322	-289.069011598	32.2297210051
37.6	2191.67355625	-287.105785844	30.3126732591
37.65	2351.12632506	-289.359270954	32.5180380441
37.7	2370.37992556	-289.624178321	32.7843313975
37.75	2346.66034981	-289.364859733	32.4562698815
37.8	2276.02982398	-288.26239461	31.4793907995
37.85	2247.59338499	-287.88324323	31.0860911307
37.9	2505.27771929	-291.504598583	34.650080397
37.95	2393.89703942	-289.948973801	33.1095926968
38.0	2097.63452135	-285.905385972	29.0120349727
38.05	2230.22915922	-287.695646103	30.8459294056
38.1	2506.2684343	-291.550962424	34.6637828118
38.15	2353.83956781	-289.392054001	32.5555644542
38.2	2210.71603575	-287.430915964	30.576046633
38.25	2483.53239478	-291.259613076	34.3493244222
38.3	2476.75230645	-291.145846737	34.2555501456
38.35	2314.77232907	-288.86324	32.0152319582
38.4	2357.53521836	-289.507635554	32.6066783838
38.45	2128.5571657	-286.28605435	29.4397209351
38.5	2136.44576987	-286.365513272	29.5488269104
38.55	2400.38022032	-290.087258657	33.1992604959
38.6	2335.2818671	-289.125948986	32.2988959753
38.65	2422.25443042	-290.350670023	33.501799066
38.7	2067.4311552	-285.378976166	28.5942972275
38.75	2264.66418062	-288.179902548	31.3221944723
38.8	2532.77051493	-291.990984776	35.0303286912
38.85	2310.29873555	-288.832793887	31.9533584287
38.9	2244.1865407	-287.925239819	31.0389716327
38.95	2316.24407355	-288.842893819	32.0355874119
39.0	2342.1245965	-289.243268012	32.3935366301
39.05	2301.83673042	-288.70787904	31.83632184
39.1	2562.88442766	-292.366620691	35.4468292209
39.15	1986.94432991	-284.231381166	27.4810973034
39.2	2260.38271015	-288.058370859	31.2629781647
39.25	2341.70836007	-289.256416975	32.3877797331
39.3	2345.24442277	-289.363288313	32.4366864295
39.35	2327.69349065	-288.944983745	32.1939423998
39.4	2206.93751712	-287.341168101	30.5237865689
39.45	2475.17936728	-291.165632197	34.233795085
39.5	2169.57510463	-286.824940613	30.0070332419
39.55	2308.23876289	-288.757490348	31.9248672887
39.6	2269.22605885	-288.151001753	31.385289053
39.65	2188.92561428	-287.019519569	30.2746669297
39.7	2240.22033679	-287.78921266	30.9841157246
39.75	2571.649889	-292.476093186	35.5680628621
39.8	2187.6048117	-287.037880269	30.2563991284
39.85	2255.53386878	-288.015178115	31.1959146443
39.9	2405.22114127	-290.143244361	33.2662144703
39.95	2238.42358424	-287.790582137	30.9592651383
40.0	2172.41241719	-286.842359924	30.046275641
40.05	2238.23303218	-287.719968747	30.9566296443
40.1	2113.15955092	-286.002106849	29.2267590804
40.15	2156.60658149	-286.580675417	29.8276677503
40.2	2234.07485493	-287.682055741	30.8991185849
40.25	2309.69046839	-288.771481796	31.9449455865
40.3	2293.57013333	-288.46988445	31.7219879074
40.35	2425.15764316	-290.330680652	33.5419529195
40.4	2337.19729027	-289.143030433	32.3253878753
40.45	2278.40155114	-288.278403121	31.5121937643
40.5	2007.44725423	-284.495298604	27.7646698473
40.55	2224.97255551	-287.590532946	30.773226192
40.6	2231.33951338	-287.65752617	30.8612865297
40.65	2313.37057516	-288.792449958	31.9958445325
40.7	2419.23110537	-290.322781303	33.4599839588
40.75	2327.89917214	-289.029783677	32.1967871465
40.8	2278.34117214	-288.321606429	31.5113586724
40.85	2248.51759718	-287.94280141	31.0988737562
40.9	2246.06918331	-287.92759281	31.0650101502
40.95	2265.42270075	-288.123514823	31.3326854383
41.0	2188.55745192	-287.066187011	30.2695749371
41.05	2312.96285794	-288.883728766	31.9902054633
41.1	2119.59969478	-286.032924939	29.3158316413
41.15	2106.6775356	-285.790088485	29.1371074021
41.2	2251.78017196	-287.94479561	31.1439978866
41.25	2227.29248544	-287.677306486	30.8053127579
41.3	2291.78399878	-288.526146062	31.6972841768
41.35	2153.73363574	-286.519102914	29.7879325144
41.4	2241.60563759	-287.772879394	31.00327559
41.45	2493.74892604	-291.340496484	34.4906275706
41.5	2323.82600926	-288.981195659	32.1404519066
41.55	2386.66679086	-289.935677223	33.0095923288
41.6	2154.83847851	-286.635139118	29.8032134114
41.65	2389.1587373	-289.808584871	33.0440580264
41.7	2149.39934826	-286.397215059	29.7279857035
41.75	2154.59603491	-286.569577956	29.7998602142
41.8	2129.47590783	-286.291926238	29.4524279051
41.85	2361.59884676	-289.492124984	32.6628817538
41.9	2384.02375969	-289.798286055	32.9730370033
41.95	2328.82371903	-289.025216743	32.209574401
42.0	2295.89071558	-288.636289037	31.7540834954
42.05	2254.68532116	-287.995508195	31.184178523
42.1	2274.72589786	-288.283072052	31.4613564137
42.15	2140.40152878	-286.383453309	29.6035383554
42.2	2339.68059221	-289.227344322	32.3597340124
42.25	2459.88011417	-290.922240322	34.0221936541
42.3	2027.73160615	-284.870177057	28.0452193525
42.35	2297.28617189	-288.678075706	31.7733838201
42.4	2321.77150902	-288.898386446	32.1120364547
42.45	2369.3598136	-289.612215895	32.7702223983
42.5	2366.47688168	-289.558259695	32.7303490453
42.55	2313.39199013	-288.837246243	31.9961407195
42.6	2377.50097601	-289.805419214	32.8828214646
42.65	2246.95323664	-287.939547082	31.0772373452
42.7	2273.93171165	-288.362346119	31.4503721561
42.75	2118.74677788	-286.089913384	29.3040350893
42.8	2362.72720446	-289.515658931	32.678487882
42.85	2356.72114654	-289.362987101	32.5954190915
42.9	2284.2799065	-288.365639006	31.5934963217
42.95	2386.63790095	-289.900397093	33.0091927573
43.0	2352.61964451	-289.383538614	32.5386918976
43.05	2281.96138444	-288.396342549	31.5614292279
43.1	2034.50370141	-285.004450229	28.1388830783
43.15	2104.81945856	-285.952700615	29.111408647
43.2	2491.01323201	-291.362324141	34.4527906406
43.25	2296.40119817	-288.585092478	31.7611438954
43.3	2199.16450848	-287.226080105	30.4162793763
43.35	2492.70923328	-291.314711833	34.4762477527
43.4	2134.54049445	-286.259934523	29.5224753623
43.45	2375.9853293	-289.713395331	32.8618588064
43.5	2289.49831979	-288.489422826	31.66567133
43.55	2233.03763322	-287.717402592	30.8847729434
43.6	2385.61949376	-289.923019845	32.9951073363
43.65	2145.97522228	-286.478307021	29.6806271853
43.7	2494.50987916	-291.35326783	34.501152187
43.75	2434.79983541	-290.536161894	33.6753124805
43.8	2459.89211435	-290.94741781	34.0223596266
43.85	2259.70115766	-288.082850488	31.2535517253
43.9	2237.48607399	-287.713008983	30.9462985895
43.95	2116.60947121	-286.086772145	29.2744743553
44.0	2059.20767963	-285.261823762	28.4805597015
44.05	2351.0696982	-289.377633368	32.5172548473
44.1	2091.62389733	-285.743571069	28.9289030293
44.15	2436.71020961	-290.549400018	33.701734549
44.2	2172.80916442	-286.788497053	30.0517629861
44.25	2368.51884393	-289.617249316	32.7585910863
44.3	2165.1851491	-286.80983752	29.9463164954
44.35	2370.14850348	-289.688785436	32.7811306372
44.4	2182.44242604	-287.002803049	30.184999029
44.45	2193.29054517	-287.160574436	30.3350375645
44.5	2314.63135198	-288.82921798	32.0132821275
44.55	2142.55034085	-286.418113868	29.6332582186
44.6	2202.53325281	-287.303816624	30.4628719201
44.65	2406.66516183	-290.137163699	33.286186479
44.7	2385.72763174	-289.838488018	32.9966029748
44.75	2332.29379742	-289.09419839	32.2575684794
44.8	2502.24862063	-291.48257523	34.6081854361
44.85	2431.11674919	-290.400555813	33.6243723261
44.9	2151.88798006	-286.534359347	29.762405557
44.95	2083.32253844	-285.643906507	28.814088312
45.0	2261.85476309	-288.087574358	31.2833378846
45.05	2172.84387788	-286.794662648	30.0522431022
45.1	2299.68579406	-288.61223855	31.8065725961
45.15	2339.34226618	-289.228462846	32.3550546812
45.2	2298.32337797	-288.610290499	31.7877292452
45.25	2246.2406186	-287.923208351	31.0673812433
45.3	2137.93093337	-286.348080389	29.5693679603
45.35	2496.17152603	-291.343535847	34.5241341492
45.4	2060.82180272	-285.214464771	28.5028843702
45.45	2165.66670237	-286.784306915	29.9529767788
45.5	2215.7644203	-287.4713874	30.6458700019
45.55	2154.38054562	-286.583630546	29.7968798176
45.6	2415.98943815	-290.202766841	33.4151489975
45.65	2335.10122954	-289.15744464	32.2963976072
45.7	2369.16844562	-289.638239831	32.7675756195
45.75	2233.82404815	-287.693961457	30.8956497178
45.8	2297.56779979	-288.669908219	31.7772789688
45.85	2458.19013127	-290.937177596	33.998819781
45.9	2306.42689465	-288.736740306	31.8998076397
45.95	2496.59929889	-291.401158607	34.5300506045
46.0	2255.43124583	-287.99153656	31.1944952833
46.05	2247.40662962	-287.984403486	31.0835081483
46.1	2273.35079275	-288.345851165	31.4423375631
46.15	2222.83926686	-287.571416285	30.7437210308
46.2	2167.17155589	-286.757733802	29.9737901581
46.25	2173.4555135	-286.847158061	30.060702533
46.3	2568.28107124	-292.409909395	35.5214693027
46.35	2411.19893113	-290.214014394	33.3488922898
46.4	2217.71107996	-287.544187926	30.6727939286
46.45	2383.65245549	-289.833475162	32.9679015565
46.5	2402.75539138	-290.029071973	33.2321110928
46.55	2085.20871594	-285.494471934	28.84017572
46.6	2221.03852279	-287.540415525	30.7188152383
46.65	2509.41852458	-291.576946684	34.7073511878
46.7	2285.39861936	-288.393339603	31.6089690537
46.75	2337.36904018	-289.190686446	32.3277633199
46.8	2194.12112508	-287.159130946	30.3465251773
46.85	2216.38785947	-287.391622243	30.6544926856
46.9	2316.17262113	-288.832049342	32.0345991654
46.95	2437.15732469	-290.494714867	33.7079185235
47.0	2172.74353546	-286.795865397	30.0508552829
47.05	2190.07296992	-287.049203078	30.2905358151
47.1	2336.06679791	-289.138328328	32.3097522231
47.15	2105.85604369	-285.847025856	29.1257454838
47.2	2511.34692459	-291.632987713	34.7340225683
47.25	2164.89988759	-286.73248045	29.9423710907
47.3	2370.19513087	-289.628543613	32.7817755329
47.35	2226.35096728	-287.587123154	30.7922907765
47.4	2315.05071734	-288.836472054	32.0190823003
47.45	2367.18314951	-289.575716327	32.7401173185
47.5	2447.99707624	-290.745832301	33.8578413284
47.55	2364.54584927	-289.630040346	32.7036412564
47.6	2143.439129	-286.453930178	29.6455509
47.65	2137.46410028	-286.337047812	29.5629112694
47.7	2513.53253506	-291.692142734	34.764251384
47.75	2482.40016016	-291.205889148	34.3336646731
47.8	2316.46695661	-288.908554145	32.0386700706
47.85	2177.82203747	-287.001861534	30.1210952014
47.9	2457.79120955	-290.843901923	33.9933023609
47.95	2367.00358587	-289.604527432	32.7376338036
48.0	2105.92415541	-285.936459684	29.1266875258
48.05	2456.55354293	-290.871646413	33.9761843993
48.1	2062.55135487	-285.298786887	28.526805519
48.15	2547.57985195	-292.10338164	35.235154174
48.2	2084.48044376	-285.555470784	28.8301031083
48.25	2377.50266768	-289.702621229	32.8828448618
48.3	2312.80249317	-288.777063511	31.9879874849
48.35	2207.26453369	-287.332951151	30.5283094807
48.4	2253.40473236	-287.940191565	31.1664669118
48.45	2321.67116116	-288.967850928	32.11064856
48.5	2328.50612277	-289.065283713	32.2051817799
48.55	2457.46259534	-290.844695029	33.9887573524
48.6	2136.87678485	-286.344764092	29.5547882071
48.65	2148.83429049	-286.53649745	29.7201704832
48.7	2227.80065807	-287.676760571	30.8123412091
48.75	2530.17889924	-291.880639973	34.9944844846
48.8	2418.40435275	-290.236469529	33.4485492806
48.85	2280.5377581	-288.363981601	31.5417392883
48.9	2189.16316139	-287.08140769	30.2779524043
48.95	2282.88059777	-288.38910783	31.574142715
49.0	2193.40860458	-287.159435542	30.3366704246
49.05	2268.63770396	-288.175360735	31.3771516141
49.1	2503.48257007	-291.512813841	34.625251986
49.15	2404.9644828	-290.074701705	33.2626646695
49.2	2198.0825943	-287.166289841	30.4013156008
49.25	2273.13062675	-288.364118016	31.4392924837
49.3	2214.31704676	-287.539231551	30.6258516187
49.35	2134.58037757	-286.315302392	29.5230269791
49.4	2312.55265506	-288.858858284	31.9845320154
49.45	2585.90649399	-292.605838376	35.7652435999
49.5	2220.31867047	-287.447802246	30.7088590803
49.55	2557.4566794	-292.294496224	35.3717589354
49.6	2188.9712016	-287.07106102	30.2752974403
49.65	2306.24501411	-288.703666833	31.8972920802
49.7	2239.39874609	-287.818230299	30.97275244
49.75	2135.78509199	-286.405506103	29.5396891843
49.8	2487.48089984	-291.294217413	34.4039355405
49.85	2247.69538479	-287.861185447	31.0875018731
49.9	2156.81027489	-286.642695914	29.830485
49.95	2299.01323139	-288.691532242	31.7972704934
50.0	2254.31844787	-288.035245169	31.1791043594
50.05	2364.60094522	-289.54741631	32.7044032795
50.1	2284.41041393	-288.472613767	31.5953013483
50.15	2385.92680874	-289.911408776	32.9993577589
50.2	2489.91969998	-291.279503718	34.4376661804
50.25	2316.43945891	-288.828775939	32.0382897545
50.3	2194.70541273	-287.19189801	30.3546063629
50.35	2245.0726628	-287.867442278	31.0512274404
50.4	2264.63413183	-288.127297133	31.3217788725
50.45	2334.87877719	-289.125730297	32.2933209057
50.5	2197.21946672	-287.237508789	30.3893778264
50.55	2405.9711681	-290.140196392	33.276587967
50.6	2161.46071071	-286.633324168	29.8948044061
50.65	2163.6033175	-286.667611826	29.924438445
50.7	2436.99216449	-290.584739878	33.7056342203
50.75	2034.92335575	-284.974306666	28.1446872479
50.8	2351.6575814	-289.34962374	32.5253857623
50.85	2382.54541055	-289.742430329	32.9525902016
50.9	2526.4419347	-291.767321346	34.9427991483
50.95	2101.18252911	-285.893694357	29.0611068791
51.0	2223.88372021	-287.624078731	30.7581666916
51.05	2185.3720779	-286.952366464	30.2255185576
51.1	2286.78262586	-288.404659221	31.6281110179
51.15	2299.95699552	-288.658245636	31.8103235385
51.2	2123.00804271	-286.217014072	29.362971936
51.25	2190.7291753	-287.130415517	30.2996116829
51.3	2217.91093925	-287.457324515	30.6755581493
51.35	2156.07484731	-286.56706286	29.8203134232
51.4	2124.90347566	-286.166601651	29.3891873545
51.45	2375.90608221	-289.781297387	32.8607627532
51.5	2226.8263523	-287.659279159	30.7988657478
51.55	2344.73715491	-289.295226287	32.429670492
51.6	2314.48507438	-288.865455163	32.0112589863
51.65	2282.25319001	-288.456842287	31.5654651423
51.7	2323.89569182	-289.024216798	32.1414156745
51.75	2181.99277926	-286.977713957	30.178780039
51.8	2375.89167455	-289.785581841	32.8605634831
51.85	2033.59829112	-284.940476581	28.1263604988
51.9	2176.27679477	-286.881449128	30.0997232061
51.95	2430.78096634	-290.534644082	33.6197281693
52.0	2148.46068629	-286.478565164	29.7150032256
52.05	2362.69511188	-289.514855313	32.6780440148
52.1	2102.79429223	-285.872841465	29.0833989075
52.15	2370.70381781	-289.615533638	32.7888110975
52.2	2199.80602162	-287.205315957	30.425152038
52.25	2275.76172545	-288.286156673	31.4756827732
52.3	2367.03221012	-289.512602823	32.7380297009
52.35	2350.95509294	-289.392279445	32.515669761
52.4	2251.29405917	-287.933284708	31.1372745412
52.45	2379.27525035	-289.762063465	32.9073611585
52.5	2243.43800075	-287.944643196	31.0286187008
52.55	2454.04330667	-290.813887463	33.9414657381
52.6	2155.20952966	-286.588657539	29.8083453583
52.65	2064.79656804	-285.390254132	28.5578586897
52.7	2314.09279756	-288.819973475	32.0058334707
52.75	2397.6836315	-290.031762771	33.1619644235
52.8	2310.70313962	-288.797251348	31.9589516742
52.85	2199.95957865	-287.225140022	30.4272758598
52.9	2364.23036906	-289.587093794	32.6992779021
52.95	2235.02059824	-287.733855509	30.9121990036
53.0	2205.87189838	-287.362040468	30.509048173
53.05	2218.63250819	-287.541841027	30.6855380497
53.1	2332.72420663	-289.135444724	32.2635213978
53.15	2268.41443894	-288.165088985	31.3740636728
53.2	2370.05939637	-289.575848751	32.7798982114
53.25	2270.88729261	-288.258066057	31.4082653015
53.3	2297.42116307	-288.617021396	31.7752508607
53.35	2104.43372863	-285.939632532	29.1060736802
53.4	2293.26906404	-288.574328699	31.717823868
53.45	2231.7560848	-287.712693243	30.8670480599
53.5	2356.03070199	-289.466573423	32.5858696674
53.55	2329.44271315	-289.000045254	32.218135606
53.6	2188.31029189	-287.042735673	30.2661565079
53.65	2269.10098688	-288.213857181	31.3835592033
53.7	2367.62902649	-289.568389298	32.746284169
53.75	2483.83635777	-291.186478699	34.3535284838
53.8	2315.04653037	-288.863513731	32.019024391
53.85	2117.03323877	-286.107841382	29.2803354141
53.9	2344.76381491	-289.318944668	32.430039222
53.95	2083.58189661	-285.673322859	28.8176754519
54.0	2444.84476968	-290.632955343	33.8142422995
54.05	2424.57717557	-290.286998467	33.5339245686
54.1	2528.24490123	-291.802936226	34.967735679
54.15	2185.94658528	-287.037514986	30.2334644739
54.2	2317.51534369	-288.913491064	32.0531701383
54.25	2275.35590964	-288.424712416	31.4700700021
54.3	2177.39952413	-286.954987162	30.1152514894
54.35	2447.85556616	-290.710001881	33.855884126
54.4	2232.27045877	-287.641357772	30.8741622809
54.45	2344.41427693	-289.194610813	32.4252048202
54.5	2303.26482106	-288.66470347	31.8560735246
54.55	2168.09407266	-286.763156689	29.9865493344
54.6	2082.30928118	-285.600315679	28.8000741191
54.65	1977.15251428	-284.122232768	27.3456683262
54.7	2201.97484164	-287.361136429	30.4551486279
54.75	2352.76064743	-289.406390842	32.5406420856
54.8	2222.19584217	-287.471462041	30.7348219306
54.85	2398.2234454	-290.014292622	33.1694304999
54.9	2534.46118486	-291.956814534	35.0537120664
54.95	2377.48510288	-289.684014135	32.882601926
55.0	2173.45418502	-286.852515508	30.060684159
55.05	2245.5440328	-287.929595503	31.0577468806
55.1	2099.23224948	-285.827103664	29.0341328853
55.15	2355.68955573	-289.416405211	32.5811513302
55.2	2311.40276233	-288.815710868	31.9686280399
55.25	2368.96639693	-289.642693371	32.7647811175
55.3	2344.75266583	-289.300841358	32.4298850209
55.35	2362.33437709	-289.5370929	32.6730547518
55.4	2201.94741869	-287.299071642	30.4547693456
55.45	2225.92329505	-287.59729121	30.7863757128
55.5	2225.2170477	-287.571438589	30.7766077229
55.55	2295.77448314	-288.627019348	31.7524759038
55.6	2279.63249141	-288.381947399	31.5292186949
55.65	2441.18944478	-290.633607135	33.7636861073
55.7	2372.86679493	-289.623040342	32.8187268751
55.75	2127.87518007	-286.215080339	29.4302885052
55.8	2255.41240066	-288.038311213	31.194234639
55.85	2195.36631701	-287.270250956	30.3637472204
55.9	2351.31647444	-289.285818768	32.5206679686
55.95	2115.56247103	-285.99185659	29.2599934696
56.0	2459.00512452	-290.898184463	34.0100918175
56.05	2363.20778944	-289.475742015	32.685134773
56.1	2285.80016082	-288.42009316	31.614522707
56.15	2198.07292369	-287.325564434	30.4011818481
56.2	2213.87328416	-287.415502698	30.6197140119
56.25	2300.17002884	-288.59412242	31.813269967
56.3	2441.62698139	-290.649618824	33.7697376037
56.35	2153.68713947	-286.597136042	29.7872894322
56.4	2348.69723296	-289.319456978	32.4844416743
56.45	2324.13842877	-288.97143395	32.1447729289
56.5	2354.92324407	-289.428005749	32.5705526008
56.55	2277.95823716	-288.334245078	31.5060623621
56.6	2302.01404082	-288.643636549	31.8387741906
56.65	2294.15315449	-288.528771289	31.7300515764
56.7	2202.41389806	-287.269277391	30.4612211444
56.75	2376.99532153	-289.664914122	32.8758278414
56.8	2234.27428733	-287.735037077	30.9018769013
56.85	2210.26897054	-287.379667407	30.5698633482
56.9	2267.48460159	-288.212965364	31.3612032467
56.95	2249.19148522	-287.972629695	31.1081941899
57.0	2286.83263381	-288.435239886	31.6288026696
57.05	2268.49353831	-288.215886875	31.3751576831
57.1	2435.96414084	-290.521955186	33.6914157957
57.15	2452.56721899	-290.750465531	33.9210502144
57.2	2038.15999757	-284.953292314	28.1894527038
57.25	2246.10516247	-287.944496177	31.0655077721
57.3	2117.63256383	-286.105399485	29.2886245797
57.35	2285.99926908	-288.479721166	31.6172765403
57.4	2314.063055	-288.851909927	32.0054221063
57.45	2476.57175338	-291.111055577	34.253052946
57.5	2087.42100806	-285.543777722	28.8707735653
57.55	2367.62385741	-289.471215629	32.7462126763
57.6	2398.82006586	-290.034303107	33.1776822585
57.65	2207.23033536	-287.383763228	30.5278364894
57.7	2274.37855912	-288.285007677	31.4565524292
57.75	2367.29696206	-289.62684334	32.741691441
57.8	2287.62065367	-288.534632239	31.6397016415
57.85	2182.24357547	-286.985234037	30.1822487597
57.9	2161.94044868	-286.606715791	29.9014395823
57.95	2286.72966521	-288.399127643	31.627378528
58.0	2457.79686481	-290.859144149	33.9933805778
58.05	2370.20294545	-289.626863968	32.781883615
58.1	2273.06372737	-288.282785544	31.4383672095
58.15	2179.8531794	-287.025530371	30.1491875884
58.2	2378.34428309	-289.819537718	32.8944851049
58.25	2267.11363697	-288.167932388	31.3560724966
58.3	2536.01784186	-291.935618522	35.0752419311
58.35	2229.72107108	-287.626219306	30.8389021228
58.4	2273.78549458	-288.291098128	31.4483498521
58.45	2260.77662446	-288.141254834	31.2684263281
58.5	2496.85736247	-291.409288928	34.5336198392
58.55	2275.04706139	-288.225097362	31.4657983732
58.6	2312.74828697	-288.832782908	31.9872377678
58.65	2168.17372251	-286.833088319	29.9876509582
58.7	2324.06930217	-289.100564573	32.1438168504
58.75	2228.9991841	-287.72677227	30.8289178238
58.8	2190.01573856	-287.050062424	30.2897442577
58.85	2437.58099401	-290.478312457	33.7137782236
58.9	2167.53348941	-286.763559649	29.9787960005
58.95	2267.72145843	-288.277798852	31.3644791744
59.0	2037.01593286	-284.967368982	28.1736293346
59.05	2435.93386894	-290.546761831	33.6909971101
59.1	2490.94563232	-291.299909758	34.4518556805
59.15	2329.19528928	-288.971793509	32.2147135275
59.2	2408.68665158	-290.162975603	33.3141453683
59.25	2180.06263739	-287.022975275	30.1520845671
59.3	2440.73853303	-290.717602339	33.7574496218
59.35	2156.97381383	-286.689028895	29.8327468799
59.4	2181.5958836	-286.948750368	30.173290641
59.45	2371.42301374	-289.605972945	32.7987581771
59.5	2412.11884532	-290.158038734	33.3616154703
59.55	2320.26476741	-288.919250115	32.0911969615
59.6	2361.08095375	-289.482359498	32.6557188616
59.65	2104.20860494	-285.871553138	29.1029600318
59.7	2240.50903971	-287.844124745	30.9881087268
59.75	2228.54130227	-287.701196774	30.8225849363
59.8	2289.7404993	-288.475790647	31.6690208746
59.85	2488.78336048	-291.318697038	34.4219496575
59.9	2308.0352395	-288.829573227	31.9220523904
59.95	2213.72845533	-287.492831357	30.6177109083
60.0	2354.56852216	-289.384411643	32.565646501
60.05	2387.69724097	-289.85055748	33.0238443133
60.1	2442.13098243	-290.591295069	33.7767083583
60.15	2105.56097939	-285.894150664	29.1216644985
60.2	2550.90671239	-292.172005925	35.2811674286
60.25	2022.91769995	-284.682543476	27.9786390148
60.3	2213.76260527	-287.393489609	30.6181832305
60.35	2328.07270495	-289.049444432	32.19918725
60.4	2233.00430576	-287.766408953	30.8843119969
60.45	2150.34090458	-286.634283464	29.7410082127
60.5	2636.11615566	-293.335353444	36.4596850984
60.55	2111.55113565	-285.871819902	29.2045133556
60.6	2349.04217506	-289.264572138	32.4892125113
60.65	2250.811356	-287.942437838	31.1305983538
60.7	2112.56232294	-286.045608859	29.2184989192
60.75	2312.10313323	-288.885933169	31.9783147536
60.8	2093.48550556	-285.727885565	28.9546506237
60.85	2454.39193255	-290.793218612	33.9462875249
60.9	2508.52919619	-291.654023593	34.6950510344
60.95	2325.41037069	-289.015327417	32.1623649465
61.0	2272.84560434	-288.247117657	31.435350386
61.05	2229.12313425	-287.679509682	30.8306321577
61.1	2201.02320762	-287.330689791	30.4419867356
61.15	2331.17529561	-289.010680344	32.2420986665
61.2	2435.89685648	-290.53979636	33.6904851969
61.25	2468.61459889	-290.986248506	34.1429988628
61.3	2223.26411958	-287.531879258	30.7495970981
61.35	2038.79164932	-285.013638217	28.1981889742
61.4	2118.05622481	-286.042252819	29.2944841643
61.45	2328.62240033	-289.028283145	32.2067899955
61.5	2256.38754339	-288.047960458	31.2077216762
61.55	2524.24509239	-291.869963302	34.9124149868
61.6	2147.36395724	-286.416342888	29.6998345481
61.65	2196.85675793	-287.115710756	30.3843612613
61.7	2286.77984781	-288.475361991	31.6280725952
61.75	2330.21507549	-289.023894819	32.2288180213
61.8	2228.60519638	-287.558666073	30.8234686451
61.85	2182.80048315	-287.012899072	30.1899512575
61.9	2561.41193848	-292.384221705	35.4264634674
61.95	2261.39015613	-288.083929285	31.2769119828
62.0	2164.81812736	-286.807651188	29.9412402786
