# 	 t 	 T	E	K
2.05	1604.49412135	-296.190139961	22.1914919345
2.1	1643.19281214	-296.690418045	22.7267271049
2.15	1624.93217591	-296.396927208	22.4741672754
2.2	1781.51896376	-298.615073888	24.6398931534
2.25	1587.76014545	-295.898724211	21.9600470907
2.3	1599.77301643	-296.074490138	22.1261951158
2.35	1842.4317636	-299.478535656	25.4823679798
2.4	1501.71422973	-294.709972927	20.7699603093
2.45	1657.40816075	-296.898833933	22.9233372326
2.5	1553.5660572	-295.397502188	21.4871143304
2.55	1757.83866937	-298.320087625	24.3123749314
2.6	1707.29012407	-297.595746534	23.6132463896
2.65	1779.58739822	-298.621815688	24.613177991
2.7	1554.00944129	-295.441742574	21.4932467022
2.75	1884.87592988	-300.077939356	26.0694062002
2.8	1555.83645823	-295.482148244	21.5185158704
2.85	1638.96028036	-296.689081644	22.6681876602
2.9	1583.5774939	-295.862784669	21.9021975312
2.95	1739.60120981	-298.027809572	24.0601356546
3.0	1727.6465568	-297.901253186	23.8947928326
3.05	1639.36677943	-296.706985923	22.6738098815
3.1	1656.89291716	-296.874991868	22.916210984
3.15	1709.9654026	-297.57928452	23.6502477229
3.2	1592.98882761	-296.023403256	22.032364126
3.25	1631.94662458	-296.621001152	22.571182951
3.3	1794.8779431	-298.825368543	24.8246589798
3.35	1708.47578857	-297.588291716	23.6296451186
3.4	1750.22270439	-298.195098735	24.2070397836
3.45	1631.92128623	-296.568933709	22.5708325006
3.5	1626.10523791	-296.474473954	22.4903917014
3.55	1615.95803989	-296.349409355	22.3500474894
3.6	1776.49077669	-298.594375265	24.5703491324
3.65	1642.29824474	-296.631467225	22.7143544917
3.7	1708.62914354	-297.591983965	23.6317661457
3.75	1749.52336882	-298.219007439	24.1973673893
3.8	1678.31732193	-297.252484993	23.2125283711
3.85	1629.38296947	-296.548019102	22.5357254627
3.9	1751.21668263	-298.216978416	24.2207873317
3.95	1616.93651989	-296.296041997	22.3635806839
4.0	1808.85030301	-299.052264935	25.0179083711
4.05	1526.36828906	-295.036111184	21.1109465127
4.1	1639.60334135	-296.663631007	22.6770817301
4.15	1626.32333823	-296.524148216	22.4934082107
4.2	1826.60285804	-299.271819157	25.2634410138
4.25	1541.20194682	-295.266915392	21.3161083716
4.3	1718.52856057	-297.780061373	23.7686833399
4.35	1734.61638037	-297.96903534	23.9911913059
4.4	1557.91321776	-295.494749851	21.5472391869
4.45	1660.81980189	-296.962195498	22.9705230751
4.5	1656.21175454	-296.878166791	22.9067899368
4.55	1582.07386792	-295.830877011	21.8814011298
4.6	1808.76187542	-299.050869361	25.0166853438
4.65	1677.57180359	-297.217894021	23.2022172307
4.7	1689.51246368	-297.350497149	23.3673665188
4.75	1864.34219492	-299.757210676	25.7854075195
4.8	1569.83811513	-295.657588741	21.7121704635
4.85	1683.20715866	-297.288412669	23.2801588915
4.9	1640.51802898	-296.673818126	22.689732623
4.95	1740.26727695	-298.1059919	24.0693479186
5.0	1698.56716646	-297.493349084	23.4926006104
5.05	1682.31951598	-297.215231	23.2678820528
5.1	1799.61996822	-298.925755431	24.8902451424
5.15	1678.97313471	-297.244899615	23.2215988089
5.2	1593.62533998	-296.058613943	22.0411676229
5.25	1611.94248392	-296.287577909	22.2945090011
5.3	1626.41832894	-296.475098005	22.4947220114
5.35	1768.18166479	-298.481142467	24.4554271846
5.4	1652.79765977	-296.794602476	22.8595701587
5.45	1733.838828	-297.973286222	23.9804371081
5.5	1572.57467869	-295.759870911	21.7500194199
5.55	1802.33603331	-298.96822971	24.9278105878
5.6	1618.07315366	-296.326746846	22.379301277
5.65	1706.93449647	-297.592600641	23.6083277633
5.7	1637.804173	-296.613746988	22.6521977313
5.75	1630.98907754	-296.536842114	22.5579392769
5.8	1657.65745419	-296.896688455	22.9267851688
5.85	1661.82627068	-296.941266842	22.9844433779
5.9	1730.37012551	-297.8950933	23.9324620596
5.95	1593.82788419	-295.99966822	22.0439689784
6.0	1716.32904055	-297.731240546	23.7382621435
6.05	1679.28257958	-297.177113863	23.2258786895
6.1	1726.316319	-297.885177981	23.8763945344
6.15	1573.2425684	-295.739423069	21.7592568917
6.2	1603.89597235	-296.16169036	22.1832190349
6.25	1755.63620169	-298.27741012	24.2819129664
6.3	1768.33445954	-298.463354779	24.4575404635
6.35	1533.08684873	-295.153919944	21.2038697966
6.4	1616.64124119	-296.311279379	22.3594967332
6.45	1762.42213221	-298.345821865	24.3757680453
6.5	1773.64603116	-298.558755289	24.5310039292
6.55	1533.69991162	-295.20136372	21.2123489676
6.6	1736.87973564	-298.011786703	24.022495397
6.65	1517.94344573	-294.894144857	20.9944239026
6.7	1863.60097097	-299.788878562	25.7751557741
6.75	1601.69173466	-296.142039277	22.1527325893
6.8	1561.51379267	-295.619624732	21.5970381409
6.85	1683.74952363	-297.271832084	23.2876602513
6.9	1810.38376104	-299.028499545	25.0391173747
6.95	1697.60598245	-297.444950632	23.4793066339
7.0	1641.11893839	-296.72865614	22.6980437012
7.05	1546.23753626	-295.380289378	21.3857547735
7.1	1647.37581839	-296.734996937	22.7845815702
7.15	1821.79949132	-299.219458795	25.1970064458
7.2	1674.70756454	-297.119148521	23.1626024156
7.25	1678.42544166	-297.202723098	23.2140237571
7.3	1635.37328424	-296.581032851	22.6185765121
7.35	1801.32382091	-298.947273491	24.9138108462
7.4	1692.92910986	-297.481095503	23.4146215852
7.45	1630.033692	-296.582300933	22.544725498
7.5	1840.63427241	-299.498544505	25.4575071775
7.55	1596.52804478	-296.068019013	22.0813144513
7.6	1806.64953953	-299.004014088	24.9874699766
7.65	1714.67416114	-297.66346432	23.715373781
7.7	1631.72215798	-296.565754997	22.5680783907
7.75	1665.51042081	-297.044601458	23.035398247
7.8	1622.830126	-296.418027645	22.445094172
7.85	1658.1778065	-296.900116215	22.9339820753
7.9	1710.0720514	-297.608536075	23.6517227649
7.95	1610.91222675	-296.22869792	22.2802596852
8.0	1740.8078149	-298.105059996	24.0768240094
8.05	1650.72802222	-296.813600787	22.8309453451
8.1	1680.39397105	-297.235490133	23.2412501604
8.15	1617.31073196	-296.372685861	22.368756349
8.2	1574.48759316	-295.77176303	21.7764766226
8.25	1882.24381933	-300.041193465	26.0330019161
8.3	1741.1642426	-298.070839129	24.0817537017
8.35	1611.51989085	-296.268577562	22.2886641865
8.4	1586.93800791	-295.926443796	21.9486762428
8.45	1636.83611498	-296.633934935	22.6388086814
8.5	1614.20609296	-296.307091495	22.3258166022
8.55	1842.02062026	-299.48661925	25.4766815246
8.6	1706.21172262	-297.58547618	23.5983311982
8.65	1533.12940935	-295.159959534	21.2044584454
8.7	1639.80777562	-296.658383445	22.6799092266
8.75	1800.72238328	-298.931303137	24.9054924621
8.8	1599.6803057	-296.108778288	22.124912849
8.85	1710.81658539	-297.621391177	23.662020291
8.9	1804.27237073	-298.970828806	24.9545917495
8.95	1646.56654673	-296.817879996	22.7733886683
9.0	1561.01841607	-295.609670424	21.5901866693
9.05	1697.75249503	-297.452911529	23.4813330251
9.1	1688.69261263	-297.316644937	23.356027295
9.15	1864.20348693	-299.815523848	25.7834890723
9.2	1647.36498422	-296.77914623	22.7844317247
9.25	1603.92063357	-296.198664299	22.1835601202
9.3	1614.12662988	-296.301384569	22.3247175615
9.35	1684.71232657	-297.244108762	23.3009766191
9.4	1745.38932767	-298.152432884	24.1401901522
9.45	1619.54966647	-296.356984771	22.3997226806
9.5	1806.20153751	-299.016703582	24.981273735
9.55	1620.49926961	-296.425776235	22.4128564841
9.6	1690.43920261	-297.382689341	23.3801840912
9.65	1631.11362502	-296.582489364	22.5596618724
9.7	1896.74869256	-300.299010071	26.2336164107
9.75	1606.45839319	-296.170747184	22.2186594523
9.8	1670.3836812	-297.138325509	23.1027995028
9.85	1626.69716849	-296.453321041	22.498578595
9.9	1875.75452201	-299.988653028	25.9432495217
9.95	1611.47308451	-296.285219114	22.2880168158
10.0	1637.58134645	-296.656783385	22.6491158542
10.05	1750.49029032	-298.199882798	24.2107407202
10.1	1593.92496151	-295.991536198	22.0453116386
10.15	1639.81881968	-296.667806177	22.6800619752
10.2	1614.78648034	-296.275643027	22.3338438437
10.25	1784.09711013	-298.681250451	24.675551068
10.3	1531.70882516	-295.13680989	21.1848105812
10.35	1605.19547966	-296.182533608	22.2011923049
10.4	1702.86807311	-297.493447627	23.5520857365
10.45	1773.30128283	-298.445699296	24.5262357722
10.5	1768.861794	-298.51864803	24.4648339389
10.55	1625.52799431	-296.518495984	22.4824079409
10.6	1844.64202034	-299.576417638	25.512937674
10.65	1538.24212035	-295.280613285	21.2751715029
10.7	1562.20430034	-295.566230629	21.6065884379
10.75	1920.28056242	-300.579227094	26.5590817977
10.8	1749.61939816	-298.196250239	24.1986955552
10.85	1515.1392181	-294.890614028	20.9556390956
10.9	1572.78978189	-295.70173793	21.7529944766
10.95	1693.49189873	-297.39509536	23.4224054247
11.0	1693.68187177	-297.448302037	23.4250329103
11.05	1747.60071021	-298.18942861	24.1707754172
11.1	1750.48950311	-298.215256545	24.2107298324
11.15	1628.03172016	-296.460954382	22.5170365577
11.2	1682.30759057	-297.258642943	23.2677171145
11.25	1630.45275709	-296.534777795	22.5505215177
11.3	1620.30911555	-296.415989557	22.4102264949
11.35	1700.59627012	-297.492728618	23.5206648064
11.4	1878.20077246	-299.973623842	25.9770832057
11.45	1619.10811913	-296.327288245	22.3936157126
11.5	1629.18106339	-296.514952715	22.5329329332
11.55	1432.3320187	-293.71522747	19.8103464622
11.6	1693.48864578	-297.405920943	23.4223604337
11.65	1845.78967969	-299.592198522	25.52881076
11.7	1543.02881861	-295.321549614	21.3413755322
11.75	1476.82741233	-294.373813859	20.4257548677
11.8	1718.50077825	-297.795898915	23.7682990872
11.85	1752.17376532	-298.224682544	24.2340245835
11.9	1661.91111005	-296.95309979	22.9856167771
11.95	1756.98675351	-298.271860191	24.3005922245
12.0	1706.57192385	-297.570058777	23.6033130815
12.05	1565.04711248	-295.595964362	21.6459069008
12.1	1681.36101876	-297.238215083	23.2546252369
12.15	1700.91349714	-297.51613396	23.5250523207
12.2	1584.92219222	-295.913193055	21.9207958306
12.25	1829.96386457	-299.379822	25.3099265374
12.3	1536.75133265	-295.248140077	21.2545526656
12.35	1632.10292567	-296.548643966	22.5733447256
12.4	1781.09992712	-298.615698954	24.6340975272
12.45	1693.64874869	-297.377352287	23.4245747905
12.5	1629.56200267	-296.483648624	22.5382016411
12.55	1833.17140372	-299.415950307	25.3542894791
12.6	1487.61806114	-294.508515232	20.5749985408
12.65	1778.47478293	-298.631486242	24.5977895935
12.7	1656.95894867	-296.893768115	22.9171242549
12.75	1896.96705655	-300.270903667	26.2366365668
12.8	1651.20232698	-296.829970195	22.8375053755
12.85	1598.44060265	-296.077346714	22.1077667218
12.9	1732.80819119	-297.948548838	23.9661825414
12.95	1677.77377601	-297.166778853	23.2050106776
13.0	1428.10192346	-293.69672549	19.7518407169
13.05	1667.18136357	-297.063633775	23.058508779
13.1	1772.3026956	-298.510793664	24.5124244779
13.15	1715.76569986	-297.73253085	23.7304706718
13.2	1653.9473921	-296.888781277	22.8754719157
13.25	1684.82855326	-297.28779441	23.3025841311
13.3	1635.81873764	-296.577736233	22.6247375043
13.35	1616.66009258	-296.269237215	22.3597574636
13.4	1656.61493958	-296.86893282	22.9123663222
13.45	1674.95524191	-297.187873151	23.1660280003
13.5	1672.88259711	-297.117799823	23.1373615939
13.55	1668.05228254	-297.004409934	23.0705543147
13.6	1687.47699098	-297.30730738	23.3392142337
13.65	1701.80685561	-297.58289724	23.5374082135
13.7	1442.22895688	-293.896473351	19.9472293718
13.75	1826.49754936	-299.274064686	25.261984507
13.8	1674.80677047	-297.137018683	23.1639745164
13.85	1757.24076824	-298.308548886	24.30410546
13.9	1660.82557291	-296.954975417	22.9706028931
13.95	1549.86683855	-295.380760789	21.4359510512
14.0	1676.67445497	-297.207147192	23.1898061509
14.05	1762.8033644	-298.394863189	24.3810408044
14.1	1688.59452219	-297.283073565	23.3546706225
14.15	1782.06667586	-298.652695472	24.6474684686
14.2	1470.67088739	-294.283384429	20.3406049929
14.25	1613.36473063	-296.258073452	22.3141798594
14.3	1601.13109103	-296.059506886	22.1449784202
14.35	1618.67086153	-296.342983894	22.3875680754
14.4	1659.13551301	-296.893482184	22.947227955
14.45	1591.68096672	-295.955225421	22.0142753191
14.5	1532.56132382	-295.123258248	21.1966013488
14.55	1772.54220787	-298.520279016	24.5157371324
14.6	1858.61943395	-299.744613449	25.7062569621
14.65	1683.68564699	-297.245468296	23.2867767841
14.7	1761.70018046	-298.407917152	24.3657828504
14.75	1449.66755918	-293.973730246	20.0501114458
14.8	1711.03544525	-297.671621303	23.6650473053
14.85	1617.92875425	-296.33822547	22.3773041128
14.9	1717.76632826	-297.703875258	23.7581410313
14.95	1848.537817	-299.592577519	25.5668197911
15.0	1567.86657876	-295.677451708	21.684902471
15.05	1703.82551143	-297.589938582	23.5653279071
15.1	1725.33676024	-297.85366743	23.8628464198
15.15	1663.0674244	-296.967101904	23.001609569
15.2	1769.90910245	-298.508147662	24.4793190882
15.25	1526.17731177	-295.053330449	21.1083051374
15.3	1650.31045006	-296.791662772	22.8251699739
15.35	1824.00908842	-299.264133796	25.2275670165
15.4	1569.11166525	-295.710727148	21.7021230557
15.45	1808.04997208	-299.021315508	25.0068391268
15.5	1681.48098029	-297.212373423	23.2562844048
15.55	1740.59106503	-298.108430456	24.0738261779
15.6	1601.03667397	-296.12640988	22.1436725535
15.65	1755.64494024	-298.278910367	24.2820338278
15.7	1722.85869496	-297.852495935	23.8285727101
15.75	1611.37335861	-296.279344859	22.2866375234
15.8	1518.59749426	-294.932815475	21.0034699394
15.85	1812.07795613	-299.102393087	25.0625495058
15.9	1712.12779817	-297.633910069	23.6801554574
15.95	1746.80019385	-298.167615415	24.1597036082
16.0	1546.94023719	-295.371746164	21.3954737134
16.05	1829.10320749	-299.30868567	25.2980229321
16.1	1587.09085114	-295.884999645	21.9507901921
16.15	1728.49827628	-297.908420035	23.9065728235
16.2	1685.82316628	-297.313706727	23.3163404587
16.25	1679.44309287	-297.233823525	23.2280987222
16.3	1613.95869799	-296.302553538	22.3223949234
16.35	1654.10763941	-296.873231357	22.8776882697
16.4	1767.33227934	-298.446748205	24.4436794755
16.45	1617.54545838	-296.334733074	22.3720028111
16.5	1713.1330044	-297.693312503	23.6940582979
16.55	1677.14459055	-297.210398567	23.196308518
16.6	1690.51901673	-297.426570882	23.3812879871
16.65	1607.26039982	-296.195382624	22.2297518729
16.7	1753.90407313	-298.219829273	24.2579561836
16.75	1786.78671827	-298.770460199	24.7127505919
16.8	1510.97425604	-294.843801949	20.8980341966
16.85	1729.46413035	-297.945320296	23.9199313908
16.9	1848.31877747	-299.601807445	25.5637902918
16.95	1687.92656232	-297.335777331	23.3454321803
17.0	1620.58665249	-296.412176445	22.4140650622
17.05	1586.38502622	-295.861600188	21.9410280448
17.1	1733.06889439	-297.953984417	23.9697882841
17.15	1571.5109028	-295.719846552	21.7353065122
17.2	1600.99782387	-296.084715058	22.1431352242
17.25	1830.23133637	-299.343185486	25.3136258954
17.3	1685.93181651	-297.315711407	23.3178431821
17.35	1617.89119917	-296.382664465	22.3767846946
17.4	1660.19189071	-296.936124151	22.9618385397
17.45	1743.87729604	-298.089707634	24.1192774937
17.5	1793.89746064	-298.804704958	24.8110980896
17.55	1524.41239485	-295.037356895	21.0838948644
17.6	1433.8344525	-293.786362752	19.8311263748
17.65	1849.52778852	-299.607731146	25.5805119229
17.7	1681.55142394	-297.183499674	23.2572586993
17.75	1649.35401295	-296.756471638	22.811941651
17.8	1696.13489445	-297.439450722	23.4589602599
17.85	1668.86724638	-297.116592178	23.0818259444
17.9	1657.75492009	-296.933890033	22.9281332034
17.95	1665.66925746	-297.0150164	23.0375950903
18.0	1617.59084027	-296.301060481	22.3726304805
18.05	1791.03100317	-298.752404268	24.7714525921
18.1	1759.10043462	-298.330614661	24.3298261972
18.15	1640.6412772	-296.682512259	22.6914372487
18.2	1642.69351055	-296.722768195	22.7198213476
18.25	1595.32374889	-296.044938744	22.0646580348
18.3	1598.78488748	-296.081147482	22.1125284682
18.35	1650.74115854	-296.770187443	22.8311270314
18.4	1808.85573317	-299.006525147	25.0179834747
18.45	1694.53834241	-297.395192123	23.4368786136
18.5	1631.01870943	-296.532914038	22.5583491105
18.55	1541.65981231	-295.267380977	21.3224410333
18.6	1753.34325034	-298.23253615	24.2501995367
18.65	1564.64286199	-295.614870796	21.6403157793
18.7	1614.6447675	-296.303411458	22.3318838369
18.75	1798.13809641	-298.863411733	24.8697496193
18.8	1728.94810283	-297.95509959	23.9127942998
18.85	1702.2878764	-297.541628751	23.5440611322
18.9	1536.33226029	-295.196240711	21.2487565452
18.95	1654.40100616	-296.901151317	22.8817457765
19.0	1623.16764479	-296.427508257	22.4497623385
19.05	1813.84240566	-299.081083618	25.0869533144
19.1	1647.6493117	-296.713727502	22.7883642108
19.15	1783.93423639	-298.698205188	24.6732983884
19.2	1506.87727155	-294.778443759	20.8413694839
19.25	1755.69787826	-298.245236962	24.2827660047
19.3	1702.31518051	-297.51397212	23.5444387709
19.35	1522.00108811	-294.998237465	21.0505444811
19.4	1727.14652275	-297.886241134	23.8878769447
19.45	1487.84554755	-294.521974012	20.5781448675
19.5	1630.18915814	-296.530025788	22.5468757244
19.55	1824.54705411	-299.263230848	25.2350075308
19.6	1844.78081423	-299.564682464	25.5148573093
19.65	1486.7301823	-294.529750895	20.5627184359
19.7	1818.10307355	-299.185621818	25.145881905
19.75	1637.25763449	-296.633772906	22.6446386478
19.8	1593.11288224	-296.010596693	22.0340799051
19.85	1719.65412161	-297.773980069	23.7842507878
19.9	1748.38240466	-298.212132226	24.1815869034
19.95	1524.92286435	-295.066310763	21.0909550833
20.0	1677.81317018	-297.24841373	23.205555532
20.05	1784.4332407	-298.722697639	24.6802000342
20.1	1818.8396235	-299.164106615	25.1560690051
20.15	1649.58447022	-296.881879945	22.8151290672
20.2	1592.24850725	-295.951043103	22.0221248779
20.25	1741.56202668	-298.055867144	24.0872553874
20.3	1597.31115255	-296.025817584	22.0921454851
20.35	1616.75433937	-296.317064351	22.3610609754
20.4	1765.05717327	-298.422004865	24.4122128609
20.45	1653.1712633	-296.844598544	22.864737407
20.5	1700.52107351	-297.476057289	23.5196247746
20.55	1651.36629797	-296.827223677	22.8397732311
20.6	1579.85604267	-295.848399233	21.8507267568
20.65	1752.62193086	-298.252206776	24.2402230868
20.7	1584.29355534	-295.86428657	21.9121012581
20.75	1724.00736597	-297.831018436	23.8444597882
20.8	1671.22637332	-297.10288777	23.1144546376
20.85	1674.06532406	-297.11563857	23.1537196942
20.9	1695.72215677	-297.433444242	23.4532517535
20.95	1587.14028054	-295.935097392	21.951473842
21.0	1550.06250991	-295.38806253	21.4386573493
21.05	1705.99107248	-297.55688131	23.5952794226
21.1	1701.39263666	-297.512663763	23.5316792199
21.15	1590.02317943	-295.983289564	21.9913467382
21.2	1566.02062803	-295.614118915	21.6593714329
21.25	1688.67504986	-297.326382443	23.3557843872
21.3	1712.09543497	-297.675569219	23.6797078472
21.35	1731.78025411	-297.936400913	23.9519653142
21.4	1721.83596859	-297.780644541	23.8144275514
21.45	1651.54109681	-296.824904749	22.8421908449
21.5	1533.23003448	-295.167822698	21.205850175
21.55	1665.13991713	-296.985391273	23.030273872
21.6	1713.12868562	-297.649028181	23.6939985655
21.65	1702.43052742	-297.538102221	23.5460341148
21.7	1637.12891731	-296.634596377	22.6428583818
21.75	1542.95210158	-295.286144928	21.3403144716
21.8	1730.11132697	-297.889287121	23.9288826598
21.85	1725.42614839	-297.851365235	23.8640827323
21.9	1767.68448665	-298.474382781	24.4485507963
21.95	1628.43269765	-296.505967653	22.5225824108
22.0	1681.91071738	-297.259910746	23.2622280273
22.05	1603.16700017	-296.127462668	22.1731367417
22.1	1760.64878277	-298.336462952	24.3512411435
22.15	1666.83986511	-297.034099149	23.0537855705
22.2	1745.70196582	-298.136252612	24.1445141986
22.25	1500.46245132	-294.712611091	20.7526471698
22.3	1716.02495297	-297.774709293	23.7340563586
22.35	1652.34706939	-296.871850516	22.8533381179
22.4	1811.16809438	-299.068190865	25.049965359
22.45	1689.50629233	-297.341466298	23.367281164
22.5	1644.67629799	-296.736791913	22.7472449516
22.55	1673.83005388	-297.139178533	23.1504657114
22.6	1498.75548926	-294.680770586	20.7290384608
22.65	1618.19211421	-296.33999252	22.3809466007
22.7	1797.29737043	-298.853363662	24.8581216778
22.75	1659.73194431	-296.921586034	22.9554770975
22.8	1738.62969771	-298.096385213	24.0466988319
22.85	1734.26861143	-298.023242873	23.9863813713
22.9	1714.74741047	-297.742590099	23.7163868804
22.95	1625.05323064	-296.457144495	22.4758415634
23.0	1640.4881825	-296.693543479	22.6893198212
23.05	1711.76763445	-297.698552783	23.6751740926
23.1	1740.48283925	-298.062282557	24.072329325
23.15	1646.505317	-296.736566326	22.77254181
23.2	1720.64496815	-297.801993819	23.7979550219
23.25	1547.68653223	-295.342932402	21.4057955962
23.3	1655.90895367	-296.888978731	22.9026019483
23.35	1731.13383646	-297.926960318	23.943024819
23.4	1680.06258977	-297.213523863	23.236666881
23.45	1739.41659656	-298.067829105	24.0575822993
23.5	1631.42880812	-296.559572069	22.5640211175
23.55	1679.75176497	-297.20092518	23.2323679147
23.6	1641.35051946	-296.67825046	22.7012466606
23.65	1677.02681873	-297.164057616	23.1946796355
23.7	1689.62274171	-297.320862183	23.368891756
23.75	1658.14830577	-296.901994783	22.9335740555
23.8	1597.09616554	-296.112094207	22.0891720353
23.85	1638.90074019	-296.649710576	22.6673641701
23.9	1745.48926091	-298.136794445	24.1415723124
23.95	1712.8160704	-297.715127918	23.6896748362
24.0	1581.70870516	-295.877847571	21.8763506243
24.05	1761.64985577	-298.365857325	24.365086818
24.1	1822.20629807	-299.233674772	25.2026329224
24.15	1673.52050593	-297.123350839	23.1461844049
24.2	1650.06702297	-296.805610208	22.8218031742
24.25	1633.88959414	-296.58970462	22.5980558406
24.3	1645.00453417	-296.731299197	22.7517847318
24.35	1636.19960143	-296.57617842	22.6300051681
24.4	1737.96951436	-298.034240099	24.0375679457
24.45	1880.11559419	-300.062675189	26.0035667873
24.5	1612.47575354	-296.298869673	22.3018845648
24.55	1642.05909802	-296.738614729	22.711046893
24.6	1703.46517258	-297.571440826	23.5603441203
24.65	1600.06454111	-296.112593721	22.1302271453
24.7	1806.940694	-298.98900614	24.9914968858
24.75	1585.75237359	-295.868432417	21.9322779313
24.8	1718.38069162	-297.755639645	23.7666381889
24.85	1761.52852882	-298.344832507	24.3634087651
24.9	1550.91102612	-295.425158509	21.4503930363
24.95	1729.55347443	-297.948730831	23.921167094
25.0	1627.52059432	-296.480982629	22.509967261
25.05	1790.08028941	-298.730728042	24.7583034278
25.1	1562.34205839	-295.532682549	21.6084937466
25.15	1698.82361062	-297.521685144	23.496147447
25.2	1634.64633259	-296.607356746	22.6085221645
25.25	1664.33020693	-296.969846218	23.0190749046
25.3	1831.16900088	-299.350724912	25.3265945777
25.35	1647.72541089	-296.812653635	22.7894167261
25.4	1585.06139162	-295.933065598	21.9227210744
25.45	1729.29246341	-297.908511133	23.9175570938
25.5	1727.94538271	-297.887992119	23.8989258442
25.55	1851.93241652	-299.619286556	25.6137699339
25.6	1619.20096639	-296.39030271	22.3948998676
25.65	1498.49944171	-294.669315545	20.7254971097
25.7	1523.73466202	-295.005013028	21.0745212541
25.75	1790.90710111	-298.753251592	24.7697389233
25.8	1720.52053898	-297.769582857	23.7962340627
25.85	1716.87686018	-297.793562777	23.7458389459
25.9	1583.80601612	-295.847729867	21.9053581841
25.95	1849.5224423	-299.647287049	25.5804379803
26.0	1497.99157715	-294.6787058	20.7184729192
26.05	1590.93796004	-295.946419481	22.003998917
26.1	1762.87001184	-298.360427056	24.3819625941
26.15	1738.3475946	-298.019934235	24.0427971107
26.2	1713.80005571	-297.681741207	23.7032841738
26.25	1559.14837282	-295.484829343	21.5643224114
26.3	1627.9798285	-296.510490435	22.5163188527
26.35	1507.86582426	-294.793057208	20.8550419924
26.4	1771.51191963	-298.487435372	24.5014873867
26.45	1826.13498831	-299.268817606	25.2569699852
26.5	1885.63709909	-300.057280462	26.0799338052
26.55	1561.19889393	-295.544526093	21.5926828287
26.6	1429.80269367	-293.728099266	19.7753637874
26.65	1612.41770875	-296.29290547	22.3010817569
26.7	1695.58570528	-297.460301071	23.4513645157
26.75	1793.56845678	-298.815024869	24.8065476918
26.8	1744.87080286	-298.08335494	24.1330185217
26.85	1635.54494811	-296.588174249	22.6209507666
26.9	1625.96738266	-296.477095996	22.4884850482
26.95	1612.83534838	-296.30838108	22.3068580613
27.0	1670.31814785	-297.115101373	23.1018931218
27.05	1844.89312132	-299.525866059	25.51641061
27.1	1643.87258652	-296.712416916	22.7361289516
27.15	1640.72609055	-296.677938787	22.692610288
27.2	1634.65800595	-296.598866579	22.6086836169
27.25	1513.64049235	-294.873991349	20.9349104685
27.3	1773.19215166	-298.502533584	24.5247263971
27.35	1768.7809142	-298.456478132	24.4637153038
27.4	1696.12606902	-297.46946983	23.4588381969
27.45	1573.02775615	-295.747681869	21.7562858591
27.5	1607.13045456	-296.214687907	22.2279546217
27.55	1720.29044583	-297.776373508	23.7930516825
27.6	1654.84062152	-296.845522238	22.8878260235
27.65	1648.39013567	-296.784326406	22.7986104242
27.7	1629.54264315	-296.50413751	22.5379338828
27.75	1624.78264884	-296.419555503	22.4720991915
27.8	1610.08976564	-296.184815477	22.2688843621
27.85	1686.03115827	-297.330935204	23.3192171614
27.9	1725.162625	-297.923488984	23.8604379841
27.95	1651.69973091	-296.803062857	22.8443848867
28.0	1640.31815211	-296.629524422	22.686968159
28.05	1616.18437308	-296.317477668	22.3531778662
28.1	1588.24377907	-295.926506979	21.9667361471
28.15	1711.6263481	-297.6451914	23.6732199846
28.2	1823.1941295	-299.223494659	25.216295455
28.25	1757.45399964	-298.324541849	24.3070546281
28.3	1473.4842056	-294.328285524	20.3795155302
28.35	1696.35110959	-297.454069139	23.4619506957
28.4	1669.68854672	-297.093566727	23.093185213
28.45	1785.50104575	-298.733259058	24.6949686686
28.5	1565.58120951	-295.578302196	21.6532939082
28.55	1689.64207375	-297.382579108	23.3691591343
28.6	1638.90739876	-296.664526937	22.6674562636
28.65	1861.26146159	-299.753894739	25.7427984081
28.7	1633.91972203	-296.568833595	22.5984725345
28.75	1606.82458119	-296.231725101	22.2237241378
28.8	1764.37282256	-298.431991163	24.4027477198
28.85	1612.28019883	-296.247540914	22.29917988
28.9	1856.4757271	-299.700474009	25.6766077085
28.95	1582.29410372	-295.84586886	21.8844471746
29.0	1563.69248525	-295.579682557	21.6271712763
29.05	1868.57429638	-299.86250523	25.8439410125
29.1	1737.12251384	-298.062331795	24.0258532219
29.15	1716.66734767	-297.767298692	23.7429412131
29.2	1554.09768863	-295.456152491	21.4944672366
29.25	1624.71356959	-296.486627929	22.4711437677
29.3	1675.29342664	-297.131487596	23.1707053772
29.35	1827.02920476	-299.305914149	25.2693377446
29.4	1546.61921862	-295.425378577	21.3910337588
29.45	1693.95136929	-297.40511753	23.4287602857
29.5	1701.82752701	-297.494189738	23.5376941162
29.55	1575.84982345	-295.748611128	21.7953174035
29.6	1602.79436132	-296.120299121	22.1679828356
29.65	1806.19440446	-298.964905278	24.9811750789
29.7	1633.27430065	-296.520915574	22.5895458184
29.75	1783.18063198	-298.639355419	24.6628754109
29.8	1661.24119805	-296.943813579	22.9763513354
29.85	1532.86705287	-295.173501681	21.2008298365
29.9	1618.01159617	-296.337967913	22.3784498855
29.95	1843.16477473	-299.485860013	25.4925061352
30.0	1776.84327988	-298.545096152	24.5752245456
30.05	1615.72885021	-296.367640807	22.346877605
30.1	1457.27394939	-294.133368772	20.1553141665
30.15	1738.6246027	-298.019733915	24.0466283638
30.2	1758.72220743	-298.3025314	24.3245949996
30.25	1666.56978299	-297.033160409	23.0500501094
30.3	1708.99541406	-297.650750022	23.6368319725
30.35	1613.02653035	-296.276623164	22.3095022675
30.4	1663.35562915	-297.02359419	23.0055956811
30.45	1596.75575507	-296.066411363	22.0844638745
30.5	1828.87395207	-299.298605865	25.2948521384
30.55	1756.56812831	-298.260845239	24.2948022888
30.6	1512.01403492	-294.834629124	20.9124152056
30.65	1742.13602812	-298.142309079	24.095194306
30.7	1629.36639612	-296.490233141	22.5354962393
30.75	1692.8600607	-297.386520596	23.4136665777
30.8	1774.24426997	-298.535730177	24.5392780709
30.85	1671.64467457	-297.101512038	23.1202400928
30.9	1678.38231637	-297.193747233	23.2134272984
30.95	1715.835531	-297.727947046	23.7314364948
31.0	1613.54156227	-296.272088331	22.3166255885
31.05	1531.49630721	-295.135346338	21.1818712807
31.1	1744.01385768	-298.127543721	24.1211662551
31.15	1792.25078696	-298.812395111	24.7883232193
31.2	1660.21808439	-296.987490468	22.9622008202
31.25	1673.65851628	-297.104965107	23.1480932032
31.3	1721.76551455	-297.787826884	23.8134531133
31.35	1506.63164726	-294.786446314	20.8379722952
31.4	1751.03694879	-298.232941216	24.2183014627
31.45	1777.16410053	-298.614411122	24.5796617627
31.5	1728.67808765	-297.898144935	23.9090597646
31.55	1730.67213147	-297.909495235	23.9366390538
31.6	1522.54256902	-294.999664163	21.0580336137
31.65	1629.50425422	-296.545369654	22.5374029319
31.7	1704.72525905	-297.563044606	23.5777721672
31.75	1681.38421307	-297.233914508	23.2549460335
31.8	1780.48321851	-298.634350979	24.6255679328
31.85	1515.84486062	-294.880678453	20.9653987202
31.9	1711.05770151	-297.651419453	23.665355128
31.95	1446.52129941	-293.917398522	20.006596049
32.0	1654.62958912	-296.854916061	22.8849072694
32.05	1930.64740056	-300.73997999	26.7024638157
32.1	1749.54849015	-298.178599835	24.1977148383
32.15	1580.79230106	-295.802943427	21.8636759912
32.2	1620.89757447	-296.405941728	22.4183653725
32.25	1645.26599501	-296.761840591	22.7554009532
32.3	1539.92087726	-295.282038002	21.2983901112
32.35	1713.50415024	-297.767838263	23.6991915544
32.4	1740.2909409	-298.086391459	24.0696752108
32.45	1593.19884141	-295.976433567	22.0352687921
32.5	1806.30998794	-298.98577168	24.9827736949
32.55	1650.57351281	-296.804099317	22.8288083511
32.6	1645.74007739	-296.755171803	22.7619579078
32.65	1671.08989191	-297.122791403	23.1125669859
32.7	1644.75992423	-296.720846352	22.7484015723
32.75	1794.96005815	-298.830003094	24.8257946994
32.8	1685.98369794	-297.310602821	23.3185607456
32.85	1546.4958522	-295.332131271	21.3893274984
32.9	1833.35702178	-299.380231131	25.3568567317
32.95	1607.42392941	-296.165583226	22.2320136236
33.0	1642.37034909	-296.727643478	22.715351755
33.05	1609.23603302	-296.247377161	22.2570765279
33.1	1650.17030151	-296.819923578	22.8232316025
33.15	1835.61171111	-299.43356818	25.3880409656
33.2	1599.30042619	-296.094994902	22.1196587986
33.25	1709.70606019	-297.668476895	23.6466608012
33.3	1556.60602963	-295.47529209	21.5291596846
33.35	1779.78157714	-298.618928439	24.6158636475
33.4	1679.27799364	-297.218833614	23.2258152622
33.45	1828.11524809	-299.327305091	25.2843586296
33.5	1620.07615117	-296.36642532	22.4070044032
33.55	1615.489118	-296.348452269	22.3435619085
33.6	1567.5675348	-295.692120501	21.6807664436
33.65	1703.901728	-297.555607611	23.5663820458
33.7	1693.52179564	-297.403619557	23.4228189239
33.75	1734.06825341	-297.990167797	23.9836102528
33.8	1588.51963415	-295.90629888	21.9705514529
33.85	1542.40126632	-295.30514987	21.3326959605
33.9	1683.91385514	-297.260337765	23.2899330933
33.95	1472.20256087	-294.265497828	20.3617893146
34.0	1788.14819488	-298.742411211	24.731580949
34.05	1633.92905864	-296.5766294	22.5986016675
34.1	1759.16683558	-298.313823031	24.3307445778
34.15	1715.01335322	-297.693055136	23.7200650904
34.2	1773.97872679	-298.556380372	24.5356053872
34.25	1450.7869011	-294.002571222	20.0655928782
34.3	1460.79073497	-294.157648944	20.2039542443
34.35	1584.75193751	-295.882972393	21.9184410659
34.4	1906.80364517	-300.396887746	26.3726847916
34.45	1680.5433608	-297.224947845	23.2433163453
34.5	1716.11525779	-297.726842342	23.7353053496
34.55	1694.13563952	-297.423832571	23.4313088968
34.6	1549.16525035	-295.360794717	21.4262475013
34.65	1695.3701957	-297.451507185	23.4483838384
34.7	1620.65199594	-296.425959487	22.4149688167
34.75	1570.76929318	-295.690183219	21.7250494326
34.8	1852.23131618	-299.648991237	25.6179039654
34.85	1750.00909547	-298.160194873	24.204085394
34.9	1695.00202811	-297.443147859	23.4432917736
34.95	1551.87111516	-295.43199916	21.4636718684
35.0	1708.65556815	-297.676135536	23.6321316201
35.05	1641.88065361	-296.688068482	22.7085788581
35.1	1738.86412913	-298.089348357	24.049941214
35.15	1582.92848853	-295.834656383	21.8932212456
35.2	1796.62973854	-298.875465431	24.8488877718
35.25	1771.85021235	-298.563200314	24.5061662571
35.3	1705.29038029	-297.620734213	23.5855882652
35.35	1729.59987854	-297.923525872	23.9218089016
35.4	1715.27403042	-297.728463116	23.7236704734
35.45	1521.78691612	-295.055147422	21.0475823038
35.5	1666.27381256	-297.068653944	23.0459565915
35.55	1787.15438556	-298.695478547	24.7178357373
35.6	1888.10023606	-300.118366376	26.114001044
35.65	1459.8632183	-294.106294492	20.1911259151
35.7	1585.68562613	-295.90000049	21.9313547583
35.75	1781.15931186	-298.684758851	24.6349188677
35.8	1600.35910543	-296.114315961	22.1343012155
35.85	1640.60656578	-296.651774622	22.6909571608
35.9	1679.03098157	-297.196845016	23.2223988792
35.95	1659.06360494	-296.952957923	22.9462334065
36.0	1635.20766303	-296.596236053	22.6162858327
36.05	1757.58988121	-298.2877957	24.3089339837
36.1	1867.44629065	-299.829271433	25.8283397524
36.15	1588.94222543	-295.935500855	21.9763962428
36.2	1478.03063383	-294.356808921	20.4423964246
36.25	1723.35252863	-297.818114144	23.8354028417
36.3	1663.17689479	-296.962545306	23.0031236357
36.35	1644.40984558	-296.731131589	22.7435596924
36.4	1691.10927519	-297.383631409	23.3894517539
36.45	1615.32246272	-296.291902082	22.3412569271
36.5	1824.39438744	-299.252406724	25.2328960234
36.55	1490.93563515	-294.537826165	20.6208833563
36.6	1612.75962194	-296.266431881	22.3058107015
36.65	1712.04269459	-297.664737832	23.6789784038
36.7	1603.79500793	-296.133876614	22.1818226127
36.75	1882.51238558	-300.082798895	26.0367164113
36.8	1694.50740242	-297.426507305	23.4364506877
36.85	1653.39263542	-296.847045027	22.8677991682
36.9	1615.47283042	-296.327877428	22.3433366378
36.95	1817.60024609	-299.215770087	25.1389273818
37.0	1705.80764954	-297.613662337	23.5927425304
37.05	1797.43608811	-298.881498751	24.860040259
37.1	1674.61981999	-297.151803814	23.1613888353
37.15	1514.93028418	-294.871899407	20.9527493652
37.2	1671.67399084	-297.102970142	23.1206455612
37.25	1729.37914693	-297.925351879	23.9187559993
37.3	1758.80475751	-298.342762384	24.3257367361
37.35	1580.55247462	-295.784248846	21.8603589916
37.4	1637.19207464	-296.601472533	22.6437319003
37.45	1697.74895764	-297.488951999	23.4812841
37.5	1751.69711526	-298.244092002	24.2274321156
37.55	1621.96160879	-296.367442529	22.4330818546
37.6	1726.29396971	-297.889888011	23.876085425
37.65	1590.97830534	-295.94001207	22.0045569262
37.7	1780.56673043	-298.586843537	24.6267229723
37.75	1656.04080919	-296.906682442	22.9044256201
37.8	1537.69706061	-295.229170675	21.267632872
37.85	1766.40442543	-298.457431016	24.430846482
37.9	1754.39032457	-298.23838701	24.2646814467
37.95	1787.0070468	-298.717076985	24.7157979192
38.0	1568.00176883	-295.706004158	21.6867722625
38.05	1592.50550465	-296.043392362	22.0256793663
38.1	1765.83980171	-298.427773582	24.423037265
38.15	1784.04256153	-298.703487144	24.6747966155
38.2	1635.85149643	-296.573297794	22.6251905857
38.25	1611.78067827	-296.262856152	22.292271094
38.3	1690.44457281	-297.400889637	23.3802583656
38.35	1646.22095688	-296.744183003	22.7686088723
38.4	1629.8531569	-296.460141853	22.542228547
38.45	1704.04417127	-297.59399265	23.5683521551
38.5	1771.83748571	-298.560858161	24.5059902371
38.55	1716.37904371	-297.73288885	23.7389537288
38.6	1780.12373243	-298.597211533	24.6205959405
38.65	1647.14814799	-296.790407009	22.7814326987
38.7	1514.58680421	-294.926822258	20.9479987508
38.75	1733.49134869	-297.972704153	23.9756311794
38.8	1843.20351444	-299.489540904	25.4930419377
38.85	1600.43604173	-296.096832085	22.1353653086
38.9	1698.88958289	-297.5039285	23.4970598986
38.95	1641.92097538	-296.678167763	22.7091365417
39.0	1649.87883019	-296.844743265	22.8192003111
39.05	1569.92503588	-295.714041888	21.7133726499
39.1	1702.2681896	-297.535985841	23.5437888473
39.15	1805.02372828	-298.957866681	24.9649836511
39.2	1645.54782401	-296.763714234	22.7592988833
39.25	1726.48875501	-297.861185194	23.8787794682
39.3	1699.40138153	-297.463005959	23.5041385006
39.35	1652.19727211	-296.845725096	22.8512662966
39.4	1610.92193021	-296.260514397	22.2803938921
39.45	1684.85684233	-297.304264561	23.3029753926
39.5	1625.65443746	-296.479884314	22.4841567551
39.55	1678.88397206	-297.223297336	23.220365615
39.6	1731.09980038	-297.906135177	23.9425540716
39.65	1646.53307675	-296.741370944	22.7729257505
39.7	1675.30746102	-297.164105862	23.1708994843
39.75	1721.13322363	-297.777984138	23.8047080025
39.8	1582.38630981	-295.840811136	21.8857224617
39.85	1655.23315696	-296.911280447	22.8932551161
39.9	1552.20569643	-295.439618514	21.4682994064
39.95	1705.43274451	-297.579102524	23.5875572812
40.0	1710.16449604	-297.652058734	23.6530013513
40.05	1743.15167383	-298.122056305	24.1092415334
40.1	1734.32714974	-297.969991373	23.987191005
40.15	1613.82019612	-296.248831565	22.3204793271
40.2	1742.23601936	-298.092180725	24.0965772683
40.25	1663.50984938	-296.996066584	23.0077286755
40.3	1607.67233556	-296.191004947	22.2354492878
40.35	1481.39135927	-294.429818069	20.4888780605
40.4	1649.66177825	-296.832911576	22.8161983017
40.45	1818.67104282	-299.191458397	25.1537373938
40.5	1561.33921873	-295.523354436	21.5946236377
40.55	1744.22793391	-298.091838426	24.1241271079
40.6	1715.92366574	-297.702709293	23.7326554718
40.65	1753.47960155	-298.23997291	24.2520853877
40.7	1652.73857441	-296.83847923	22.8587529588
40.75	1562.97217301	-295.628683821	21.6172087574
40.8	1725.45678146	-297.877170643	23.8645064134
40.85	1628.99398211	-296.515619041	22.530345443
40.9	1687.86986177	-297.314266488	23.3446479644
40.95	1702.98646082	-297.560723024	23.5537231374
41.0	1824.44507832	-299.273250533	25.2335971206
41.05	1545.50219021	-295.317374627	21.3755843243
41.1	1572.01551057	-295.706283401	21.7422856584
41.15	1665.16263868	-296.9918808	23.0305881301
41.2	1863.38719519	-299.78306214	25.7721990768
41.25	1655.15011954	-296.804094803	22.8921066393
41.3	1703.27983507	-297.528520054	23.557780748
41.35	1546.88328825	-295.384317842	21.3946860621
41.4	1719.1559059	-297.808919401	23.777360049
41.45	1652.95387356	-296.814496549	22.8617307257
41.5	1799.34127877	-298.877849045	24.8863906348
41.55	1649.60305004	-296.801966699	22.8153860416
41.6	1719.90437086	-297.832919265	23.7877119437
41.65	1553.40727974	-295.442121663	21.4849183058
41.7	1828.85613329	-299.320220452	25.2946056898
41.75	1720.46580564	-297.81847433	23.795477055
41.8	1631.22100079	-296.541307241	22.5611469688
41.85	1654.54580422	-296.918764032	22.8837484545
41.9	1687.94050752	-297.347836728	23.3456250541
41.95	1578.45504591	-295.792223141	21.8313498032
42.0	1531.77757553	-295.175102045	21.1857614561
42.05	1771.43962024	-298.547662584	24.5004874258
42.1	1741.498355	-298.094776796	24.0863747549
42.15	1814.79979662	-299.083174985	25.1001948299
42.2	1631.39880082	-296.508422058	22.5636060916
42.25	1596.58220141	-296.074312026	22.0820634828
42.3	1651.12355768	-296.855958776	22.8364159305
42.35	1632.43058614	-296.555585988	22.577876543
42.4	1798.22891712	-298.86247564	24.8710057454
42.45	1697.50674364	-297.488431655	23.4779340783
42.5	1604.91718448	-296.200551856	22.1973432505
42.55	1648.33558688	-296.781085979	22.797855969
42.6	1820.93456236	-299.211215447	25.1850437568
42.65	1644.52682515	-296.718199368	22.7451776176
42.7	1782.46402784	-298.690868246	24.6529641779
42.75	1637.92713038	-296.614809275	22.6538983343
42.8	1614.75746106	-296.308362148	22.3334424829
42.85	1709.91833366	-297.659582472	23.6495967203
42.9	1746.28748245	-298.136745894	24.1526123819
42.95	1623.00465203	-296.425653443	22.4475080126
43.0	1634.9328903	-296.661860296	22.6124854967
43.05	1624.09130259	-296.458180757	22.4625372961
43.1	1696.22256026	-297.434454039	23.4601727512
43.15	1770.31379298	-298.501123334	24.4849162959
43.2	1560.6064658	-295.506763402	21.5844890535
43.25	1766.62044598	-298.448157778	24.4338342264
43.3	1725.80396856	-297.85077277	23.8693083004
43.35	1767.45135381	-298.408631363	24.4453263747
43.4	1495.65442121	-294.620363028	20.6861481033
43.45	1691.78895437	-297.45758241	23.3988522838
43.5	1697.52930032	-297.46546411	23.478246056
43.55	1839.7507652	-299.432239937	25.4452875359
43.6	1552.55993065	-295.400262949	21.4731987611
43.65	1665.23038433	-296.973774864	23.0315251089
43.7	1653.42142213	-296.8511444	22.8681973123
43.75	1709.99163127	-297.670603251	23.6506104875
43.8	1419.55218059	-293.570318908	19.633590642
43.85	1709.60078974	-297.606218015	23.6452048231
43.9	1707.62973666	-297.586309338	23.617943515
43.95	1832.54528287	-299.408177355	25.3456297055
44.0	1484.79254333	-294.436143286	20.5359192727
44.05	1691.40068768	-297.355972509	23.3934822316
44.1	1723.44334356	-297.861912322	23.8366588878
44.15	1714.72377915	-297.707797983	23.7160600395
44.2	1662.15977396	-296.949650775	22.9890560064
44.25	1694.28454325	-297.479258699	23.4333683595
44.3	1805.44710934	-299.039134604	24.9708393642
44.35	1787.50414292	-298.708649199	24.7226731732
44.4	1594.05059426	-296.00612841	22.0470492443
44.45	1592.42646685	-296.016728921	22.0245862076
44.5	1599.12111406	-296.074791431	22.1171787622
44.55	1639.65476506	-296.664193481	22.6777929629
44.6	1815.10550525	-299.076116108	25.1044230353
44.65	1744.64295906	-298.164282346	24.1298672518
44.7	1604.99415514	-296.190709498	22.1984078188
44.75	1720.10396683	-297.760687617	23.7904725224
44.8	1682.5270727	-297.266354478	23.2707527355
44.85	1732.09356839	-298.001905183	23.956298712
44.9	1610.0808625	-296.274469144	22.2687612242
44.95	1809.23395298	-299.030560444	25.0232145702
45.0	1606.45028622	-296.116928876	22.2185473261
45.05	1820.43456457	-299.205674319	25.1781283704
45.1	1570.78745716	-295.736735612	21.7253006556
45.15	1745.5395477	-298.131249065	24.1422678206
45.2	1500.61711372	-294.705081353	20.7547862799
45.25	1710.12873166	-297.607248432	23.6525067002
45.3	1916.16074867	-300.55180803	26.5021013374
45.35	1734.55819191	-298.007947614	23.9903865109
45.4	1597.53166049	-296.024840369	22.0951952937
45.45	1644.19901918	-296.712709164	22.7406437875
45.5	1684.49481259	-297.29460576	23.2979682194
45.55	1413.8891808	-293.499315522	19.5552666317
45.6	1729.00380005	-297.893535261	23.9135646388
45.65	1755.00011475	-298.250563094	24.2731153534
45.7	1820.37221522	-299.196097482	25.1772660269
45.75	1482.12121167	-294.417918881	20.4989725278
45.8	1687.04857052	-297.312732892	23.3332888215
45.85	1576.38963552	-295.747477231	21.8027834548
45.9	1741.44724705	-298.083325407	24.0856678893
45.95	1561.45186146	-295.543649125	21.5961815806
46.0	1790.97509186	-298.78641944	24.770679292
46.05	1476.8817459	-294.349350388	20.4265063463
46.1	1863.38551484	-299.790902267	25.7721758361
46.15	1709.26526541	-297.608708639	23.6405642417
46.2	1677.06794084	-297.21564317	23.1952483885
46.25	1679.29015389	-297.236962276	23.2259834485
46.3	1695.11827283	-297.486429399	23.444899535
46.35	1689.47108371	-297.389980194	23.3667941994
46.4	1686.27273612	-297.279940482	23.3225583846
46.45	1596.14345459	-296.005897828	22.0759952483
46.5	1683.98331501	-297.274763377	23.2908937812
46.55	1620.67369008	-296.401505123	22.4152688646
46.6	1727.02883789	-297.866148895	23.8862492649
46.65	1542.88256227	-295.302813007	21.339352685
46.7	1686.27581147	-297.34238627	23.3226009192
46.75	1777.68218671	-298.591468535	24.5868273268
46.8	1714.30248819	-297.730794173	23.7102332341
46.85	1786.12079508	-298.737626231	24.7035403188
46.9	1655.90818797	-296.887593865	22.9025913579
46.95	1668.66123324	-297.063511537	23.0789766108
47.0	1667.50061038	-297.064172429	23.0629242286
47.05	1542.47222638	-295.287332181	21.3336773974
47.1	1797.4990635	-298.879019525	24.8609112612
47.15	1759.68584101	-298.334950848	24.3379228557
47.2	1656.18288485	-296.866486957	22.906390645
47.25	1536.63215716	-295.189905969	21.2529043691
47.3	1677.92747861	-297.182583978	23.2071365128
47.35	1758.06490479	-298.34577523	24.3155039559
47.4	1717.26629366	-297.806463332	23.7512251357
47.45	1581.2055345	-295.822899935	21.8693913543
47.5	1692.78986019	-297.348244815	23.4126956462
47.55	1748.59526454	-298.198520677	24.1845309331
47.6	1594.66791705	-296.04130456	22.0555873334
47.65	1879.49473528	-300.061871604	25.9949797907
47.7	1743.20585286	-298.186213992	24.1099908745
47.75	1577.7729859	-295.763542803	21.8219163443
47.8	1713.38532565	-297.693705494	23.6975481112
47.85	1610.7332929	-296.267446272	22.2777848808
47.9	1748.61320782	-298.226787879	24.1847791036
47.95	1659.67414301	-296.954025567	22.9546776573
48.0	1711.0479449	-297.656177351	23.6652201859
48.05	1771.81958908	-298.520492547	24.5057427118
48.1	1601.54789077	-296.130546191	22.1507431082
48.15	1443.30461435	-293.875431938	19.9621066118
48.2	1967.1226004	-301.266022197	27.2069462518
48.25	1577.57494392	-295.767730413	21.8191772585
48.3	1738.97947025	-298.064804346	24.0515364779
48.35	1660.95101163	-296.973849129	22.9723378152
48.4	1652.56241965	-296.844084935	22.8563165916
48.45	1751.0266971	-298.216499405	24.2181596733
48.5	1634.16597248	-296.577610412	22.6018783836
48.55	1641.25514042	-296.65207517	22.6999274889
48.6	1648.3656665	-296.78133701	22.7982719952
48.65	1566.74056628	-295.644987609	21.6693287793
48.7	1576.37294178	-295.772295627	21.8025525664
48.75	1675.41026421	-297.148234378	23.1723213382
48.8	1698.33714776	-297.435268623	23.48941926
48.85	1672.49906817	-297.106995594	23.1320570688
48.9	1673.38652876	-297.167272363	23.144331389
48.95	1646.67823361	-296.783435959	22.7749333909
49.0	1586.18613475	-295.91389712	21.9382772099
49.05	1747.53046299	-298.152374736	24.1698038395
49.1	1591.29212562	-295.919251714	22.0088973223
49.15	1791.53893951	-298.777896662	24.7784777753
49.2	1726.06243246	-297.877931246	23.8728830718
49.25	1752.4460301	-298.233537996	24.2377902325
49.3	1651.91927751	-296.823547098	22.8474213993
49.35	1687.92773418	-297.34833985	23.3454483882
49.4	1682.084934	-297.279376072	23.2646375884
49.45	1602.73053759	-296.187850196	22.1671001001
49.5	1723.7896871	-297.851759791	23.8414491079
49.55	1676.76995951	-297.160400538	23.1911270582
49.6	1705.38660422	-297.56139778	23.5869191224
49.65	1709.74509114	-297.636676123	23.6472006317
49.7	1682.63909383	-297.271746204	23.2723020811
49.75	1723.12917227	-297.828818109	23.8323136368
49.8	1564.70745044	-295.589684777	21.6412090916
49.85	1720.93911534	-297.831856813	23.8020233229
49.9	1741.02474847	-298.0730891	24.0798243816
49.95	1730.99312795	-297.900626777	23.9410787029
50.0	1557.82041903	-295.496596376	21.5459557029
50.05	1623.95975022	-296.443159524	22.4607178172
50.1	1769.41989881	-298.500646851	24.472552994
50.15	1709.71925854	-297.641678051	23.6468433453
50.2	1718.90843289	-297.769203429	23.7739372909
50.25	1765.92294396	-298.49067274	24.4241871916
50.3	1511.84474855	-294.873249112	20.910073834
50.35	1797.96436809	-298.885898814	24.8673468117
50.4	1539.08765472	-295.217326086	21.2868659484
50.45	1893.49545676	-300.204284476	26.1886214462
50.5	1527.03775519	-295.075568066	21.1202057876
50.55	1601.76850253	-296.106478898	22.1537943529
50.6	1705.10505703	-297.537361301	23.58302509
50.65	1691.38749295	-297.365975234	23.3932997376
50.7	1805.79145983	-298.991248686	24.9756020187
50.75	1523.20688051	-295.029447251	21.0672215957
50.8	1619.91923939	-296.387041218	22.4048341824
50.85	1678.32810162	-297.195484219	23.2126774632
50.9	1656.72337645	-296.9325701	22.9138660946
50.95	1552.56144054	-295.463093529	21.4732196442
51.0	1764.46229119	-298.396538083	24.4039851457
51.05	1891.3370677	-300.198912772	26.1587691253
51.1	1615.44114234	-296.355290012	22.3428983652
51.15	1476.40204318	-294.364964934	20.4198716576
51.2	1775.82289762	-298.552005461	24.5611118079
51.25	1659.63040212	-296.928326033	22.9540726842
51.3	1717.77520785	-297.778387939	23.7582638434
51.35	1708.40910539	-297.650786217	23.6287228346
51.4	1650.40942969	-296.809641072	22.8265389447
51.45	1677.98459614	-297.25437969	23.2079264959
51.5	1685.27328363	-297.307181927	23.3087351231
51.55	1721.18502967	-297.796922658	23.8054245232
51.6	1547.29352727	-295.331406418	21.4003600099
51.65	1731.08370798	-297.929000825	23.9423315002
51.7	1609.69109189	-296.224072959	22.2633703716
51.75	1688.87472696	-297.342849366	23.3585460881
51.8	1565.87908731	-295.63750007	21.6574138066
51.85	1715.00853501	-297.730831656	23.7199984505
51.9	1819.95351955	-299.183421424	25.1714751166
51.95	1663.0584708	-296.997054972	23.0014857332
52.0	1675.68324168	-297.171771266	23.1760968442
52.05	1692.75194171	-297.376413867	23.4121712019
52.1	1664.83170863	-297.010926545	23.0260110915
52.15	1630.89564962	-296.530756092	22.5566470908
52.2	1774.45933492	-298.560969932	24.5422525985
52.25	1518.45068697	-295.016495511	21.0014394721
52.3	1655.84666064	-296.923847322	22.9017403837
52.35	1684.55013016	-297.261960491	23.2987333075
52.4	1822.08072156	-299.157460286	25.2008960945
52.45	1765.20709867	-298.419740688	24.4142864543
52.5	1589.40117409	-295.978795633	21.9827438856
52.55	1692.11921575	-297.396208154	23.4034200741
52.6	1533.59911234	-295.18713784	21.2109548296
52.65	1487.98032836	-294.569472805	20.5800089986
52.7	1667.18153371	-297.057111411	23.0585111322
52.75	1823.65271104	-299.224988667	25.2226380202
52.8	1804.71812381	-298.973591236	24.9607568864
52.85	1689.15386478	-297.378037658	23.362406797
52.9	1719.57564953	-297.808864383	23.7831654536
52.95	1631.92244694	-296.575038889	22.5708485541
53.0	1658.23736602	-296.959913921	22.9348058331
53.05	1662.99829714	-296.99020534	23.0006534813
53.1	1752.22579965	-298.217562636	24.2347442617
53.15	1552.45905015	-295.408077312	21.4718034997
53.2	1660.20330578	-296.957350583	22.9619964197
53.25	1783.87500557	-298.637392178	24.6724791767
53.3	1751.97309208	-298.242691059	24.2312491053
53.35	1657.23083707	-296.995845517	22.9208846982
53.4	1582.95337108	-295.849989968	21.8935653921
53.45	1769.70468897	-298.460684472	24.4764918793
53.5	1677.01977647	-297.165687339	23.1945822352
53.55	1631.61545775	-296.506682547	22.5666026376
53.6	1594.31105746	-295.994776242	22.0506516677
53.65	1617.27295346	-296.376745009	22.3682338408
53.7	1635.42813344	-296.615456271	22.6193351224
53.75	1612.65841594	-296.252894556	22.3044109381
53.8	1730.22180813	-297.913984295	23.9304107064
53.85	1680.56659276	-297.248240984	23.2436376626
53.9	1572.74231967	-295.736626281	21.7523380345
53.95	1733.35667562	-297.992145235	23.9737685385
54.0	1713.94172919	-297.696595362	23.7052436362
54.05	1598.51641469	-296.075801894	22.1088152657
54.1	1690.17040045	-297.422404199	23.3764663331
54.15	1773.72792189	-298.565665853	24.5321365462
54.2	1683.10436157	-297.250349446	23.278737122
54.25	1651.87516129	-296.828211982	22.8468112353
54.3	1633.5261684	-296.5668601	22.5930293594
54.35	1668.52941367	-297.051635376	23.0771534362
54.4	1668.76729824	-297.094652132	23.0804435783
54.45	1666.75519268	-297.056499119	23.0526144801
54.5	1523.68344596	-294.99509576	21.0738128932
54.55	1744.0979457	-298.121271924	24.1223292625
54.6	1674.22945952	-297.146171548	23.1559898244
54.65	1738.20362671	-298.039525261	24.0408059146
54.7	1602.75239973	-296.138425759	22.1674024717
54.75	1747.18990488	-298.210558566	24.1650936368
54.8	1604.28462085	-296.174813134	22.1885943678
54.85	1655.89419125	-296.906385094	22.9023977716
54.9	1691.27847825	-297.344955042	23.3917919734
54.95	1752.14974049	-298.183325879	24.2336923001
55.0	1723.79503105	-297.84096075	23.8415230192
55.05	1560.26409212	-295.582970134	21.57975374
55.1	1537.49964845	-295.228327861	21.2649024972
55.15	1687.96765252	-297.347124544	23.346000492
55.2	1839.89727245	-299.468980234	25.4473138534
55.25	1529.12431635	-295.078577336	21.1490646687
55.3	1654.06122839	-296.869032873	22.8770463665
55.35	1811.48089588	-299.090733199	25.0542916646
55.4	1605.61355118	-296.184274706	22.2069745827
55.45	1694.90194686	-297.447570694	23.4419075664
55.5	1812.80293031	-299.107985626	25.0725765034
55.55	1562.57134256	-295.558937353	21.6116649379
55.6	1728.61502687	-297.913671042	23.9081875815
55.65	1566.43820245	-295.660616152	21.6651468354
55.7	1652.70704262	-296.848436206	22.8583168478
55.75	1823.90200964	-299.278973659	25.2260860277
55.8	1639.32043761	-296.657713992	22.6731689354
55.85	1851.10251374	-299.621865068	25.6022916861
55.9	1663.7886793	-296.97920376	23.0115851259
55.95	1589.18973548	-295.960179247	21.9798195131
56.0	1541.58927166	-295.292239274	21.3214653972
56.05	1593.08355797	-296.002116303	22.0336743259
56.1	1777.2794081	-298.566718526	24.5812565627
56.15	1886.02403791	-300.085921997	26.085285492
56.2	1507.47240176	-294.762569712	20.8496006311
56.25	1678.80132548	-297.197411735	23.219222544
56.3	1621.79706742	-296.423250885	22.4308061102
56.35	1575.70650489	-295.797670867	21.7933351884
56.4	1679.97670181	-297.217931701	23.2354789789
56.45	1845.99602049	-299.524930556	25.5316646255
56.5	1805.93921147	-298.959593038	24.9776455471
56.55	1436.65921967	-293.814423261	19.8701952607
56.6	1716.83469145	-297.777007302	23.7452557172
56.65	1781.66455155	-298.687780336	24.6419067541
56.7	1700.92580794	-297.56263455	23.5252225894
56.75	1556.25746518	-295.497997682	21.5243387477
56.8	1756.75452519	-298.28802329	24.2973803131
56.85	1658.96352163	-296.922978042	22.9448491708
56.9	1702.75776443	-297.563802738	23.5505600755
56.95	1590.12679438	-295.978851768	21.9927798193
57.0	1723.91273048	-297.836861191	23.8431509004
57.05	1509.0901227	-294.777962618	20.871975061
57.1	1873.19530705	-299.941376284	25.9078534442
57.15	1722.76763315	-297.83256283	23.8273132493
57.2	1631.40887778	-296.566229947	22.5637454643
57.25	1570.43523218	-295.713102516	21.7204290902
57.3	1909.66351777	-300.435271516	26.412239215
57.35	1579.43639484	-295.767341235	21.8449226773
57.4	1686.39749857	-297.325989266	23.3242839533
57.45	1592.0813238	-296.003940799	22.0198125915
57.5	1673.17315833	-297.115159212	23.141380298
57.55	1735.73331747	-298.012279383	24.0066394775
57.6	1634.38085572	-296.562507482	22.6048503981
57.65	1524.33677735	-294.976362032	21.0828490113
57.7	1838.41559642	-299.445282667	25.426821038
57.75	1594.12652557	-296.032416222	22.0480994377
57.8	1720.79195502	-297.805961272	23.7999879729
57.85	1644.61993679	-296.733145929	22.7464654291
57.9	1694.85783768	-297.463602797	23.4412974996
57.95	1658.1509981	-296.905591586	22.9336112928
58.0	1672.41088902	-297.084333735	23.1308374777
58.05	1733.37288804	-297.973260422	23.9739927697
58.1	1716.60533841	-297.72591146	23.7420835733
58.15	1731.92373561	-297.97498867	23.953949783
58.2	1602.24120165	-296.169774377	22.160332176
58.25	1765.34453754	-298.464256563	24.4161873484
58.3	1532.53079548	-295.11285066	21.1961791164
58.35	1625.98846325	-296.477398326	22.4887766104
58.4	1717.87324602	-297.79817782	23.7596197931
58.45	1596.8943121	-296.008553816	22.0863802338
58.5	1892.14924805	-300.171574951	26.170002257
58.55	1558.69583397	-295.497567951	21.5580634217
58.6	1600.04621953	-296.122642703	22.1299737426
58.65	1610.31496614	-296.250878061	22.2719990729
58.7	1826.37730246	-299.273859066	25.260321392
58.75	1721.98793791	-297.831611606	23.8165294138
58.8	1764.42430049	-298.433277754	24.4034597025
58.85	1733.21367625	-297.962174724	23.9717907379
58.9	1524.31697116	-295.063597288	21.0825750752
58.95	1699.5594928	-297.529448176	23.5063253114
59.0	1679.9122918	-297.221018272	23.2345881346
59.05	1618.94086938	-296.367698719	22.3913025091
59.1	1624.37866805	-296.425461715	22.4665118001
59.15	1713.71838785	-297.670393609	23.7021546392
59.2	1645.86618067	-296.712157655	22.7637020215
59.25	1767.73985044	-298.470810008	24.4493165238
59.3	1577.66944429	-295.779270699	21.8204842775
59.35	1839.64203193	-299.46554256	25.443783664
59.4	1596.1961924	-296.066819764	22.0767246562
59.45	1551.65529743	-295.439873528	21.4606869292
59.5	1778.05567796	-298.611360045	24.5919930223
59.55	1578.11753814	-295.830263663	21.8266817892
59.6	1793.85035344	-298.862485852	24.8104465578
59.65	1660.56477097	-296.9864611	22.9669957848
59.7	1779.57016424	-298.653377191	24.6129396307
59.75	1744.64777894	-298.137366708	24.1299339148
59.8	1692.22674665	-297.413720054	23.4049073161
59.85	1599.37945914	-296.129066236	22.1207518902
59.9	1708.73973127	-297.654592026	23.6332956663
59.95	1631.82112759	-296.553128324	22.569447223
60.0	1753.60361437	-298.299349251	24.2538005885
60.05	1815.19090698	-299.156676248	25.1056042124
60.1	1621.03198133	-296.415928944	22.4202243315
60.15	1626.88849421	-296.50690951	22.5012247892
60.2	1946.60719935	-300.996677502	26.9232011443
60.25	1648.48771342	-296.785572428	22.7999600059
60.3	1671.64192354	-297.095728475	23.1202020438
60.35	1677.48412182	-297.178236351	23.2010045186
60.4	1622.24924029	-296.44598403	22.4370600382
60.45	1652.55230317	-296.84305924	22.8561766722
60.5	1639.08646578	-296.625688488	22.6699329098
60.55	1668.58220125	-297.033927401	23.0778835324
60.6	1771.50223253	-298.462435437	24.501353406
60.65	1850.67446382	-299.615642476	25.5963713988
60.7	1441.63191894	-293.871339237	19.9389718391
60.75	1656.97904786	-296.89731252	22.9174022434
60.8	1637.98233075	-296.60800406	22.6546618015
60.85	1708.77500307	-297.628669069	23.6337835047
60.9	1631.055004	-296.525452561	22.5588510948
60.95	1680.87456956	-297.223203321	23.2478972387
61.0	1802.04192363	-298.892066785	24.9237428057
61.05	1443.65298936	-293.885387681	19.9669249287
61.1	1687.38297123	-297.345724916	23.3379138622
61.15	1673.85255932	-297.119833828	23.1507769803
61.2	1703.60953812	-297.499271548	23.5623408161
61.25	1708.51226518	-297.58937392	23.6301496204
61.3	1738.59360689	-298.035389273	24.0461996658
61.35	1658.56396161	-296.907008331	22.9393229225
61.4	1584.99733688	-295.87865668	21.9218351438
61.45	1598.70280955	-296.078878996	22.111393262
61.5	1503.96078024	-294.754262721	20.8010319767
61.55	1705.405346	-297.550908502	23.5871783369
61.6	1810.98029068	-299.037463396	25.0473678771
61.65	1708.59636939	-297.646073431	23.6313128518
61.7	1767.62354666	-298.465558683	24.4477079454
61.75	1483.98184213	-294.467876445	20.524706599
61.8	1688.03157507	-297.341212216	23.3468845942
61.85	1682.04256097	-297.212671789	23.2640515341
61.9	1690.74006345	-297.33952486	23.3843452476
61.95	1749.85189609	-298.250208624	24.2019111955
62.0	1594.59958546	-296.043297429	22.0546422505
