# 	 t 	 T	E	K
2.05	2248.18388264	-275.224155587	31.0942582058
2.1	2270.49506361	-275.500692326	31.4028404473
2.15	2389.33439613	-277.264579334	33.0464875346
2.2	2301.18429156	-276.050185653	31.8272980663
2.25	2469.44286748	-278.312513635	34.1544545083
2.3	2183.0413596	-274.297330731	30.1932827796
2.35	2120.30562807	-273.370907754	29.3255952876
2.4	2378.17798465	-277.078221392	32.8921850587
2.45	2270.98192666	-275.514781164	31.4095741694
2.5	2424.95262451	-277.649750718	33.5391173407
2.55	2302.60934381	-275.965280506	31.8470077276
2.6	2395.21841755	-277.269177205	33.1278684584
2.65	2541.30610494	-279.382640461	35.1483830202
2.7	2176.38557907	-274.194175906	30.1012277836
2.75	2191.17813606	-274.391998441	30.3058211846
2.8	2269.40504158	-275.589881302	31.3877645334
2.85	2240.13834973	-275.069195341	30.9829817752
2.9	2400.16158977	-277.379527266	33.1962366531
2.95	2403.05500926	-277.41230069	33.2362550579
3.0	2444.85226714	-277.998949509	33.8143459956
3.05	2401.16192338	-277.297131134	33.2100721013
3.1	2276.36846068	-275.660635528	31.4840744276
3.15	2173.40428356	-274.155102819	30.0599939801
3.2	2364.47761515	-276.831496454	32.7026975217
3.25	2179.93748782	-274.283209974	30.1503536442
3.3	2212.45763361	-274.712528559	30.600134384
3.35	2182.48843647	-274.410378813	30.1856353915
3.4	2212.74239171	-274.803891668	30.604072826
3.45	2357.84031147	-276.789759909	32.6108980759
3.5	2395.26934854	-277.264742616	33.1285728765
3.55	2408.19378099	-277.307599272	33.3073285569
3.6	2390.67866009	-277.118388244	33.0650798263
3.65	2209.16655759	-274.593943189	30.5546160577
3.7	2544.52390174	-279.42654776	35.1928878338
3.75	2081.68764614	-272.909022133	28.7914763879
3.8	2403.43697941	-277.451471631	33.2415380237
3.85	2323.41132741	-276.306961419	32.1347165107
3.9	2297.9406825	-275.890658103	31.7824362477
3.95	2305.11975817	-276.027000619	31.881728852
4.0	2381.23466068	-277.057466039	32.9344614377
4.05	2227.21851251	-274.924959896	30.8042896505
4.1	2336.55571136	-276.547912872	32.3165143039
4.15	2411.62192895	-277.568639253	33.3547427025
4.2	2353.99655565	-276.739745965	32.557735727
4.25	2375.81425125	-277.048360438	32.8594926544
4.3	2296.71793959	-275.930983635	31.7655246934
4.35	2372.17139245	-276.933471423	32.8091088788
4.4	2283.84374484	-275.722386435	31.5874638422
4.45	2216.69308266	-274.76935359	30.658714177
4.5	2581.36447759	-279.822343273	35.7024237249
4.55	2075.54421087	-272.703131467	28.7065075542
4.6	2374.39903851	-276.962819	32.8399190818
4.65	2064.18938587	-272.620049515	28.5494608539
4.7	2404.05596484	-277.383790457	33.2500991084
4.75	2351.41808807	-276.639705955	32.5220733698
4.8	2099.34105429	-273.10978181	29.0356377466
4.85	2257.33825381	-275.40399036	31.2208707943
4.9	2379.3339685	-277.101488915	32.9081732796
4.95	2543.90653669	-279.438146616	35.1843491602
5.0	2420.03235924	-277.681771962	33.4710659682
5.05	2151.61829978	-273.839640053	29.7586756537
5.1	2524.71453881	-279.067722777	34.9189078223
5.15	2425.08356564	-277.597258861	33.5409283657
5.2	2302.54402621	-275.947643071	31.8461043306
5.25	2120.25964712	-273.380348739	29.3249593327
5.3	2497.07065697	-278.728397444	34.5365698799
5.35	2267.69814183	-275.481948442	31.3641566863
5.4	2206.74804998	-274.635420424	30.5211660803
5.45	2447.06333942	-277.860460156	33.8449269694
5.5	2555.51863065	-279.474200848	35.3449541048
5.55	2318.41197254	-276.169414133	32.0655712631
5.6	2083.2224995	-272.927229974	28.8127046901
5.65	2411.50744251	-277.607928356	33.3531592596
5.7	2454.5147039	-278.198152226	33.947985555
5.75	2419.64109969	-277.663453528	33.4656545222
5.8	2191.98956137	-274.384875296	30.3170438734
5.85	2506.95332141	-278.903994601	34.6732553718
5.9	2372.73853726	-276.956982826	32.8169529646
5.95	2355.09887296	-276.719699795	32.5729816949
6.0	2496.02192878	-278.686012537	34.5220650945
6.05	2160.34483966	-274.073967581	29.8793709787
6.1	2367.73401136	-276.986276965	32.7477361973
6.15	2422.08782051	-277.71513927	33.4994947119
6.2	2482.58817746	-278.523680321	34.3362651092
6.25	2395.31648805	-277.267025751	33.1292248552
6.3	2362.91444141	-276.875284456	32.681077525
6.35	2323.81052963	-276.280705516	32.1402378104
6.4	2406.74764441	-277.466109079	33.2873272819
6.45	2207.74962502	-274.480105318	30.5350186985
6.5	2338.22557274	-276.305071986	32.3396098795
6.55	2208.62287034	-274.66827682	30.5470964096
6.6	2358.06549895	-276.779487723	32.6140126066
6.65	2281.6714085	-275.667300293	31.5574186189
6.7	2144.42057115	-273.741389861	29.6591250636
6.75	2240.80025536	-275.229239229	30.9921364821
6.8	2581.33027595	-279.922145674	35.7019506876
6.85	2236.70440917	-274.963455275	30.9354875131
6.9	2326.22623083	-276.321890317	32.1736489728
6.95	2292.06376961	-275.851837035	31.7011536407
7.0	2364.53907016	-276.767691433	32.7035474958
7.05	2494.451798	-278.629231165	34.5003488761
7.1	2245.87206474	-275.169722201	31.0622838359
7.15	2362.13927469	-276.857855458	32.6703563229
7.2	2285.95741081	-275.767450206	31.6166976055
7.25	2499.80584775	-278.693407643	34.5743998498
7.3	2457.39453305	-278.156477124	33.9878159941
7.35	2597.30028129	-280.087550281	35.9228291814
7.4	2335.37983299	-276.378158369	32.3002509253
7.45	2359.38728358	-276.796516024	32.6322939905
7.5	2208.98446111	-274.709820797	30.5520975115
7.55	2133.64903784	-273.589123275	29.5101457738
7.6	2421.63595128	-277.681706359	33.4932449836
7.65	2255.5541134	-275.311991093	31.1961946444
7.7	2195.19442173	-274.451000968	30.3613697652
7.75	2184.56038919	-274.278242782	30.2142922259
7.8	2381.66680622	-277.219990489	32.9404383709
7.85	2205.88654946	-274.613974809	30.5092508096
7.9	2362.27206552	-276.650639828	32.6721929308
7.95	2097.53733321	-272.971992672	29.0106907797
8.0	2390.82330523	-277.195410206	33.0670803893
8.05	2304.20061376	-275.996622203	31.8690163181
8.1	2407.41946624	-277.444075878	33.2966191382
8.15	2230.57290175	-275.020215392	30.8506836514
8.2	2368.49398143	-276.981667553	32.7582472172
8.25	2607.36263729	-280.295818424	36.0619999574
8.3	1964.05012986	-271.218063746	27.1644514217
8.35	2506.42030533	-278.872661226	34.6658833148
8.4	2216.97323883	-274.830354001	30.6625889704
8.45	2317.42157723	-276.313433549	32.0518732699
8.5	2301.06164949	-276.050110982	31.8256018242
8.55	2515.49817145	-279.020073744	34.7914377748
8.6	2341.16782585	-276.497675187	32.3803036941
8.65	2356.0935165	-276.709733234	32.5867384445
8.7	2199.05194403	-274.592765522	30.4147225161
8.75	2350.44114202	-276.671254204	32.5085613911
8.8	2352.57824091	-276.640589405	32.5381192512
8.85	2124.65652909	-273.421261304	29.3857718775
8.9	2446.09309205	-277.977843122	33.831507639
8.95	2235.31683938	-274.978739294	30.9162962656
9.0	2470.79530648	-278.276815392	34.1731598676
9.05	2397.43134125	-277.316983232	33.1584750389
9.1	2460.04025628	-278.343014901	34.024408553
9.15	2201.19811057	-274.582302746	30.4444057893
9.2	2491.8310458	-278.608682123	34.4641016874
9.25	2257.62383134	-275.320635533	31.2248205697
9.3	2219.46147115	-274.889522135	30.6970032988
9.35	2039.53996748	-272.241540174	28.2085388387
9.4	2348.21972044	-276.62403951	32.4778372779
9.45	2291.15562334	-275.842666823	31.6885932205
9.5	2378.70382415	-277.000195186	32.8994578576
9.55	2423.76494141	-277.627155163	33.5226906927
9.6	2394.34797567	-277.32815247	33.1158295212
9.65	2315.77397929	-276.211782391	32.0290856162
9.7	2343.95505952	-276.629589362	32.4188534604
9.75	2419.99735643	-277.680501654	33.4705818502
9.8	2342.11162809	-276.565307669	32.3933572662
9.85	2251.04584609	-275.205738148	31.1338415473
9.9	2316.16600813	-276.215019285	32.0345077021
9.95	2533.59778807	-279.309806481	35.0417705688
10.0	1942.7514911	-270.942043209	26.8698734834
10.05	2436.19352932	-277.752256214	33.6945884298
10.1	2089.83551367	-273.013130239	28.9041681916
10.15	2236.303565	-275.104485485	30.929943504
10.2	2178.41234928	-274.334111238	30.1292597061
10.25	2110.96477676	-273.28951169	29.1964035231
10.3	2393.78674481	-277.346275676	33.1080672303
10.35	2478.16632016	-278.485287087	34.2751071346
10.4	2130.77725012	-273.644599302	29.4704265543
10.45	2339.65925789	-276.59564214	32.359438941
10.5	2348.94082577	-276.663290253	32.4878107661
10.55	2567.58018045	-279.795816387	35.5117753985
10.6	2148.61843743	-273.820538193	29.7171850554
10.65	2037.73834061	-272.299505806	28.1836208364
10.7	2314.80257716	-276.218281389	32.0156503146
10.75	2390.88177113	-277.209840495	33.0678890214
10.8	2375.30753653	-276.980293421	32.8524843672
10.85	2545.8224082	-279.39086798	35.2108472611
10.9	2552.34100216	-279.442062866	35.3010048524
10.95	2318.78619326	-276.244176991	32.0707470479
11.0	2364.48679049	-276.932001759	32.7028244244
11.05	2275.46412484	-275.612726624	31.4715667085
11.1	2381.81783729	-277.14317623	32.9425272566
11.15	2284.59320734	-275.707734402	31.5978295338
11.2	2244.06599716	-275.154157388	31.0373044151
11.25	2402.97812556	-277.451938858	33.2351916922
11.3	2326.25230956	-276.337715499	32.1740096634
11.35	2444.76344025	-277.961429418	33.8131174456
11.4	2305.30317773	-276.161373331	31.8842656975
11.45	2196.58828267	-274.50245217	30.3806480246
11.5	2199.62242814	-274.540738427	30.4226127871
11.55	2210.91504824	-274.668530045	30.5787991417
11.6	2253.56120715	-275.347138463	31.1686310887
11.65	2458.87885768	-278.212505755	34.0083454416
11.7	2271.62310161	-275.531658772	31.4184421537
11.75	2405.70127075	-277.307121679	33.2728550615
11.8	2390.04727696	-277.115746989	33.0563472711
11.85	2315.10827891	-276.232164514	32.0198784248
11.9	2369.68732437	-277.081502015	32.7747521454
11.95	2263.1239358	-275.454811153	31.3008916017
12.0	2405.54173352	-277.334455811	33.2706485284
12.05	2441.37363807	-277.881253104	33.7662336542
12.1	2256.53102134	-275.365169921	31.209706096
12.15	2209.89037166	-274.670431009	30.56462701
12.2	2109.27613104	-273.283894156	29.1730481444
12.25	2321.1545412	-276.259699169	32.1035032752
12.3	2353.34462529	-276.807691403	32.5487189865
12.35	2332.92199523	-276.441731201	32.2662569791
12.4	2286.06593685	-275.703273051	31.6181986112
12.45	2183.63825516	-274.301493399	30.2015383431
12.5	2287.51859815	-275.824124182	31.6382901285
12.55	1873.73352891	-269.931067918	25.9152975015
12.6	2326.36205968	-276.273046651	32.1755275991
12.65	2360.84743118	-276.806005855	32.6524890497
12.7	2283.03687545	-275.723536222	31.5763041657
12.75	2633.67961132	-280.660904085	36.4259856579
12.8	2150.98966868	-273.776478594	29.7499811614
12.85	2400.12715006	-277.355582273	33.1957603232
12.9	2269.58620308	-275.494782286	31.3902701481
12.95	2231.69542535	-275.113358602	30.8662090891
13.0	2318.53120509	-276.418774728	32.0672203488
13.05	2295.85560711	-276.03554097	31.753597916
13.1	2281.27648112	-275.741545127	31.5519564437
13.15	2347.50339647	-276.556140075	32.4679299199
13.2	2215.60924882	-274.6714798	30.643723851
13.25	2228.35480331	-274.89974075	30.8200055001
13.3	2077.46375282	-272.723820168	28.7330564204
13.35	2184.39050785	-274.2672867	30.2119426252
13.4	2344.97886599	-276.505677654	32.4330135578
13.45	2286.09290974	-275.714703762	31.6185716687
13.5	2350.62854985	-276.623050974	32.5111533978
13.55	2256.18944572	-275.333996111	31.2049818203
13.6	2502.01520695	-278.872487321	34.6049571302
13.65	2528.03721991	-279.174516021	34.9648632732
13.7	2199.75695429	-274.60064739	30.424473396
13.75	2211.51219302	-274.673028798	30.5870581522
13.8	2406.07191816	-277.427575315	33.2779814243
13.85	2258.39914069	-275.27123086	31.2355437446
13.9	2335.3887288	-276.457172966	32.3003739617
13.95	2303.94009359	-276.12208296	31.8654131069
14.0	2306.16023354	-276.039888799	31.8961194942
14.05	2231.69799591	-274.879721525	30.8662446421
14.1	2268.57805634	-275.477906208	31.3763266379
14.15	2462.83795928	-278.162664522	34.063103119
14.2	2466.00366366	-278.164064082	34.106887451
14.25	2242.71850317	-275.126467459	31.0186674492
14.3	2402.28559203	-277.367738827	33.2256133759
14.35	2325.61816604	-276.295526618	32.1652389296
14.4	2286.17522015	-275.707083951	31.6197100903
14.45	2404.85364369	-277.349532904	33.2611316722
14.5	2135.745323	-273.566315424	29.539139146
14.55	2373.12980706	-276.846188718	32.8223645523
14.6	2434.66157493	-277.810148873	33.6734002228
14.65	2067.37037689	-272.682576017	28.5934566128
14.7	2466.66765394	-278.39330226	34.1160709903
14.75	2267.17732311	-275.522965426	31.356953329
14.8	2459.31250341	-278.152156444	34.0143431239
14.85	2119.76739827	-273.403854981	29.3181511204
14.9	2237.28417384	-275.070173895	30.943506142
14.95	2322.68153362	-276.325966251	32.124622854
15.0	2607.4390837	-280.335863569	36.0630572749
15.05	2189.94650588	-274.394947707	30.288786712
15.1	2372.04236187	-276.963621253	32.8073242782
15.15	2238.52360178	-275.134200301	30.9606484643
15.2	2368.91559443	-276.884761929	32.7640784767
15.25	2142.41359153	-273.700572635	29.6313668615
15.3	2289.48212515	-275.813365485	31.6654473447
15.35	2134.23990117	-273.67565056	29.5183179065
15.4	2412.38206731	-277.545796363	33.36525605
15.45	2295.12039245	-275.924760058	31.743429284
15.5	2218.60845802	-274.766955114	30.6852054158
15.55	2464.36885398	-278.225560201	34.0842766695
15.6	2015.88633156	-271.903695145	27.8813893254
15.65	2448.44417999	-277.952552753	33.8640251462
15.7	2111.8475904	-273.244078759	29.2086135722
15.75	2383.42724765	-277.108613533	32.9647867442
15.8	2478.40379511	-278.536705289	34.2783916112
15.85	2233.47535064	-274.912019272	30.8908269405
15.9	2239.12365892	-275.080507247	30.9689477549
15.95	2332.36498693	-276.455607461	32.2585530897
16.0	2225.14053556	-274.891303436	30.7755494962
16.05	2451.70058603	-278.079803488	33.9090639577
16.1	2512.015163	-278.974921682	34.7432648629
16.15	2271.17621052	-275.522630549	31.4122612771
16.2	2504.828404	-278.760229984	34.6438659918
16.25	2257.68735671	-275.362157877	31.2256991785
16.3	2292.77608016	-275.85659373	31.7110054897
16.35	2368.99524599	-276.943335223	32.7651801241
16.4	2212.55301737	-274.695291908	30.601453621
16.45	2287.94679753	-275.821994082	31.6442124831
16.5	2357.67381412	-276.736746273	32.6085952786
16.55	2335.27285703	-276.431035137	32.2987713585
16.6	2314.06597343	-276.076362358	32.0054624706
16.65	2155.35379536	-273.885965349	29.8103406732
16.7	2222.96863928	-274.822927898	30.7455103591
16.75	2273.94366419	-275.509556168	31.4505374697
16.8	2374.81076185	-276.986413623	32.845613559
16.85	2365.30058176	-276.878220289	32.7140798364
16.9	2383.08264346	-277.177958867	32.9600205809
16.95	2206.74458642	-274.649971294	30.5211181763
17.0	2089.63647743	-272.934149042	28.9014153545
17.05	2408.97691816	-277.485440111	33.3181599971
17.1	2371.64767471	-277.021691019	32.8018654256
17.15	2053.23152053	-272.450857718	28.3979044368
17.2	2244.1707959	-275.244949143	31.038753869
17.25	2452.56873874	-278.132397438	33.9210712337
17.3	2334.44363038	-276.388789945	32.2873024623
17.35	2411.67374117	-277.456272562	33.3554593087
17.4	2465.55906889	-278.324434445	34.1007383344
17.45	2334.71646691	-276.384384728	32.2910760192
17.5	2266.50385646	-275.430330305	31.3476387235
17.55	2444.95748296	-278.014037701	33.8158012182
17.6	2208.67192451	-274.68453328	30.5477748697
17.65	2307.12361329	-276.092271664	31.9094438396
17.7	2229.3109703	-274.932078469	30.833230087
17.75	2340.72468645	-276.561377908	32.3741747066
17.8	2329.72374682	-276.464080503	32.2220225361
17.85	2411.1041108	-277.548118388	33.3475808456
17.9	2503.55418903	-278.877996036	34.6262425359
17.95	2645.83067252	-280.787586942	36.5940449691
18.0	2279.28933242	-275.718481432	31.5244725198
18.05	2264.98025883	-275.456121935	31.3265660976
18.1	2287.31273353	-275.740912238	31.6354428491
18.15	2173.16146756	-274.110525612	30.0566356324
18.2	2341.81603187	-276.52767825	32.389268924
18.25	2384.10535208	-277.171002681	32.9741654941
18.3	2102.64731512	-273.175766546	29.0813660914
18.35	2102.47331766	-273.115781953	29.0789595614
18.4	2432.89228436	-277.857880697	33.6489294585
18.45	2174.22475089	-274.205996603	30.0713417277
18.5	2302.96341465	-275.98487771	31.8519048226
18.55	2272.64549951	-275.533143739	31.4325827694
18.6	2342.27654418	-276.529930545	32.3956381933
18.65	2321.41973133	-276.240203291	32.1071710758
18.7	2320.37711479	-276.108454062	32.0927508195
18.75	2155.25819578	-273.832672943	29.8090184513
18.8	2076.96670456	-272.794198297	28.7261818284
18.85	2386.11636973	-277.204696039	33.0019795455
18.9	2322.39611256	-276.269081812	32.1206752426
18.95	2378.0119799	-276.987306326	32.8898890746
19.0	2294.36313369	-275.854618103	31.7329557638
19.05	2306.57592966	-276.038344448	31.9018689182
19.1	2288.85766851	-275.804790153	31.6568105884
19.15	2165.9217889	-274.139405821	29.9565048382
19.2	2288.89594895	-275.762746989	31.657340039
19.25	2329.81258308	-276.251071498	32.2232512156
19.3	2226.62895849	-274.961919551	30.7961356268
19.35	2474.34893373	-278.425222773	34.2223094964
19.4	2299.45321817	-275.984992884	31.8033558776
19.45	2412.89005654	-277.431881595	33.3722819648
19.5	2371.70837977	-276.992496112	32.8027050273
19.55	2332.46168923	-276.387792541	32.2598905632
19.6	2285.72907173	-275.782632688	31.6135394856
19.65	2424.27465422	-277.679086504	33.5297404461
19.7	2153.65449711	-273.886715025	29.7868379611
19.75	2315.36100524	-276.143331757	32.0233738407
19.8	2465.86222122	-278.271176235	34.1049311839
19.85	2259.61370613	-275.335219193	31.2523421978
19.9	2365.36124895	-276.862931756	32.7149189141
19.95	2526.38152416	-279.182739009	34.9419636201
20.0	2352.61371033	-276.605746586	32.5386098229
20.05	2226.53913731	-274.934178624	30.7948933249
20.1	2579.09335708	-279.911117806	35.6710122338
20.15	2129.20337595	-273.484427318	29.4486585619
20.2	2553.17031726	-279.524279415	35.312474972
20.25	2558.2184686	-279.598789518	35.3822951155
20.3	2079.49111602	-272.83174913	28.7610965444
20.35	2367.89224486	-276.818429691	32.7499246986
20.4	2279.22461921	-275.64897776	31.5235774822
20.45	2229.76593	-275.082568303	30.8395225591
20.5	2386.32006284	-277.303184878	33.004796791
20.55	2173.28263936	-274.178564273	30.0583115394
20.6	2290.67976613	-275.754816493	31.6820117183
20.65	2287.83868527	-275.728194152	31.6427172004
20.7	2319.7393185	-276.161119205	32.0839295648
20.75	2401.6733919	-277.348426984	33.2171461375
20.8	2381.2358995	-277.109005143	32.9344785716
20.85	2365.60832548	-276.924515392	32.7183361887
20.9	2043.83873446	-272.237025211	28.2679943713
20.95	2286.63004264	-275.758179664	31.6260006648
21.0	2292.04670617	-275.861785754	31.7009176391
21.05	2188.95513579	-274.400362691	30.2750752368
21.1	2259.98797336	-275.365130084	31.2575186256
21.15	2261.98050401	-275.346177684	31.2850769864
21.2	2223.0562707	-274.793011363	30.7467223747
21.25	2163.61058979	-274.043631287	29.9245390269
21.3	2277.89858713	-275.68180583	31.5052373525
21.35	2237.54798079	-275.118235319	30.9471548122
21.4	2462.1103503	-278.263906685	34.0530396799
21.45	2221.62675821	-274.765010998	30.7269510248
21.5	2176.51627238	-274.116871919	30.1030353811
21.55	2282.6722525	-275.650227291	31.5712611261
21.6	2158.5081417	-273.854852596	29.8539679141
21.65	2285.41967166	-275.661378421	31.6092602245
21.7	2274.37493798	-275.559194811	31.4565023458
21.75	2126.70844612	-273.522306299	29.4141516015
21.8	2522.76027163	-279.038524577	34.8918786772
21.85	2236.86609762	-274.996893311	30.9377237993
21.9	2395.3571117	-277.212626191	33.1297867142
21.95	2291.82603031	-275.785146553	31.697865508
22.0	2308.09486122	-276.08295265	31.9228770086
22.05	2335.77121664	-276.555488381	32.3056640876
22.1	2125.4257016	-273.491294011	29.3964101749
22.15	2370.40038362	-276.951884351	32.7846143496
22.2	2252.39836359	-275.287577256	31.1525479923
22.25	2090.56564679	-272.950685623	28.9142665416
22.3	2390.07489277	-277.142463997	33.0567292207
22.35	2425.315363	-277.697467377	33.5441343165
22.4	2058.2082091	-272.600031327	28.4667361905
22.45	2284.29951085	-275.758119626	31.5937674662
22.5	2196.7473602	-274.50635181	30.3828481994
22.55	2350.33007154	-276.735096155	32.5070251937
22.6	2346.53538652	-276.556599422	32.4545415349
22.65	2230.02921497	-274.983846348	30.8431640099
22.7	2162.17175396	-274.04295574	29.9046387273
22.75	2265.66705366	-275.474853091	31.3360650429
22.8	2222.84828516	-274.81955098	30.7438457613
22.85	2406.69400542	-277.389660036	33.2865854099
22.9	2369.71111336	-276.884575912	32.775081167
22.95	2445.24274874	-277.961220541	33.8197466818
23.0	2163.71352046	-273.883114993	29.9259626439
23.05	2264.23876257	-275.422772003	31.3163105858
23.1	2325.93812714	-276.318094234	32.1696642584
23.15	2392.64881756	-277.280402821	33.0923287474
23.2	2078.26682056	-272.810908235	28.744163517
23.25	2379.10227405	-277.096615677	32.9049687521
23.3	2084.06483892	-272.924264956	28.8243549468
23.35	2234.90260904	-275.02383498	30.9105671146
23.4	2240.28183388	-275.115249596	30.9849662807
23.45	2201.80369835	-274.587465161	30.4527815734
23.5	2177.71293239	-274.217382206	30.1195861871
23.55	2391.49813924	-277.23096085	33.0764139065
23.6	2318.54858058	-276.190687782	32.0674606663
23.65	2436.14565656	-277.933067487	33.6939263094
23.7	2242.87343197	-275.156797204	31.0208102437
23.75	2444.67331978	-277.982938203	33.8118710043
23.8	2217.05831044	-274.867141774	30.6637655818
23.85	2342.58692106	-276.538964109	32.3999309644
23.9	2442.36857912	-277.960931918	33.7799945187
23.95	2509.1415258	-278.873786609	34.7035200637
24.0	2344.98651237	-276.572930788	32.4331193136
24.05	2224.57132168	-274.729653946	30.7676767935
24.1	2215.24953702	-274.54025262	30.6387487368
24.15	2519.97521919	-278.952828165	34.8533590792
24.2	2207.32724152	-274.642926305	30.5291767823
24.25	2446.59856615	-278.09368144	33.8384987675
24.3	2224.59807732	-274.884186631	30.7680468464
24.35	2300.32016221	-275.894419816	31.8153464368
24.4	2562.27070911	-279.575849086	35.4383409814
24.45	2160.58672146	-273.96713435	29.8827164058
24.5	2252.90933957	-275.307708292	31.1596152164
24.55	2392.14364067	-277.247594776	33.0853417297
24.6	2271.05719701	-275.540199069	31.4106152211
24.65	2760.29197392	-282.449079164	38.1771402344
24.7	2358.4695886	-276.764517718	32.6196015034
24.75	2231.83885624	-274.956006972	30.8681928579
24.8	2568.13311268	-279.699667114	35.5194229125
24.85	2388.95491117	-277.136329203	33.0412389411
24.9	2571.16328115	-279.807537173	35.5613326697
24.95	2567.23824046	-279.671367743	35.5070460833
25.0	2584.23025425	-280.035416957	35.7420598063
25.05	2519.06653768	-279.170977625	34.8407912559
25.1	2225.94890374	-274.88409709	30.7867299023
25.15	2459.76829955	-278.191809103	34.0206471646
25.2	2649.00709691	-280.866394956	36.6379775676
25.25	2287.35309995	-275.742528072	31.6360011504
25.3	2522.98500124	-279.020151719	34.8949868752
25.35	2289.9384685	-275.739085613	31.6717589538
25.4	2405.09009666	-277.367056302	33.2644020141
25.45	2313.57306341	-276.087650467	31.998645114
25.5	2296.90673984	-275.960437575	31.7681359583
25.55	2309.82610424	-276.074910533	31.9468215435
25.6	2473.93076053	-278.362124037	34.2165258122
25.65	2298.24260645	-275.882044244	31.7866121078
25.7	2466.83331083	-278.268359062	34.1183621632
25.75	1985.76032725	-271.510620321	27.4647215591
25.8	2351.0763472	-276.642368762	32.5173468086
25.85	2310.55925018	-276.102638213	31.9569615633
25.9	2269.60843792	-275.542010428	31.3905776746
25.95	2249.46119363	-275.272012386	31.1119244821
26.0	2581.42250882	-279.881386628	35.7032263451
26.05	2105.18786365	-273.214316767	29.1165039965
26.1	2155.84654784	-274.052969321	29.8171558511
26.15	2393.57451216	-277.286439073	33.1051318757
26.2	2361.46427772	-276.773772774	32.6610205518
26.25	2093.86996327	-272.928168124	28.9599679945
26.3	2182.14975406	-274.271879863	30.1809511314
26.35	2106.12419975	-273.210902682	29.1294543057
26.4	2225.6969194	-274.848199775	30.7832447488
26.45	2316.40061658	-276.184494525	32.0377525327
26.5	2273.88583583	-275.567788887	31.4497376551
26.55	2254.46478357	-275.279422201	31.1811283043
26.6	2334.36974797	-276.418358831	32.286280607
26.65	2474.23604751	-278.39560977	34.2207481858
26.7	2082.82206792	-272.766370822	28.8071663874
26.75	2427.06929639	-277.632170603	33.5683926782
26.8	2353.21756638	-276.788243285	32.5469616558
26.85	2628.49682195	-280.649297878	36.3543033582
26.9	2209.94100801	-274.69728168	30.565327353
26.95	2470.41115769	-278.337954099	34.1678467694
27.0	2126.15978421	-273.392383474	29.4065631496
27.05	2303.04275592	-276.030832201	31.8530021785
27.1	2104.58244188	-273.251451971	29.1081305085
27.15	2350.56065133	-276.610472839	32.5102143045
27.2	2450.43127174	-278.000678243	33.8915082824
27.25	2017.3226762	-271.929228508	27.9012551698
27.3	2293.87056073	-275.869488515	31.7261430689
27.35	2245.43212561	-275.125434542	31.0561991109
27.4	2167.27074538	-273.958030116	29.9751620314
27.45	2083.24377443	-272.842889988	28.81299894
27.5	2258.44407428	-275.314143007	31.2361652137
27.55	2391.20029374	-277.226926944	33.0722944548
27.6	2195.77958193	-274.501182288	30.3694630188
27.65	2450.64153986	-277.989595768	33.8944164659
27.7	2294.41209545	-275.790935694	31.7336329458
27.75	2218.59263204	-274.737059167	30.6849865292
27.8	2471.06414974	-278.373840275	34.1768781942
27.85	2359.49689785	-276.801478718	32.6338100473
27.9	2028.14084762	-272.158833771	28.0508795034
27.95	2428.79270062	-277.762812485	33.592228796
28.0	2447.18999296	-277.982049423	33.8466786935
28.05	2344.43600971	-276.549288372	32.4255054027
28.1	2405.92590202	-277.373033048	33.2759618992
28.15	2404.9101711	-277.323162471	33.2619134935
28.2	2440.20764644	-277.878715201	33.7501070175
28.25	2336.82611319	-276.491571555	32.3202541867
28.3	2170.81983981	-274.037913197	30.0242489676
28.35	2310.1325138	-276.05767313	31.9510594433
28.4	2468.7444072	-278.290557205	34.1447942199
28.45	2359.50269343	-276.742876673	32.633890205
28.5	2334.81771833	-276.411456033	32.2924764107
28.55	2265.84264239	-275.487033599	31.3384935815
28.6	2257.85777944	-275.354844895	31.228056267
28.65	2488.75719137	-278.607835464	34.4215877168
28.7	2461.5746839	-278.259073515	34.0456309668
28.75	2523.68223275	-279.13684931	34.9046301685
28.8	2190.55153785	-274.482487916	30.2971548087
28.85	2370.73638411	-276.91026453	32.7892615166
28.9	2241.3393268	-275.053041119	30.9995922897
28.95	2429.40073844	-277.803649	33.6006384663
29.0	2388.77975682	-277.224862389	33.0388164103
29.05	2237.90192833	-275.053406801	30.952050202
29.1	2365.34795518	-276.859511488	32.7147350502
29.15	2269.44816618	-275.510220758	31.3883609827
29.2	2287.43705054	-275.62153756	31.6371622571
29.25	2182.88959112	-274.268562719	30.191183695
29.3	2322.45234522	-276.354454726	32.1214529872
29.35	2354.56199903	-276.805305508	32.5655562806
29.4	2486.96419325	-278.604678329	34.3967890574
29.45	2456.87335644	-278.211869718	33.9806076868
29.5	2283.88226509	-275.722503997	31.5879966094
29.55	2550.84727595	-279.470585997	35.2803453731
29.6	2010.06170302	-271.826755403	27.8008298546
29.65	2437.78204378	-277.916310574	33.7165589096
29.7	2489.56854829	-278.596040895	34.4328094598
29.75	2199.37976634	-274.404199675	30.419256572
29.8	2022.61622358	-272.076947501	27.9744693452
29.85	2430.96284348	-277.779209212	33.6222436818
29.9	2454.60054504	-278.075437789	33.9491728096
29.95	2530.18652012	-279.196529756	34.9945898877
30.0	2303.70008539	-275.941484504	31.8620935933
30.05	2282.70363362	-275.690648544	31.5716951532
30.1	2419.17232385	-277.54523146	33.4591709614
30.15	2199.67086863	-274.489798096	30.4232827595
30.2	2333.50286419	-276.567746171	32.2742908813
30.25	2286.64912535	-275.857655159	31.6262645946
30.3	2337.71236214	-276.559388798	32.3325117489
30.35	2257.41377831	-275.390686899	31.2219153611
30.4	2172.45639005	-274.118556314	30.0468838223
30.45	2552.18556099	-279.442062438	35.2988549714
30.5	2367.6899568	-276.898547454	32.7471268859
30.55	2343.96194709	-276.512308114	32.4189487212
30.6	2536.63539393	-279.237339536	35.0837831913
30.65	2515.6550696	-279.003496414	34.793607807
30.7	2366.58402223	-276.862778652	32.7318308885
30.75	2074.48453445	-272.643548153	28.6918513455
30.8	2046.24249496	-272.230264114	28.3012403839
30.85	2191.66533176	-274.335147682	30.3125595075
30.9	2240.12257241	-275.004299103	30.9827635616
30.95	2399.58998654	-277.290201993	33.1883309037
31.0	2428.95199729	-277.680342541	33.5944320019
31.05	2418.3608294	-277.578108121	33.4479473163
31.1	2402.79853683	-277.346077981	33.2327078303
31.15	2495.39865155	-278.709230724	34.5134446504
31.2	2295.77387234	-275.950758209	31.7524674559
31.25	2386.45091428	-277.194179628	33.0066065756
31.3	2358.73221236	-276.754137357	32.6232338092
31.35	2336.83760995	-276.424294246	32.3204131965
31.4	2426.79223289	-277.708719509	33.5645606589
31.45	2199.21326025	-274.555255408	30.4169536539
31.5	2390.95738087	-277.254982597	33.0689347672
31.55	2381.03672886	-277.048177718	32.9317238756
31.6	2233.98797386	-274.95283539	30.8979169471
31.65	2396.325675	-277.310784567	33.1431827525
31.7	2419.99580902	-277.771785817	33.4705604481
31.75	2111.81083366	-273.347472353	29.2081051957
31.8	2301.8515353	-275.991834596	31.8365266038
31.85	2177.33849401	-274.231358389	30.114407392
31.9	2307.60807249	-276.010911876	31.9161443144
31.95	2207.93673981	-274.622195424	30.5376066521
32.0	2768.19939124	-282.481381664	38.2865064111
32.05	2407.15505183	-277.433951019	33.2929620663
32.1	2282.75566077	-275.7359892	31.572414732
32.15	2345.68257647	-276.639754056	32.4427464606
32.2	2474.20236168	-278.391033113	34.2202822826
32.25	2343.74361559	-276.536312974	32.4159290145
32.3	2291.2840952	-275.865797321	31.6903700934
32.35	2387.00704126	-277.305327716	33.0142982756
32.4	2347.52934933	-276.619783274	32.4682888696
32.45	2373.33139474	-276.954154679	32.8251526779
32.5	2130.92239984	-273.5256313	29.472434096
32.55	2457.97024052	-278.147553788	33.9957785086
32.6	2416.06203278	-277.634843206	33.4161530418
32.65	2305.12119209	-276.064629465	31.8817486842
32.7	2300.18124884	-275.881222045	31.8134251489
32.75	2261.30364945	-275.282032548	31.2757155234
32.8	2333.75565322	-276.313558188	32.2777871644
32.85	2238.00165006	-274.87322663	30.9534294367
32.9	2484.17359081	-278.434413654	34.3581926981
32.95	2207.81175128	-274.560006114	30.5358779565
33.0	2524.95400645	-279.102786427	34.9222198595
33.05	2389.23634589	-277.152073236	33.0451314179
33.1	2166.96236138	-274.059394556	29.9708968235
33.15	2310.22217788	-276.087723349	31.9522995722
33.2	2417.79842559	-277.604832375	33.4401688025
33.25	2272.17726809	-275.543977866	31.4261067384
33.3	2169.28749722	-274.07655179	30.0030553915
33.35	2385.1980596	-277.085744056	32.9892785505
33.4	2252.78163359	-275.225185556	31.1578489362
33.45	2166.85161526	-274.028781824	29.9693651123
33.5	2117.41489722	-273.416693588	29.2856140689
33.55	2310.1845294	-276.128285357	31.9517788623
33.6	2220.02624836	-274.838336072	30.7048146387
33.65	2209.4791874	-274.786924237	30.5589399888
33.7	2329.25152599	-276.459033597	32.2154913282
33.75	2067.97685442	-272.763160837	28.6018447029
33.8	2155.72387906	-273.874066176	29.8154592395
33.85	2434.01408382	-277.829500003	33.6644448807
33.9	2064.14749843	-272.673345981	28.5488815157
33.95	2254.87754974	-275.366182105	31.1868372046
34.0	2140.38279139	-273.772600039	29.6032792017
34.05	2344.28077401	-276.549511349	32.4233583634
34.1	2261.08250082	-275.34534171	31.2726568533
34.15	2367.26830051	-276.916838632	32.7412950278
34.2	2200.82389799	-274.606176927	30.4392301171
34.25	2362.87450998	-276.881618722	32.6805252401
34.3	2258.12395162	-275.341903714	31.2317376503
34.35	2192.77879781	-274.404860609	30.3279596717
34.4	2217.69556767	-274.768625185	30.6725793808
34.45	2327.30669478	-276.344701494	32.1885926904
34.5	2170.38972892	-274.108383666	30.0183001752
34.55	2412.25313792	-277.421165776	33.363472849
34.6	2246.59564416	-275.155372778	31.0722915428
34.65	2039.58164916	-272.259358393	28.209115331
34.7	2268.99184245	-275.478790386	31.3820496449
34.75	2226.21743919	-274.919655786	30.7904439716
34.8	2323.73606069	-276.417144962	32.1392078428
34.85	2376.40385508	-277.093554384	32.8676473671
34.9	2254.75629502	-275.364714659	31.1851601507
34.95	2220.63452712	-274.898105465	30.7132276412
35.0	2399.20667296	-277.397025289	33.1830293571
35.05	2117.41964909	-273.400161718	29.2856797911
35.1	2259.67073649	-275.324725881	31.2531309752
35.15	2438.42048786	-277.898356429	33.7253891237
35.2	2285.70305305	-275.696810745	31.6131796255
35.25	2239.50045074	-275.058264679	30.9741591001
35.3	2488.93349508	-278.617172988	34.4240261441
35.35	2292.0086656	-275.870140024	31.7003915063
35.4	2049.8636949	-272.391685846	28.3513245994
35.45	2297.44828602	-275.92171673	31.7756259937
35.5	2289.49590475	-275.862880167	31.6656379281
35.55	1991.35969403	-271.592508058	27.5421654718
35.6	2331.48616224	-276.314952472	32.2463982113
35.65	2218.78468688	-274.691837107	30.6876428079
35.7	2147.31082518	-273.707115892	29.6990996874
35.75	2323.51062605	-276.331598622	32.1360898937
35.8	2292.26588866	-275.78643585	31.7039491158
35.85	2146.21990218	-273.788885643	29.6840113125
35.9	2205.49862552	-274.622549483	30.5038854979
35.95	2294.81986942	-275.904349915	31.7392727998
36.0	2402.73166191	-277.499460973	33.2317828944
36.05	2227.98729614	-274.934858668	30.8149225694
36.1	2390.25314318	-277.202706307	33.0591945725
36.15	2334.06398846	-276.347790457	32.2820516979
36.2	2323.03257712	-276.128950531	32.1294780784
36.25	2277.14156771	-275.574898297	31.4947671426
36.3	2237.79120355	-275.028537564	30.9505187858
36.35	2264.74591055	-275.449252772	31.3233248654
36.4	2350.06606743	-276.655694533	32.5033737968
36.45	2420.26020615	-277.732863022	33.474217281
36.5	2204.73896028	-274.564500783	30.493378694
36.55	2442.67677063	-277.895501879	33.7842570644
36.6	2338.4648749	-276.469578251	32.342919628
36.65	2500.30185071	-278.718929012	34.5812599843
36.7	2527.08737968	-279.108177535	34.9517261906
36.75	2150.06220439	-273.811605717	29.7371535566
36.8	2349.26705694	-276.676590579	32.4923228153
36.85	2253.6353751	-275.386088129	31.1696568933
36.9	2487.31807906	-278.606559223	34.4016835933
36.95	2468.41864019	-278.350570256	34.1402885905
37.0	2374.73663219	-276.972084707	32.8445882839
37.05	2318.59856042	-276.181511008	32.0681519291
37.1	2269.36458453	-275.500490177	31.3872049788
37.15	2345.73610038	-276.624109865	32.443486741
37.2	2284.09576177	-275.752863106	31.5909494466
37.25	2143.48085578	-273.684185561	29.6461280162
37.3	2122.70011096	-273.392151215	29.358712983
37.35	2139.76075296	-273.612227099	29.5946758914
37.4	2322.56241376	-276.289330263	32.1229753269
37.45	2403.50426613	-277.388990496	33.2424686551
37.5	2480.85236762	-278.563141725	34.3122574113
37.55	2325.11582617	-276.396193784	32.1582911502
37.6	2462.87284491	-278.242040265	34.0635856163
37.65	2726.18854798	-281.880914154	37.7054614095
37.7	2409.40091104	-277.403303236	33.3240241724
37.75	2430.89624683	-277.697629044	33.6213225946
37.8	2204.28279407	-274.547449492	30.4870695349
37.85	2299.14853423	-276.011329182	31.7991418445
37.9	2433.4626179	-277.841698938	33.6568176471
37.95	2038.58465599	-272.219869236	28.1953260839
38.0	2259.40261339	-275.380042167	31.249422609
38.05	2298.96098719	-276.042039693	31.7965479126
38.1	2011.87356387	-271.784326774	27.8258894013
38.15	2486.38140904	-278.615393317	34.3887286656
38.2	2363.19071126	-276.813518063	32.6848985676
38.25	2196.70239468	-274.515179997	30.3822262888
38.3	2263.44347369	-275.441647142	31.3053110773
38.35	2269.14215377	-275.429320366	31.3841285758
38.4	2128.69341568	-273.472954279	29.4416053861
38.45	2212.93397854	-274.623580756	30.6067226316
38.5	2166.5763638	-274.025038667	29.965558155
38.55	2214.66124243	-274.739691184	30.6306121319
38.6	2002.0508763	-271.78250079	27.6900334396
38.65	2312.40570766	-276.131366954	31.9824996104
38.7	2239.82378153	-275.162368483	30.9786310346
38.75	2386.83546827	-277.160919373	33.011925278
38.8	2386.39367825	-277.155257106	33.0058149536
38.85	2145.76944834	-273.616452526	29.6777811601
38.9	2444.76570202	-277.995928201	33.8131487278
38.95	2505.89894879	-278.894246147	34.6586725191
39.0	1949.89953104	-271.074814299	26.9687368376
39.05	2132.2318124	-273.534774852	29.4905443639
39.1	2183.08768748	-274.229125984	30.1939235328
39.15	2442.63840704	-277.902754616	33.7837264639
39.2	2288.95438603	-275.754857515	31.6581482725
39.25	2062.90891711	-272.567280351	28.5317509029
39.3	2400.54996137	-277.347878569	33.2016081562
39.35	2166.09425286	-274.042157266	29.9588901587
39.4	2196.52261872	-274.413903762	30.3797398374
39.45	2324.74572152	-276.249415011	32.1531722942
39.5	2298.11316882	-275.87126064	31.7848218774
39.55	2114.59720779	-273.286462061	29.246643074
39.6	2534.69379269	-279.177584484	35.0569292267
39.65	2203.93248491	-274.604679087	30.482224467
39.7	2215.76950294	-274.787629355	30.645940299
39.75	2306.59848969	-276.045719652	31.9021809422
39.8	2225.36079287	-274.86517075	30.7785958385
39.85	2287.28661204	-275.768719151	31.6350815671
39.9	2174.78742518	-274.253826475	30.0791239824
39.95	2388.41996579	-277.176351046	33.0338402002
40.0	2200.89180433	-274.47485702	30.4401693186
40.05	2421.67710083	-277.664616365	33.4938141162
40.1	2326.16185022	-276.349251726	32.1727585352
40.15	2360.16356799	-276.706100617	32.6430306514
40.2	2459.34834447	-278.121161828	34.0148388356
40.25	2237.80785382	-275.03791823	30.950749073
40.3	2458.34614413	-278.101305049	34.0009775691
40.35	2296.71919832	-275.925113875	31.7655421028
40.4	2333.73735578	-276.437335787	32.2775340956
40.45	2177.05671702	-274.244758551	30.1105101813
40.5	2183.87004057	-274.259003926	30.2047441287
40.55	2327.03430302	-276.279894435	32.1848252851
40.6	2473.52559232	-278.309713859	34.2109219979
40.65	2468.02932959	-278.386980308	34.1349041003
40.7	2579.25345411	-279.945734492	35.6732265093
40.75	2186.55527866	-274.238266445	30.241883211
40.8	2271.53464331	-275.505599337	31.4172187016
40.85	2248.665272	-275.167667579	31.1009162221
40.9	2443.68462804	-277.959737756	33.7981965729
40.95	2297.91199644	-275.974887923	31.7820394956
41.0	2270.0922503	-275.542241809	31.3972692032
41.05	2428.09693428	-277.693158013	33.5826057672
41.1	2270.85980704	-275.522521945	31.4078851531
41.15	2276.66875397	-275.646385322	31.4882277341
41.2	2222.43299797	-274.944326595	30.7381019931
41.25	2517.35314672	-279.037518121	34.8170936299
41.3	2297.13542941	-275.916923475	31.7712989259
41.35	2335.4211803	-276.344776152	32.300822793
41.4	2434.64665883	-277.814303201	33.6731939206
41.45	2397.10100649	-277.32117128	33.1539062336
41.5	2453.48305065	-278.153193152	33.9337169301
41.55	2311.86652442	-276.146450023	31.9750422563
41.6	2177.56048794	-274.203105624	30.1174777533
41.65	2474.9598667	-278.529866693	34.2307592089
41.7	2379.91587631	-277.140350863	32.9162215499
41.75	2391.28452706	-277.32266561	33.0734594719
41.8	2340.18853377	-276.595413352	32.3667592678
41.85	2400.73566469	-277.437754083	33.204176588
41.9	2224.76512377	-274.821742311	30.770357238
41.95	2387.61787114	-277.24078333	33.0227465623
42.0	2126.9023113	-273.548930803	29.4168329186
42.05	2415.91896917	-277.568100743	33.4141743527
42.1	2464.28155991	-278.254397994	34.0830693197
42.15	2201.29790315	-274.56372212	30.4457860039
42.2	2430.41755588	-277.793893563	33.6147018995
42.25	2086.6185583	-272.876996172	28.8596750157
42.3	2396.60125787	-277.263311753	33.1469942934
42.35	2274.84140629	-275.56523382	31.4629539916
42.4	2414.14417079	-277.566528592	33.3896274109
42.45	2220.01244197	-274.710424052	30.7046236848
42.5	2504.68300264	-278.795720952	34.6418549697
42.55	2311.1894136	-276.104387122	31.965677249
42.6	2478.28405473	-278.518838023	34.2767355019
42.65	2232.48947666	-275.051417311	30.877191481
42.7	2328.99387813	-276.409099758	32.2119278434
42.75	2118.72950552	-273.428923875	29.3037961981
42.8	2265.60333902	-275.497963682	31.3351838162
42.85	2353.10487563	-276.703432274	32.5454030487
42.9	2386.8666314	-277.111318949	33.0123562901
42.95	2316.82770984	-276.133426296	32.0436595886
43.0	2296.67794505	-275.920873017	31.7649715356
43.05	2208.00288934	-274.518475679	30.5385215552
43.1	2496.0671448	-278.603355742	34.5226904697
43.15	2297.29849737	-275.839386951	31.7735542917
43.2	2037.63938915	-272.208084084	28.1822522551
43.25	2438.96194959	-277.872340496	33.7328779911
43.3	2196.61401316	-274.505465947	30.3810038988
43.35	2541.0467251	-279.41922328	35.1447955807
43.4	2579.04336488	-279.88996695	35.6703208001
43.45	2276.10462314	-275.580546695	31.4804253343
43.5	2400.49339135	-277.329315194	33.2008257458
43.55	2405.97926995	-277.428891694	33.2767000222
43.6	2799.56926465	-282.938080199	38.7203779246
43.65	2136.58527684	-273.600318641	29.5507564082
43.7	2440.71790378	-277.857756775	33.757164302
43.75	2179.70835084	-274.363055112	30.1471844885
43.8	2323.96348262	-276.362314302	32.1423532777
43.85	2354.19389479	-276.70874292	32.560465092
43.9	2177.29666483	-274.122017312	30.1138288595
43.95	2439.02337172	-277.833668498	33.7337275103
44.0	2240.57165422	-275.080881498	30.9889747376
44.05	2460.48881215	-278.179610602	34.0306124549
44.1	2238.14754202	-275.109623435	30.9554472441
44.15	2286.29671196	-275.733722173	31.6213904235
44.2	2463.15279348	-278.224539014	34.0674575385
44.25	2310.07515504	-275.962688654	31.9502661238
44.3	2392.16240437	-277.212484995	33.0856012473
44.35	2190.03739017	-274.467425675	30.2900437175
44.4	2222.59137486	-274.99065969	30.7402924775
44.45	2285.01013938	-275.832355344	31.6035960516
44.5	2147.96262812	-273.893278963	29.7081146657
44.55	2356.50772279	-276.791094529	32.592467263
44.6	2189.9699923	-274.333975248	30.2891115487
44.65	2463.86488004	-278.190018406	34.0773062896
44.7	2232.44594648	-274.950339457	30.8765894223
44.75	2216.46272956	-274.723612934	30.6555282015
44.8	2387.69207591	-277.196174371	33.0237728762
44.85	2306.25979496	-275.982520676	31.8974965116
44.9	2291.90543537	-275.7740062	31.6989637462
44.95	2396.25668709	-277.32162434	33.1422285922
45.0	2416.54993798	-277.562634415	33.4229011776
45.05	2565.39401833	-279.666235855	35.481538953
45.1	2602.05651546	-280.153338622	35.9886118669
45.15	2352.47914063	-276.692173643	32.5367486117
45.2	2103.91094455	-273.207316785	29.0988431404
45.25	2286.26791206	-275.786585971	31.6209920968
45.3	2382.90944032	-277.187231811	32.957625037
45.35	2205.87066809	-274.602360854	30.5090311569
45.4	2418.49857878	-277.62158083	33.4498525051
45.45	2379.35449784	-277.06083591	32.9084572174
45.5	2367.4794918	-276.796576228	32.7442159795
45.55	2293.07186098	-275.810737841	31.7150963852
45.6	2376.96117835	-276.997220899	32.8753556127
45.65	2253.98765494	-275.265896724	31.1745292173
45.7	2422.40064913	-277.578241248	33.5038213927
45.75	2327.2729885	-276.366790925	32.1881265045
45.8	2098.36577526	-273.154435611	29.0221488241
45.85	2319.75592013	-276.230929315	32.0841591792
45.9	2331.7226033	-276.416029164	32.2496683884
45.95	2260.21189372	-275.419987072	31.2606156309
46.0	2298.73711849	-275.939646414	31.7934516218
46.05	2257.40916419	-275.383866269	31.2218515439
46.1	2146.81268899	-273.760484246	29.6922100485
46.15	2139.86239642	-273.686669391	29.5960817053
46.2	2078.4766695	-272.837543188	28.7470659028
46.25	2447.35130139	-278.073611022	33.8489097237
46.3	2348.46638953	-276.680360943	32.4812489171
46.35	2068.18312501	-272.692406136	28.6046975971
46.4	2492.72826652	-278.640939747	34.4765109982
46.45	2315.5152096	-276.140230061	32.0255066156
46.5	2320.95148443	-276.181816673	32.1006948306
46.55	2373.92396065	-276.921965811	32.8333483587
46.6	2131.75030563	-273.702326952	29.4838847237
46.65	2469.44721575	-278.356802456	34.1545146484
46.7	2451.03899864	-278.084418742	33.8999136523
46.75	2159.12685938	-273.927957581	29.8625252956
46.8	2352.22959648	-276.75181162	32.5332972079
46.85	2291.96216878	-275.802941466	31.6997484165
46.9	2242.1409155	-275.020300135	31.0106789301
46.95	2345.73603311	-276.596660504	32.4434858106
47.0	2288.78166605	-275.740873776	31.6557594111
47.05	2290.41963311	-275.880294161	31.6784138617
47.1	2338.61819637	-276.52712435	32.3450401919
47.15	2520.15714474	-278.998405005	34.8558752613
47.2	2618.42053091	-280.397016931	36.214939849
47.25	2468.92033922	-278.327021013	34.1472275066
47.3	2326.10146277	-276.33031766	32.1719233264
47.35	2164.22170256	-274.00094059	29.9329912262
47.4	2306.84873968	-275.955221827	31.9056421083
47.45	2368.81702812	-276.778920031	32.7627152224
47.5	2476.11337616	-278.36322351	34.2467132069
47.55	2457.52085293	-278.135019277	33.9895631034
47.6	2265.85476975	-275.493406469	31.3386613129
47.65	2431.55311438	-277.812582088	33.6304076207
47.7	2575.63748911	-279.904613259	35.6232146975
47.75	2252.05762506	-275.421891444	31.1478352943
47.8	2381.8331942	-277.143472679	32.9427396554
47.85	2287.37422771	-275.731954428	31.6362933649
47.9	2352.1933818	-276.761026709	32.5327963287
47.95	2372.56604581	-276.987566936	32.8145672639
48.0	2225.70947896	-274.868993476	30.7834184579
48.05	2189.95144505	-274.308469266	30.2888550247
48.1	2234.64374109	-274.941318091	30.9069867548
48.15	2317.39861925	-276.150992809	32.0515557419
48.2	2388.21634391	-277.162520382	33.0310239398
48.25	2309.8112567	-276.059072893	31.9466161896
48.3	2389.29728885	-277.183286025	33.0459743099
48.35	2333.75980599	-276.472751335	32.2778446007
48.4	2437.99970774	-277.955515462	33.7195693836
48.45	2376.93816658	-277.033189201	32.8750373408
48.5	2147.84819558	-273.799832732	29.7065319682
48.55	2351.38246943	-276.658416218	32.5215807343
48.6	2526.01789284	-279.108132002	34.9369342956
48.65	2457.71166377	-278.149299556	33.9922021765
48.7	2296.51681405	-275.851134506	31.7627429595
48.75	2245.80820822	-275.164304485	31.061400647
48.8	2374.1613076	-277.084776105	32.836631065
48.85	2466.84532362	-278.393168943	34.1185283102
48.9	2394.90783392	-277.26427923	33.1235728278
48.95	2442.78583358	-277.916023533	33.7857654959
49.0	2344.15532273	-276.65347396	32.4216232676
49.05	2303.5272551	-275.922677804	31.8597032063
49.1	2691.01068273	-281.41681219	37.2189221929
49.15	2149.85528319	-273.73493614	29.7342916639
49.2	2331.56388559	-276.334402592	32.24747319
49.25	2251.59024918	-275.269062114	31.1413710961
49.3	2311.31846759	-276.188201058	31.9674621733
49.35	2549.41280754	-279.469136221	35.2605054785
49.4	2294.68825813	-275.795541592	31.7374525059
49.45	2118.38167212	-273.445940203	29.298985372
49.5	2330.13583981	-276.401852306	32.2277221259
49.55	2185.048263	-274.373577941	30.2210399276
49.6	2443.35620609	-277.922608519	33.7936542235
49.65	2329.87004708	-276.382077143	32.2240459907
49.7	2365.88505252	-276.875948103	32.7221635545
49.75	2470.33706367	-278.293896665	34.1668219873
49.8	2432.16412705	-277.792049038	33.6388584356
49.85	2331.94772936	-276.341159578	32.2527820695
49.9	2290.08244438	-275.838563684	31.6737502603
49.95	2350.55421579	-276.721568662	32.5101252957
50.0	2390.28230807	-277.218748663	33.0595979473
50.05	2308.84784644	-276.056696657	31.9332914221
50.1	2540.7968713	-279.334665184	35.1413398942
50.15	2486.53316614	-278.53225709	34.3908275929
50.2	2321.77812014	-276.209782015	32.112127892
50.25	2353.608802	-276.732191638	32.5523727706
50.3	2171.35189103	-274.142408623	30.0316076797
50.35	2593.75364096	-280.048366666	35.8737761875
50.4	2470.17420105	-278.209712897	34.1645694614
50.45	2109.05556387	-273.112719859	29.1699975165
50.5	2376.42131514	-277.097905642	32.8678888543
50.55	2347.71473079	-276.626354229	32.4708528498
50.6	2560.2807658	-279.580061457	35.4108184057
50.65	2418.06276538	-277.658294538	33.4438248424
50.7	2320.58527904	-276.183639154	32.0956299046
50.75	2544.76412352	-279.386455233	35.1962103013
50.8	2168.51186333	-274.139418513	29.9923277279
50.85	2556.92135907	-279.537210389	35.3643550087
50.9	2261.99160799	-275.363257727	31.2852305637
50.95	2381.7505315	-277.110102698	32.9415963614
51.0	2269.66838486	-275.582577502	31.3914067907
51.05	2214.71950215	-274.784748135	30.6314179124
51.1	2375.98204354	-276.959096583	32.8618133617
51.15	2358.90362524	-276.742892208	32.6256045923
51.2	2337.31510829	-276.469966291	32.3270173968
51.25	2139.34094018	-273.551493504	29.5888695305
51.3	2366.55713446	-276.827590904	32.7314590082
51.35	2435.47035615	-277.847582193	33.6845863416
51.4	2088.15079881	-272.974339717	28.8808671799
51.45	2185.69499415	-274.361530357	30.2299847588
51.5	2355.06368713	-276.748907817	32.5724950454
51.55	2371.93483975	-276.989928935	32.8058371577
51.6	2099.16975875	-273.15549965	29.0332685864
51.65	2576.64454622	-279.815207299	35.6371431373
51.7	2400.02619469	-277.287159724	33.1943640263
51.75	2264.82649107	-275.350776395	31.3244393612
51.8	2416.98330909	-277.483294951	33.4288950616
51.85	2410.8557649	-277.439795258	33.3441460147
51.9	2231.22802404	-274.971889468	30.8597445391
51.95	2491.3656754	-278.62628311	34.4576652266
52.0	2278.09711305	-275.654716377	31.5079831315
52.05	2406.10010172	-277.478896806	33.2783712263
52.1	2253.31152965	-275.380645049	31.1651778407
52.15	2235.08789694	-275.043350656	30.9131298008
52.2	2268.62419945	-275.506768339	31.3769648356
52.25	2442.52085844	-277.915946531	33.7821006687
52.3	2309.70377676	-276.138368963	31.9451296524
52.35	2306.04756506	-276.045324822	31.894561195
52.4	2212.00207924	-274.732629946	30.5938336871
52.45	2438.69941906	-277.869937381	33.7292469748
52.5	2340.54124293	-276.544179188	32.3716375296
52.55	2326.2764763	-276.323655046	32.1743439095
52.6	2611.19345012	-280.379178542	36.1149832939
52.65	2188.63763215	-274.325999531	30.2706838966
52.7	2342.90115886	-276.530977713	32.4042771353
52.75	2238.96903371	-275.069219405	30.9668091593
52.8	2189.0935496	-274.364600711	30.2769896153
52.85	2417.73010926	-277.570283949	33.4392239308
52.9	2435.32508659	-277.917211511	33.6825771424
52.95	2308.40510532	-276.023906767	31.9271679432
53.0	2423.92499282	-277.576273241	33.5249043372
53.05	2114.84897163	-273.380008043	29.2501251778
53.1	2345.23680271	-276.671187822	32.4365810377
53.15	2305.9830277	-276.102581514	31.8936685895
53.2	2575.08249971	-279.791267895	35.6155387311
53.25	2228.75590446	-274.914666987	30.8255530635
53.3	2175.2731464	-274.155157371	30.085841912
53.35	2274.74681126	-275.50276274	31.4616456635
53.4	2514.38923168	-278.90352373	34.7761002129
53.45	2359.44429309	-276.659572109	32.6330824796
53.5	2423.15234707	-277.679115242	33.5142180021
53.55	2387.93192578	-277.16245005	33.0270901999
53.6	2413.10014585	-277.489599691	33.3751876752
53.65	2313.36579362	-276.052932853	31.9957783998
53.7	2263.7194161	-275.372646778	31.3091275909
53.75	2514.54895422	-278.866551076	34.7783093088
53.8	2344.80233028	-276.552340437	32.4305719217
53.85	2327.89358579	-276.249136647	32.1967098826
53.9	2141.31898398	-273.712670894	29.6162275261
53.95	2399.24035758	-277.327597674	33.1834952436
54.0	2347.01628333	-276.569608224	32.461192739
54.05	2267.439155	-275.52498557	31.3605746824
54.1	2178.37311372	-274.194665476	30.1287170455
54.15	2451.86822122	-278.076711745	33.9113824923
54.2	2040.54200656	-272.322234479	28.2223978748
54.25	2487.90632736	-278.695935313	34.4098195578
54.3	2360.19406736	-276.790758861	32.6434524831
54.35	2337.41049262	-276.542460507	32.3283366416
54.4	2373.61047754	-277.012534461	32.8290126258
54.45	2354.47727443	-276.597847452	32.5643844688
54.5	2413.09127028	-277.450765856	33.3750649186
54.55	2239.94344913	-275.106961702	30.9802861373
54.6	2099.41341416	-273.061085969	29.0366385439
54.65	2269.00681819	-275.45343095	31.3822567718
54.7	2229.0569783	-274.846540325	30.8297171658
54.75	2171.40371473	-274.088259338	30.0323244446
54.8	2337.24462642	-276.342210145	32.3260425737
54.85	2277.58928713	-275.522447327	31.5009594755
54.9	2244.1985118	-275.165277584	31.039137203
54.95	1992.68056993	-271.589834393	27.5604342871
55.0	2154.53871634	-273.905119714	29.7990674506
55.05	2373.89477109	-277.040759269	32.8329446427
55.1	2231.22984047	-275.025540203	30.8597696619
55.15	2440.434612	-278.015231256	33.7532461405
55.2	2161.76132004	-274.009417423	29.8989620838
55.25	2479.77770903	-278.463087469	34.2973939866
55.3	2458.29291749	-278.274497952	34.0002414002
55.35	2356.9322583	-276.790381008	32.5983389433
55.4	2192.74166313	-274.439224743	30.3274460681
55.45	2266.60842438	-275.443248743	31.3490849851
55.5	2412.37263234	-277.502734706	33.3651255565
55.55	2186.94585774	-274.365224547	30.2472852455
55.6	2401.04889233	-277.451874035	33.2085087875
55.65	2025.63098733	-272.05162543	28.0161660422
55.7	2203.6838174	-274.490254284	30.478785188
55.75	2378.26106643	-277.051030325	32.8933341491
55.8	2170.06082577	-274.18780749	30.0137511703
55.85	2355.1545087	-276.809659819	32.5737511836
55.9	2311.85335121	-276.238327087	31.9748600599
55.95	2192.82375828	-274.518899814	30.3285815125
56.0	2296.59726821	-275.974093702	31.7638557075
56.05	2121.49564159	-273.417906821	29.3420541671
56.1	2482.1229117	-278.507227262	34.3298300956
56.15	2278.90400277	-275.590624288	31.5191430894
56.2	2283.89904802	-275.660427499	31.5882287313
56.25	2464.48561873	-278.231898485	34.0858916234
56.3	2321.37379921	-276.3166622	32.1065357964
56.35	2221.79562738	-274.700233423	30.7292866263
56.4	2333.86195679	-276.344509756	32.2792574314
56.45	2278.58538866	-275.542850198	31.5147363905
56.5	2457.61759021	-278.142713434	33.9909010606
56.55	2361.86765745	-276.766880136	32.6665996299
56.6	2259.69914984	-275.365454145	31.2535239555
56.65	2394.80359995	-277.309439	33.122131185
56.7	2507.65468496	-278.840083331	34.6829558147
56.75	2221.8286634	-274.748787816	30.729743542
56.8	2390.63627632	-277.215453466	33.0644936234
56.85	2335.7951133	-276.445169488	32.3059945983
56.9	2166.26267915	-274.04429831	29.9612196347
56.95	2215.70209871	-274.767110229	30.6450080424
57.0	2219.83912724	-274.836818391	30.7022265975
57.05	2144.27104629	-273.765416888	29.6570570099
57.1	2575.23467284	-279.782170257	35.6176434125
57.15	2266.81457521	-275.443440268	31.351936223
57.2	2261.84983033	-275.373395157	31.2832696604
57.25	2475.88236566	-278.436453308	34.243518139
57.3	2147.01465678	-273.831403585	29.6950034315
57.35	2130.95095715	-273.645431316	29.4728290675
57.4	2222.62250388	-274.91956922	30.7407230178
57.45	2168.18689504	-274.141823436	29.9878331454
57.5	2320.28901733	-276.196072588	32.0915323582
57.55	2360.90944781	-276.750464752	32.6533467913
57.6	2236.02790307	-275.009594642	30.9261308696
57.65	2289.56350366	-275.813656582	31.6665728773
57.7	2121.27019009	-273.497943926	29.3389359847
57.75	2184.47770208	-274.35341938	30.2131485942
57.8	2489.06848142	-278.695177505	34.4258931179
57.85	2459.47872118	-278.232846793	34.0166420542
57.9	2243.21392186	-275.221722692	31.0255195029
57.95	2455.66134048	-277.988660041	33.9638444952
58.0	2306.03188669	-275.915727908	31.8943443501
58.05	2330.26900043	-276.372683471	32.2295638482
58.1	2573.94212822	-279.774886366	35.5997664424
58.15	2127.3624607	-273.503873905	29.4231971686
58.2	2171.8404848	-274.126945854	30.038365339
58.25	2256.97338346	-275.257959924	31.215824333
58.3	2425.95930347	-277.774794115	33.5530405503
58.35	2375.07718371	-277.046534102	32.8492983956
58.4	2247.16694775	-275.086793001	31.0801931481
58.45	2437.74380542	-277.762599399	33.7160300412
58.5	2338.7519826	-276.495351075	32.346890567
58.55	2521.90789848	-279.054908632	34.8800896457
58.6	2482.89399251	-278.529039555	34.3404947864
58.65	2307.20680852	-276.09211008	31.910594499
58.7	2442.15849514	-277.955532411	33.777088882
58.75	2251.49265107	-275.256991742	31.1400212328
58.8	2532.17104766	-279.166718148	35.0220375588
58.85	2364.44840056	-276.856677952	32.7022934596
58.9	2226.06503301	-274.903613391	30.7883360671
58.95	2230.98884377	-275.029466219	30.8564364766
59.0	2510.84500249	-278.882537519	34.7270805671
59.05	2470.01999716	-278.326168369	34.162436693
59.1	2317.59344951	-276.222527959	32.054250407
59.15	2479.31221302	-278.458067801	34.2909557887
59.2	2325.05769518	-276.322798566	32.1574871501
59.25	2522.61516479	-279.151013012	34.8898717287
59.3	2164.15190771	-274.100389752	29.9320259052
59.35	2448.60288722	-278.139375267	33.8662201995
59.4	2397.01980763	-277.402112637	33.1527831856
59.45	2331.57876597	-276.370273629	32.247678998
59.5	2179.97343063	-274.205151181	30.1508507632
59.55	2207.45034361	-274.682208183	30.5308793869
59.6	2426.7300122	-277.776386363	33.5637000949
59.65	2225.44659957	-274.904564569	30.7797826167
59.7	2094.70546045	-273.054807481	28.9715236175
59.75	2506.03975407	-278.954502575	34.6606199736
59.8	2301.78805489	-275.992532953	31.8356486168
59.85	2543.01488122	-279.471802994	35.1720168213
59.9	2152.82683006	-273.817306961	29.7753906355
59.95	2045.23611336	-272.27691851	28.287321287
60.0	2506.78366257	-278.890126834	34.6709088486
60.05	2222.44844657	-274.828979511	30.7383156601
60.1	2355.88517215	-276.705972719	32.5838568684
60.15	2301.05792245	-275.946536867	31.8255502762
60.2	2255.86434801	-275.336603678	31.2004854477
60.25	2407.23404619	-277.556559001	33.2940546242
60.3	2458.80299933	-278.170694153	34.0072962575
60.35	2398.09792993	-277.256539299	33.1676945163
60.4	2382.49579894	-277.133742746	32.9519040317
60.45	2328.50853583	-276.458468582	32.2052151545
60.5	2426.59760779	-277.775521678	33.5618688313
60.55	2282.36490369	-275.722528531	31.5670102357
60.6	2099.77913137	-273.115550398	29.0416967179
60.65	2378.54927273	-277.058089642	32.8973202825
60.7	2247.65434159	-275.153046267	31.0869342114
60.75	2397.88687731	-277.286146033	33.1647754825
60.8	2069.85745318	-272.775286184	28.6278549522
60.85	2429.88871085	-277.724430139	33.6073875316
60.9	2369.47663652	-276.990351327	32.7718381567
60.95	2138.06081624	-273.642362149	29.5711643487
61.0	2398.02694576	-277.288161648	33.1667127461
61.05	2299.23002714	-275.89694252	31.8002689594
61.1	2245.17915576	-275.180073636	31.0527003269
61.15	2419.69879731	-277.650760757	33.4664525285
61.2	2294.87852955	-275.874166612	31.7400841184
61.25	2258.04271492	-275.363110163	31.230614079
61.3	2307.98045299	-276.086843885	31.9212946473
61.35	2515.37212128	-278.950970394	34.7896943958
61.4	2484.78340108	-278.524172546	34.3666268827
61.45	2263.73041359	-275.479026579	31.3092796955
61.5	2516.40431183	-278.98817914	34.8039704519
61.55	2345.20150309	-276.520696813	32.4360928146
61.6	2263.26604036	-275.444841611	31.3028570263
61.65	2462.70306272	-278.247857621	34.061237387
61.7	2281.27610839	-275.744006854	31.5519512885
61.75	2129.31053741	-273.56137776	29.4501406944
61.8	2108.17532849	-273.302812924	29.157823127
61.85	2527.30007449	-279.120104967	34.9546679372
61.9	2358.83614669	-276.726710246	32.6246713077
61.95	2361.48330703	-276.878834123	32.661283743
62.0	2278.48508351	-275.684947538	31.5133490867
