# 	 t 	 T	E	K
2.05	1111.37174139	-303.179912206	15.3711981285
2.1	1141.29100071	-303.59906763	15.7850064392
2.15	1176.99218454	-304.078587189	16.2787835883
2.2	1224.69336158	-304.780388298	16.9385306521
2.25	1140.65438709	-303.600709059	15.7762015418
2.3	1002.98757698	-301.649192835	13.8721547363
2.35	1290.56340369	-305.718913844	17.8495682738
2.4	1180.61073035	-304.140476261	16.3288310949
2.45	1251.3070492	-305.139364534	17.3066201493
2.5	1119.84465427	-303.302262723	15.4883855805
2.55	1172.80126486	-304.051729896	16.2208196737
2.6	1069.53655719	-302.576860806	14.7925826382
2.65	1188.50794731	-304.266377553	16.4380561921
2.7	1102.50331019	-303.048399397	15.2485403282
2.75	1168.31496421	-303.979222517	16.1587703939
2.8	1098.53717023	-302.981824531	15.1936853046
2.85	1305.05993567	-305.909944245	18.050067402
2.9	1034.49762059	-302.078288982	14.3079649206
2.95	1178.78281099	-304.121887315	16.3035494456
3.0	1258.57462245	-305.252282371	17.4071367489
3.05	1152.56088351	-303.766286064	15.940878318
3.1	1193.91266066	-304.355806348	16.5128078857
3.15	1214.29906849	-304.617488202	16.7947689093
3.2	1148.63101475	-303.687375666	15.8865249553
3.25	1141.88674648	-303.606311949	15.7932461
3.3	1047.72267053	-302.285678606	14.4908783916
3.35	1157.97204435	-303.806201199	16.0157191856
3.4	1189.36119545	-304.264065824	16.4498573256
3.45	1199.55497639	-304.412070824	16.5908458181
3.5	1244.70506654	-305.029489979	17.2153092227
3.55	1187.405425	-304.251012931	16.422807389
3.6	1194.58922969	-304.373052218	16.5221653997
3.65	1062.478986	-302.474017066	14.6949705422
3.7	1189.01343938	-304.278274584	16.4450475692
3.75	1101.48692409	-303.05594757	15.2344828607
3.8	1132.58730596	-303.479894772	15.6646270815
3.85	1249.22042671	-305.108597291	17.2777604199
3.9	1207.69811716	-304.513726108	16.7034722469
3.95	1165.61680084	-303.957309063	16.121452544
4.0	1059.39427817	-302.441819141	14.6523064602
4.05	1251.14287036	-305.15101157	17.304349419
4.1	1156.39593084	-303.835075615	15.9939202212
4.15	1148.22491125	-303.683046368	15.8809082052
4.2	1243.63649558	-305.029476804	17.200529995
4.25	1145.7163236	-303.655375823	15.8462123458
4.3	1217.54305128	-304.688201087	16.839635897
4.35	1232.2606286	-304.891938771	17.0431922666
4.4	1058.46053405	-302.443768981	14.6393920002
4.45	1179.11230827	-304.122438676	16.3081066678
4.5	1226.59573159	-304.770773899	16.9648420161
4.55	1059.70892588	-302.454376658	14.6566583003
4.6	1269.72238117	-305.400481789	17.5613195498
4.65	1154.55652784	-303.756254976	15.9684797436
4.7	1191.29401004	-304.322047412	16.4765897635
4.75	1132.77320438	-303.498713163	15.6671982116
4.8	1080.22654982	-302.7210824	14.9404341523
4.85	1248.92714357	-305.112295558	17.2737040694
4.9	1207.02480773	-304.52974312	16.6941598158
4.95	1075.28385322	-302.671094644	14.8720725357
5.0	1206.36817786	-304.510517096	16.6850780771
5.05	1245.88215818	-305.040063827	17.2315893817
5.1	1186.41716077	-304.234612371	16.4091388705
5.15	1073.35189645	-302.640190136	14.8453519624
5.2	1143.74514783	-303.634993775	15.8189493407
5.25	1173.23065942	-304.04412322	16.2267585585
5.3	1160.16817657	-303.852681637	16.0460935259
5.35	1139.54474887	-303.567386858	15.7608543197
5.4	1143.95127158	-303.621645945	15.8218002041
5.45	1245.20326994	-305.063046526	17.2221997912
5.5	1182.5270321	-304.175136008	16.3553351464
5.55	1173.14606191	-304.026191851	16.2255885044
5.6	1213.61988922	-304.620760862	16.7853752936
5.65	1119.05341126	-303.282588212	15.4774420298
5.7	1122.36998705	-303.337544142	15.5233130391
5.75	1161.22697504	-303.907795409	16.0607375919
5.8	1177.97235407	-304.12696714	16.2923401504
5.85	1198.70905885	-304.411758886	16.5791460731
5.9	1200.2674275	-304.42339302	16.6006996113
5.95	1098.72274718	-302.981831278	15.1962519886
6.0	1173.52901417	-304.043220812	16.2308850536
6.05	1124.21403957	-303.330949033	15.5488178236
6.1	1179.25112368	-304.109204619	16.3100266007
6.15	1226.41204256	-304.808279185	16.9623014437
6.2	1102.73930725	-303.057012698	15.2518043644
6.25	1187.7399397	-304.234990259	16.4274340064
6.3	1163.37595967	-303.902576154	16.0904598417
6.35	1167.08620608	-303.968626965	16.1417756441
6.4	1245.3266897	-305.065521743	17.2239067894
6.45	1145.58302951	-303.636812481	15.8443687772
6.5	1179.97396546	-304.152709021	16.3200241054
6.55	1098.2005863	-303.006560375	15.1890300682
6.6	1224.20973163	-304.751221992	16.9318416466
6.65	1229.87691389	-304.842209309	17.010223504
6.7	1161.75289943	-303.879791042	16.0680115648
6.75	1225.10620688	-304.767870936	16.9442406471
6.8	1065.98278186	-302.558006394	14.7434309613
6.85	1132.10059375	-303.498222725	15.6578954456
6.9	1201.32924082	-304.434732223	16.6153853751
6.95	1209.41633425	-304.538196635	16.7272366223
7.0	1166.22025082	-303.965236682	16.1297987605
7.05	1103.21922514	-303.075859428	15.2584420291
7.1	1253.19740072	-305.174996553	17.3327652874
7.15	1114.17420902	-303.199975438	15.4099585933
7.2	1225.94477518	-304.80632195	16.955838746
7.25	1088.21279429	-302.845250697	15.0508905743
7.3	1155.97517591	-303.806030461	15.9881008297
7.35	1177.59851532	-304.099865439	16.2871696487
7.4	1205.63845959	-304.489988618	16.6749854648
7.45	1160.04390752	-303.846179384	16.0443747814
7.5	1231.36311997	-304.849176184	17.0307789737
7.55	1152.87389321	-303.771046377	15.9452075032
7.6	1209.13813246	-304.568042769	16.7233888595
7.65	1081.1625161	-302.746205245	14.9533793465
7.7	1192.64058843	-304.323847338	16.4952140657
7.75	1161.7347886	-303.892582045	16.067761077
7.8	1104.61243539	-303.084934965	15.2777112889
7.85	1246.95581105	-305.073086813	17.2464388964
7.9	1166.15811768	-303.925772168	16.1289394075
7.95	1176.21873885	-304.085024456	16.2680861893
8.0	1107.24830485	-303.133997173	15.314167562
8.05	1292.23260724	-305.721245904	17.872654751
8.1	1139.74883886	-303.559173709	15.7636770545
8.15	1170.15225919	-304.018801287	16.1841817158
8.2	1161.35974468	-303.885779615	16.0625739068
8.25	1132.9641179	-303.459102363	15.6698387048
8.3	1286.19841002	-305.639239668	17.7891967707
8.35	1043.5234905	-302.220121365	14.4328002296
8.4	1171.08295945	-304.022656923	16.1970540766
8.45	1205.74745922	-304.50473068	16.6764930207
8.5	1182.42186291	-304.174585395	16.3538805689
8.55	1118.62219388	-303.298367092	15.4714779336
8.6	1107.42112143	-303.124331134	15.3165577595
8.65	1190.37044297	-304.257841009	16.4638160606
8.7	1271.96505615	-305.454165524	17.5923376152
8.75	1144.66682149	-303.636565911	15.8316968562
8.8	1193.04070529	-304.299168112	16.5007480156
8.85	1088.62193979	-302.867574337	15.0565493977
8.9	1093.98743541	-302.925894526	15.1307586773
8.95	1136.82000442	-303.527700269	15.7231688314
9.0	1183.57360318	-304.177469112	16.3698100974
9.05	1232.24858837	-304.8545344	17.0430257402
9.1	1183.91906499	-304.216379317	16.3745881223
9.15	1084.83722397	-302.833597253	15.0042036213
9.2	1137.84490181	-303.552418101	15.7373440172
9.25	1306.00600917	-305.889018339	18.0631523876
9.3	1116.7382849	-303.222907972	15.4454219012
9.35	1161.81192254	-303.87787992	16.0688279037
9.4	1130.87774	-303.477634771	15.6409823583
9.45	1068.59929457	-302.585532745	14.7796195143
9.5	1205.24071442	-304.468427835	16.6694843173
9.55	1224.2291299	-304.76732881	16.9321099408
9.6	1235.23105616	-304.945104461	17.0842757573
9.65	1139.26522279	-303.551819834	15.7569882409
9.7	1180.25255888	-304.129015861	16.3238772847
9.75	1172.05522222	-304.043575146	16.2105012817
9.8	1097.77958429	-303.002061111	15.1832072591
9.85	1194.75040299	-304.351940108	16.5243945607
9.9	1147.601175	-303.675387208	15.8722814126
9.95	1192.05452086	-304.311769263	16.4871082624
10.0	1122.35393971	-303.312162024	15.5230910909
10.05	1158.5509283	-303.848252663	16.0237256335
10.1	1214.31103537	-304.626098762	16.7949344212
10.15	1259.29359052	-305.255868585	17.4170806768
10.2	1134.91190689	-303.497868454	15.6967782511
10.25	1176.66653248	-304.089334911	16.2742795488
10.3	1037.93010548	-302.135966681	14.3554390495
10.35	1182.69758867	-304.193059988	16.3576940861
10.4	1229.5253982	-304.840116193	17.0053617488
10.45	1194.35653933	-304.329036329	16.5189470979
10.5	1119.71512692	-303.295248374	15.4865941092
10.55	1163.63062188	-303.896569947	16.0939820324
10.6	1171.37249863	-304.017502247	16.201058645
10.65	1131.95676318	-303.482033073	15.6559061489
10.7	1212.97021025	-304.625990293	16.7763896916
10.75	1192.48633009	-304.312020569	16.4930805442
10.8	1149.34626922	-303.714319642	15.8964175212
10.85	1105.11341232	-303.105192025	15.2846402176
10.9	1189.63423297	-304.268453579	16.4536336623
10.95	1277.9032336	-305.517108284	17.6744675621
11.0	1121.80777967	-303.32259706	15.5155372421
11.05	1236.39382231	-304.924736474	17.1003577829
11.1	1193.38523294	-304.334772144	16.5055131204
11.15	1013.83222627	-301.810903904	14.0221452811
11.2	1196.27524771	-304.406239293	16.545484435
11.25	1082.23239856	-302.7521861	14.9681767134
11.3	1303.67902892	-305.869394601	18.0309683098
11.35	1123.50902803	-303.353475251	15.5390669259
11.4	1148.87875709	-303.696524324	15.8899514386
11.45	1168.6753619	-303.96151888	16.1637549945
11.5	1213.9533894	-304.608387867	16.7899878792
11.55	1096.50298188	-302.962659478	15.1655507831
11.6	1204.21585886	-304.504931938	16.6553097103
11.65	1139.14027222	-303.566124336	15.7552600704
11.7	1177.69256065	-304.086162167	16.2884703741
11.75	1172.83070624	-304.038887535	16.2212268725
11.8	1168.39008151	-303.970658395	16.1598093288
11.85	1234.43353723	-304.893629876	17.0732454053
11.9	1131.14219638	-303.439006957	15.6446400107
11.95	1123.82759107	-303.394713678	15.5434729184
12.0	1096.59979297	-303.008700299	15.1668897613
12.05	1141.84186334	-303.58849866	15.7926253288
12.1	1222.49627367	-304.73103465	16.9081430939
12.15	1187.38366627	-304.230672209	16.4225064477
12.2	1225.33089381	-304.757413236	16.9473482547
12.25	1215.71230569	-304.640777316	16.8143151585
12.3	1148.60219354	-303.730813704	15.886126334
12.35	1009.67106712	-301.763336559	13.9645929793
12.4	1172.33550233	-304.018498786	16.2143777894
12.45	1327.99170041	-306.216437268	18.3672328347
12.5	1202.33548586	-304.441600888	16.6293025833
12.55	1085.95655405	-302.801991121	15.0196848899
12.6	1271.85952776	-305.420922107	17.5908780697
12.65	1103.52450133	-303.082771492	15.2626642535
12.7	1028.06319847	-302.026654291	14.218971496
12.75	1179.29992855	-304.122607063	16.3107016128
12.8	1328.73900397	-306.222794883	18.3775686663
12.85	1189.51292069	-304.26925102	16.4519558122
12.9	1155.37672415	-303.799907596	15.9798237426
12.95	1093.32988614	-302.922595315	15.1216642225
13.0	1134.76712928	-303.505360983	15.694775856
13.05	1175.62967352	-304.07114867	16.2599389245
13.1	1170.69833907	-303.98520935	16.191734456
13.15	1227.98671494	-304.812082443	16.9840804759
13.2	1157.17988147	-303.844575076	16.0047629123
13.25	1133.99224984	-303.488683252	15.6840586271
13.3	1218.71352711	-304.677030539	16.855824554
13.35	1126.39883484	-303.390056237	15.5790353643
13.4	1136.45632798	-303.505061798	15.718138883
13.45	1187.67316382	-304.256908788	16.4265104402
13.5	1265.14540914	-305.344555346	17.4980162091
13.55	1038.59479267	-302.112612938	14.3646322278
13.6	1232.01317236	-304.896383771	17.0397697404
13.65	1085.72291411	-302.818494034	15.0164534546
13.7	1236.52934016	-304.925345304	17.1022321078
13.75	1203.64299177	-304.488828345	16.6473864805
13.8	1154.04225044	-303.759682518	15.9613668582
13.85	1213.7881406	-304.596435546	16.7877023504
13.9	1196.7221427	-304.397140945	16.5516653655
13.95	1108.89267155	-303.159029595	15.336910525
14.0	1121.98485201	-303.315207645	15.5179863002
14.05	1236.06680856	-304.913528743	17.09583491
14.1	1199.99835158	-304.434870426	16.5969780668
14.15	1118.91454972	-303.284800428	15.4755214588
14.2	1263.39337162	-305.306452668	17.473784069
14.25	1094.72263895	-302.940389932	15.1409271554
14.3	1193.37303008	-304.346955351	16.5053443447
14.35	1031.91663615	-302.051340905	14.2722677531
14.4	1257.8097785	-305.23203046	17.396558319
14.45	1245.50171599	-305.049317761	17.226327549
14.5	1127.72063177	-303.417088373	15.5973169183
14.55	1166.34198396	-303.971679586	16.1314824315
14.6	1086.18101211	-302.817985169	15.0227893321
14.65	1237.23075752	-304.962255591	17.111933295
14.7	1028.07313256	-301.986133202	14.2191088927
14.75	1221.99761341	-304.732219135	16.9012462065
14.8	1221.24674007	-304.718196743	16.890861002
14.85	1120.18177466	-303.285892712	15.4930482367
14.9	1117.92480094	-303.283257136	15.4618324076
14.95	1257.05480511	-305.237523672	17.3861164074
15.0	1126.78785003	-303.381446094	15.5844157689
15.05	1247.43073656	-305.074636277	17.2530075124
15.1	1164.0027597	-303.88779785	16.0991290089
15.15	1139.30385426	-303.563871912	15.7575225464
15.2	1102.55575576	-303.082632869	15.2492656942
15.25	1141.34724483	-303.619376995	15.7857843423
15.3	1166.50115174	-303.940656009	16.1336838546
15.35	1298.32311434	-305.811520554	17.9568915442
15.4	1110.9430063	-303.191566919	15.3652683646
15.45	1132.87241095	-303.473691526	15.6685703213
15.5	1214.23087767	-304.624423037	16.7938257734
15.55	1181.47168739	-304.174649759	16.3407388488
15.6	1173.63683707	-304.073948151	16.2323763342
15.65	1179.21762302	-304.139961725	16.3095632586
15.7	1230.91237714	-304.864601322	17.0245448244
15.75	1133.4879945	-303.490446472	15.6770843552
15.8	1250.37291548	-305.135799006	17.2937003008
15.85	1143.72692689	-303.646995436	15.8186973299
15.9	1154.07043714	-303.793674793	15.9617567038
15.95	1133.84469086	-303.477020004	15.6820177634
16.0	1244.05258255	-305.042269922	17.2062848248
16.05	1247.59203968	-305.107074065	17.255238469
16.1	1047.93231415	-302.28914088	14.4937779379
16.15	1180.0448702	-304.150513999	16.3210047772
16.2	1200.57178141	-304.402213324	16.6049090797
16.25	1218.73188417	-304.679285674	16.8560784474
16.3	1159.87282592	-303.862506444	16.0420085801
16.35	1054.94119313	-302.377661786	14.5907165799
16.4	1192.59145189	-304.315543701	16.4945344664
16.45	1229.57919214	-304.852608667	17.0061057638
16.5	1145.98236092	-303.678203698	15.8498918638
16.55	1258.61561302	-305.2426548	17.4077036826
16.6	1097.72995842	-302.984804084	15.182520892
16.65	1156.32775475	-303.812047525	15.9929772891
16.7	1194.270405	-304.315225906	16.5177557882
16.75	1188.07167183	-304.270886679	16.4320221385
16.8	1115.90383307	-303.230217619	15.4338807365
16.85	1154.46076177	-303.763706215	15.9671552189
16.9	1250.24410743	-305.138284189	17.291918778
16.95	1167.6268321	-303.979162347	16.1492529529
17.0	1084.58935067	-302.79793215	15.0007753268
17.05	1157.79068921	-303.817575171	16.0132108928
17.1	1157.05859564	-303.798782762	16.0030854281
17.15	1201.45464902	-304.432232873	16.6171198751
17.2	1195.85183522	-304.36185657	16.5396282872
17.25	1217.88157891	-304.684232673	16.8443180164
17.3	1203.20345988	-304.490044665	16.6413073879
17.35	986.466936184	-301.40539608	13.643660495
17.4	1200.27225849	-304.427216718	16.6007664279
17.45	1241.1987148	-305.007041358	17.1668134536
17.5	1115.14319104	-303.223576426	15.4233604228
17.55	1234.11395282	-304.892217551	17.0688252863
17.6	1195.21682102	-304.373178713	16.5308455112
17.65	1122.81377844	-303.356084012	15.5294510442
17.7	1213.42340313	-304.612195816	16.782657727
17.75	1113.52380546	-303.194452986	15.4009629695
17.8	1242.2834621	-305.002634722	17.1818164134
17.85	1128.38460185	-303.391091449	15.6065001783
17.9	1201.10979429	-304.436678847	16.6123502466
17.95	1167.87643392	-303.977964145	16.1527051542
18.0	1122.47086871	-303.322923129	15.5247083167
18.05	1212.26418184	-304.5918649	16.7666247298
18.1	1122.39200636	-303.330776533	15.5236175846
18.15	1222.35376469	-304.747253944	16.9061720759
18.2	1132.95532087	-303.480370163	15.6697170345
18.25	1234.83621597	-304.899322686	17.078814788
18.3	1140.04659314	-303.555992248	15.7677952446
18.35	1115.19944068	-303.234703582	15.4241384022
18.4	1214.08404102	-304.623557279	16.7917949
18.45	1091.81884794	-302.885481441	15.1007653039
18.5	1249.0496003	-305.110697771	17.2753977481
18.55	981.108863337	-301.355666232	13.5695538786
18.6	1242.76233825	-305.031801976	17.18843967
18.65	1263.99760327	-305.304947107	17.4821410966
18.7	1197.61663861	-304.391486745	16.56403699
18.75	1197.65291193	-304.403595889	16.5645386802
18.8	1177.7444163	-304.117182426	16.2891875809
18.85	1105.95819185	-303.105942816	15.2963242232
18.9	1123.76091094	-303.356032903	15.5425506766
18.95	1193.41523467	-304.329324673	16.5059280694
19.0	1135.82057193	-303.530707212	15.7093458466
19.05	1160.78003474	-303.873783224	16.0545560348
19.1	1207.24080289	-304.52481563	16.6971472091
19.15	1115.15850847	-303.235940445	15.4235722756
19.2	1264.07903886	-305.337367515	17.4832674188
19.25	1157.44103916	-303.803312405	16.008374941
19.3	1092.01385308	-302.922275635	15.1034623877
19.35	1109.59438915	-303.18454129	15.3466158645
19.4	1040.44139904	-302.168263775	14.3901723339
19.45	1297.49132314	-305.774818602	17.945387178
19.5	1253.76675658	-305.172276551	17.3406399539
19.55	1057.28942261	-302.425416101	14.6231945521
19.6	1203.85933842	-304.468846085	16.6503787352
19.65	1161.47567558	-303.851890268	16.0641773278
19.7	1181.02443835	-304.16956253	16.3345530217
19.75	1097.9694304	-302.992822324	15.1858329893
19.8	1217.13447009	-304.644438308	16.8339848784
19.85	1126.77671923	-303.384518576	15.5842618206
19.9	1224.51631321	-304.767984465	16.9360819255
19.95	1240.27905671	-304.998195966	17.1540938152
20.0	1152.44898768	-303.763897915	15.9393307054
20.05	1102.65045729	-303.042352048	15.2505754953
20.1	1195.70446628	-304.354894858	16.5375900518
20.15	1078.16475099	-302.720184345	14.9119177548
20.2	1160.4688569	-303.866991963	16.0502521857
20.25	1270.78999007	-305.410722766	17.5760854713
20.3	1174.58231794	-304.061144989	16.2454531233
20.35	1059.90777173	-302.451913402	14.6594085043
20.4	1253.01969684	-305.203445522	17.3303074945
20.45	1176.81074888	-304.105394377	16.2762741819
20.5	1209.74806067	-304.563648923	16.7318246753
20.55	1097.52289889	-302.979133739	15.1796570861
20.6	1271.24745546	-305.411410549	17.5824125992
20.65	1158.30439875	-303.842440681	16.0203159242
20.7	1143.21810776	-303.623182369	15.8116599371
20.75	1095.42683671	-302.946185521	15.1506667979
20.8	1183.70522271	-304.216414513	16.3716305052
20.85	1182.32929065	-304.178086358	16.3526002173
20.9	1196.46631645	-304.371224766	16.5481270751
20.95	1129.02412367	-303.412443677	15.6153452985
21.0	1191.52341923	-304.288519165	16.479762684
21.05	1249.53586724	-305.138578742	17.2821232254
21.1	1098.79925651	-303.009073569	15.1973101765
21.15	1182.99737611	-304.187865129	16.3618403964
21.2	1128.46805781	-303.420225192	15.6076544438
21.25	1183.21742216	-304.189914867	16.3648838168
21.3	1061.81475813	-302.467526668	14.6857837168
21.35	1332.18281596	-306.267843126	18.4251994583
21.4	1094.03928088	-302.9092622	15.1314757435
21.45	1082.91433287	-302.782574812	14.9776084336
21.5	1184.18409185	-304.1940237	16.3782536649
21.55	1154.42076098	-303.776446147	15.9666019746
21.6	1302.0001438	-305.874995092	18.0077479284
21.65	1195.74220772	-304.368399606	16.5381120474
21.7	1116.25520995	-303.244288304	15.4387405718
21.75	1203.24678023	-304.443693394	16.6419065444
21.8	1175.18568405	-304.078367198	16.2537981798
21.85	1039.81097126	-302.20505276	14.381452992
21.9	1124.24877321	-303.354687254	15.5492982188
21.95	1299.05681703	-305.780072913	17.9670392643
22.0	1245.33887521	-305.058142487	17.2240753251
22.05	1099.04302385	-303.013686865	15.2006816821
22.1	1056.15224177	-302.423406769	14.6074663926
22.15	1110.24432094	-303.168696585	15.3556049634
22.2	1242.47445586	-305.017119205	17.1844580164
22.25	1267.94860285	-305.367370026	17.5367867161
22.3	1097.095674	-302.941959347	15.1737482095
22.35	1195.83784531	-304.367244412	16.539434795
22.4	1134.52141361	-303.511203158	15.6913774034
22.45	1169.63648288	-303.993592368	16.1770480993
22.5	1108.10867566	-303.153801217	15.3260672078
22.55	1223.1332893	-304.764465116	16.9169535514
22.6	1230.68818263	-304.835168541	17.0214440274
22.65	1186.95083603	-304.235028837	16.4165200445
22.7	1111.87655794	-303.159511814	15.3781801624
22.75	1201.89687386	-304.477287692	16.6232362134
22.8	1155.51304588	-303.81693663	15.9817091859
22.85	1208.11721558	-304.528061865	16.7092687276
22.9	1198.63654183	-304.398011908	16.5781431022
22.95	1081.51719006	-302.753664517	14.9582847832
23.0	1118.28775014	-303.301609863	15.4668522978
23.05	1224.85286285	-304.772191083	16.9407366877
23.1	1258.26329768	-305.229622008	17.4028308676
23.15	1067.97215256	-302.567703709	14.7709456173
23.2	1147.22126013	-303.68313689	15.8670268731
23.25	1194.60474177	-304.323797083	16.5223799446
23.3	1197.04542034	-304.363899622	16.5561365649
23.35	1204.77127447	-304.498814612	16.6629915713
23.4	1113.27165814	-303.22620551	15.3974755618
23.45	1102.84253765	-303.03799132	15.253232127
23.5	1277.13046195	-305.502355266	17.6637794858
23.55	1184.54610809	-304.206010661	16.3832606513
23.6	1082.84898217	-302.753320686	14.9767045789
23.65	1177.3140511	-304.103184344	16.2832352713
23.7	1206.91880378	-304.526939209	16.6926936928
23.75	1224.45926089	-304.789134749	16.9352928444
23.8	1073.59736473	-302.679161542	14.8487469934
23.85	1224.5363941	-304.786588292	16.9363596611
23.9	1182.64451849	-304.146882682	16.3569600811
23.95	1189.49260051	-304.27703497	16.4516747671
24.0	1249.38283839	-305.129261244	17.2800067088
24.05	1150.28776392	-303.702454993	15.9094391782
24.1	1163.11888776	-303.906504252	16.0869043227
24.15	1107.89185984	-303.145895497	15.3230684642
24.2	1114.99271802	-303.231555571	15.4212792554
24.25	1316.28757151	-306.039634578	18.20535497
24.3	1106.88112316	-303.113162994	15.3090891329
24.35	999.927855278	-301.621545033	13.8298362332
24.4	1228.65779353	-304.815184842	16.9933620526
24.45	1289.75647246	-305.66897388	17.8384077418
24.5	1155.61747482	-303.804311703	15.9831535252
24.55	1064.7464502	-302.528997138	14.7263314633
24.6	1174.51648506	-304.069142986	16.2445425996
24.65	1171.97431009	-304.023860828	16.2093821995
24.7	1174.61766463	-304.044725852	16.2459419975
24.75	1203.85770141	-304.482102325	16.6503560939
24.8	1156.92806969	-303.817977124	16.0012801453
24.85	1127.74726137	-303.396776474	15.5976852279
24.9	1111.7449236	-303.204879026	15.3763595497
24.95	1204.08475613	-304.495621441	16.6534964501
25.0	1196.61658	-304.365257158	16.5502053454
25.05	1170.07753399	-303.996442687	16.183148204
25.1	1139.53918425	-303.585811039	15.7607773564
25.15	1138.01265774	-303.554664898	15.7396642216
25.2	1276.39983668	-305.49120361	17.6536743289
25.25	1149.40111299	-303.710797301	15.8971760563
25.3	1181.68256606	-304.174423929	16.3436554768
25.35	1148.04550274	-303.713599123	15.8784268358
25.4	1202.65952103	-304.458711805	16.63378426
25.45	1125.70892056	-303.37998355	15.5694932745
25.5	1204.70097425	-304.48704002	16.6620192607
25.55	1216.1108485	-304.61956161	16.819827338
25.6	1249.72975047	-305.139125893	17.2848047923
25.65	1023.34293364	-301.970225397	14.1536862964
25.7	1176.95142159	-304.099682485	16.2782198028
25.75	1221.90169286	-304.713485682	16.8999195454
25.8	1195.2365707	-304.324166287	16.5311186657
25.85	1156.18723123	-303.803293564	15.9910337316
25.9	1119.12906651	-303.291153787	15.478488405
25.95	1222.26148861	-304.72892634	16.9048958206
26.0	1170.78777487	-304.003486006	16.1929714277
26.05	1085.12121112	-302.825763674	15.0081314005
26.1	1163.59337859	-303.930557793	16.0934669267
26.15	1155.96014239	-303.805127627	15.9878929035
26.2	1211.16432619	-304.540924414	16.7514128088
26.25	1276.16924246	-305.478954208	17.6504850184
26.3	1043.42257075	-302.237922968	14.4314044252
26.35	1105.25870363	-303.085828265	15.2866497177
26.4	1203.68880265	-304.452248514	16.6480200832
26.45	1210.85441173	-304.556769092	16.7471264334
26.5	1111.49157827	-303.173688734	15.3728555724
26.55	1211.71545788	-304.602402632	16.7590354197
26.6	1151.7929269	-303.731799038	15.9302568376
26.65	1144.52244808	-303.643738375	15.8297000515
26.7	1127.20316836	-303.410559925	15.5901599678
26.75	1159.42495926	-303.859701058	16.0358142106
26.8	1200.61073901	-304.430728899	16.6054478958
26.85	1199.03667448	-304.396859125	16.5836772705
26.9	1113.83694993	-303.214483011	15.4052940187
26.95	1229.29245041	-304.833438038	17.0021398866
27.0	1103.08984872	-303.04622726	15.2566526453
27.05	1198.82806166	-304.392324927	16.5807919812
27.1	1099.19328427	-302.982799164	15.202759909
27.15	1112.61435628	-303.19145471	15.3883845288
27.2	1154.62358124	-303.772989447	15.969407148
27.25	1105.35879568	-303.076921596	15.2880340741
27.3	1197.96209501	-304.368084611	16.5688149401
27.35	1194.73974987	-304.356529463	16.5242472193
27.4	1242.16203079	-305.025142808	17.1801369172
27.45	1156.26595856	-303.787270181	15.9921225962
27.5	1182.18905445	-304.182716482	16.3506606336
27.55	993.66645219	-301.52568339	13.7432358062
27.6	1161.24685943	-303.86622728	16.0610126096
27.65	1208.7796244	-304.531250752	16.718430394
27.7	1212.20583992	-304.580894308	16.7658178123
27.75	1185.9964765	-304.224160697	16.4033204562
27.8	1140.08625858	-303.575486146	15.7683438507
27.85	1207.06474498	-304.553765938	16.6947121813
27.9	1168.11024688	-303.982244278	16.1559389824
27.95	1176.6075348	-304.080053448	16.2734635615
28.0	1079.60239485	-302.7378959	14.9318015684
28.05	1271.4808451	-305.442269123	17.5856405725
28.1	1188.8154273	-304.25629644	16.442308897
28.15	1141.04838663	-303.599376571	15.7816508841
28.2	1219.65398694	-304.722014473	16.8688318977
28.25	1172.4253916	-304.05305337	16.215621033
28.3	1237.5075886	-304.980283453	17.1157620997
28.35	1020.5393799	-301.892793221	14.1149108099
28.4	1221.56378563	-304.708750905	16.8952460066
28.45	1223.22479821	-304.725105265	16.918219196
28.5	1213.67756333	-304.619834699	16.7861729746
28.55	1112.20498593	-303.228262287	15.3827225955
28.6	1115.85761124	-303.233124129	15.4332414499
28.65	1138.54326017	-303.558126699	15.7470028957
28.7	1129.68722879	-303.436612423	15.6245165954
28.75	1210.49783768	-304.545242704	16.7421947168
28.8	1251.97414957	-305.116627928	17.3158467038
28.85	1071.33795329	-302.603254582	14.8174974488
28.9	1184.63646938	-304.227667161	16.3845104235
28.95	1179.99989289	-304.139949752	16.3203827033
29.0	1129.09579371	-303.413238043	15.616336555
29.05	1179.35117082	-304.131169764	16.3114103361
29.1	1149.45336619	-303.723688561	15.8978987616
29.15	1206.32146866	-304.524715227	16.6844320499
29.2	1157.84007932	-303.818811921	16.0138939992
29.25	1091.65678165	-302.8810154	15.0985237919
29.3	1267.43234203	-305.373580081	17.5296463984
29.35	1146.78403228	-303.659892446	15.8609796473
29.4	1245.93463416	-305.073923331	17.2323151683
29.45	1106.15788036	-303.125084231	15.2990860818
29.5	1134.98684021	-303.520310587	15.6978146415
29.55	1194.84843137	-304.345320153	16.525750375
29.6	1217.47059135	-304.654302558	16.8386337156
29.65	1162.12755899	-303.880600636	16.073193419
29.7	1081.2160133	-302.736436694	14.9541192575
29.75	1199.37857865	-304.423500188	16.5884060904
29.8	1152.27674231	-303.772642427	15.9369484082
29.85	1108.98668249	-303.134013812	15.3382107746
29.9	1206.74504523	-304.516169235	16.6902904672
29.95	1240.43315979	-304.973073486	17.1562251892
30.0	1186.50498572	-304.221195114	16.4103535629
30.05	986.105168456	-301.423946407	13.6386569456
30.1	1143.0277174	-303.619679636	15.8090266795
30.15	1263.88983205	-305.314934012	17.4806505307
30.2	1197.39624709	-304.399649799	16.5609887915
30.25	1198.29459005	-304.402570956	16.5734136238
30.3	1168.20473765	-303.962304969	16.1572458685
30.35	1235.46046888	-304.912167805	17.0874487264
30.4	1041.45153543	-302.21037317	14.4041433627
30.45	1078.5299535	-302.734069677	14.9169688101
30.5	1209.97226971	-304.562792676	16.7349256734
30.55	1186.86853773	-304.223470884	16.4153817903
30.6	1286.086107	-305.621491703	17.7876435263
30.65	1153.14229967	-303.758303502	15.9489197885
30.7	1089.56894914	-302.878963019	15.0696473269
30.75	1193.16874517	-304.340217365	16.502518914
30.8	1171.15846311	-303.9965664	16.1980983553
30.85	1265.21986023	-305.332025349	17.4990459299
30.9	1044.83926454	-302.250122949	14.4509984819
30.95	1137.76579966	-303.557686593	15.7362499685
31.0	1217.65193968	-304.66765189	16.8411419144
31.05	1211.42334432	-304.585479762	16.7549952455
31.1	1062.74605269	-302.492207441	14.6986642972
31.15	1329.83930474	-306.243991029	18.3927867435
31.2	1135.46769844	-303.493219167	15.7044653118
31.25	1147.90702284	-303.69309822	15.8765115434
31.3	1113.11911808	-303.200666052	15.3953658056
31.35	1247.4876372	-305.095195015	17.2537944956
31.4	1133.46762296	-303.470262467	15.6768025997
31.45	1198.80442618	-304.415991438	16.5804650828
31.5	1047.56420102	-302.271633144	14.4886866262
31.55	1179.83874948	-304.142280777	16.3181539556
31.6	1211.85240131	-304.598378096	16.7609294616
31.65	1207.57063683	-304.531547126	16.7017090875
31.7	1284.88447096	-305.639767602	17.7710238976
31.75	1039.55390797	-302.181751873	14.3778975923
31.8	1158.57363678	-303.834437675	16.0240397107
31.85	1315.12295064	-306.032481975	18.1892472921
31.9	1115.35179347	-303.255071014	15.4262455683
31.95	1153.07124257	-303.764918745	15.9479370095
32.0	1194.56034929	-304.330743725	16.5217659596
32.05	1217.6117977	-304.673796744	16.8405867173
32.1	1129.79969924	-303.453611955	15.6260721555
32.15	1165.15286597	-303.947636658	16.1150359379
32.2	1191.51380609	-304.299297625	16.4796297261
32.25	1138.26358155	-303.525379978	15.7431347072
32.3	1177.58423458	-304.137247745	16.2869721342
32.35	1153.35927941	-303.776373203	15.9519207992
32.4	1299.59742044	-305.794122643	17.9745162603
32.45	1044.16290508	-302.24060789	14.4416438664
32.5	1227.24057926	-304.834756098	16.9737607972
32.55	1093.37121943	-302.914832357	15.1222358963
32.6	1170.02820965	-303.97803039	16.1824660072
32.65	1177.1270222	-304.078118627	16.2806485056
32.7	1171.21871068	-304.011703085	16.1989316294
32.75	1108.45590341	-303.132802864	15.3308696573
32.8	1205.42903178	-304.524935408	16.6720889035
32.85	1071.53094892	-302.60100706	14.8201667393
32.9	1183.74413629	-304.194059198	16.3721687125
32.95	1187.09205702	-304.244746754	16.4184732485
33.0	1186.58959144	-304.235949542	16.4115237305
33.05	1245.11256309	-305.059058985	17.2209452399
33.1	1130.02092993	-303.430929336	15.6291319605
33.15	1129.63502341	-303.442113929	15.6237945515
33.2	1086.44632061	-302.793372402	15.02645877
33.25	1224.10566526	-304.763372466	16.9304023219
33.3	1164.94419135	-303.943491017	16.1121497938
33.35	1184.85271943	-304.205716756	16.3875013419
33.4	1241.15276128	-305.027215067	17.166177878
33.45	1095.95203316	-302.968144018	15.1579307028
33.5	1179.1098954	-304.120364071	16.3080732958
33.55	1214.23155424	-304.612663645	16.793835131
33.6	1170.40129712	-304.014685012	16.1876261181
33.65	1156.87231263	-303.835315877	16.0005089787
33.7	1154.02285931	-303.767064657	15.9610986627
33.75	1149.59140395	-303.694330644	15.899807939
33.8	1229.5805484	-304.826610223	17.0061245221
33.85	1121.31726072	-303.308100156	15.508752956
33.9	1235.81960442	-304.932282734	17.0924158705
33.95	1135.90187326	-303.517678075	15.7104703118
34.0	1139.86369802	-303.568790611	15.7652656525
34.05	1208.83066936	-304.546371313	16.7191363884
34.1	1071.88366035	-302.634437103	14.8250450325
34.15	1182.30697288	-304.179783284	16.3522915438
34.2	1141.64254414	-303.59219337	15.7898685781
34.25	1133.52803791	-303.47684238	15.6776381889
34.3	1164.22527742	-303.900669425	16.1022066145
34.35	1187.02383534	-304.234937668	16.4175296858
34.4	1182.45163419	-304.163449103	16.3542923305
34.45	1199.2564166	-304.407381639	16.5867164872
34.5	1170.21764109	-303.98721627	16.1850860021
34.55	1060.25271183	-302.439091138	14.6641793137
34.6	1163.94805729	-303.929827508	16.0983724289
34.65	1106.18038479	-303.092293019	15.2993973368
34.7	1178.51241894	-304.094774403	16.299809698
34.75	1179.5808325	-304.132797294	16.3145867487
34.8	1239.88548615	-304.987252466	17.148650406
34.85	1051.56552592	-302.338188719	14.5440282869
34.9	1201.33948952	-304.439935906	16.6155271231
34.95	1204.81291038	-304.505430445	16.6635674307
35.0	1159.61585838	-303.870167679	16.0384545046
35.05	1227.83396069	-304.823227771	16.9819677573
35.1	1218.48161222	-304.683569733	16.8526169776
35.15	1081.13940131	-302.749862914	14.9530596497
35.2	1180.69477411	-304.175111094	16.3299934902
35.25	1142.05555698	-303.595949265	15.7955808901
35.3	1312.83680223	-305.998522657	18.1576279529
35.35	1097.85026743	-303.000295526	15.184184866
35.4	1213.98665492	-304.666892754	16.790447969
35.45	1127.04608971	-303.387649563	15.5879874391
35.5	1248.8191528	-305.096219038	17.2722104669
35.55	1232.52699623	-304.894915229	17.0468763531
35.6	1060.37385527	-302.469270776	14.6658548284
35.65	1198.61946321	-304.392800862	16.5779068906
35.7	1194.48900553	-304.326371692	16.5207792159
35.75	1168.33553723	-303.987772785	16.1590549359
35.8	1078.153132	-302.708910828	14.9117570545
35.85	1198.61094016	-304.387723257	16.5777890097
35.9	1178.07770873	-304.114760776	16.2937972933
35.95	1131.17382351	-303.468371713	15.6450774403
36.0	1097.96285062	-302.98610336	15.1857419854
36.05	1313.12982423	-306.003892665	18.1616806915
36.1	1191.1341855	-304.298018337	16.4743792569
36.15	1008.92525941	-301.734938009	13.9542778367
36.2	1282.51476303	-305.589685413	17.7382488604
36.25	1103.65644983	-303.059478023	15.2644892113
36.3	1198.46464843	-304.411935078	16.5757656732
36.35	1159.7905059	-303.837042185	16.0408700256
36.4	1180.1175136	-304.148222547	16.3220094959
36.45	1154.08361288	-303.76811146	15.9619389352
36.5	1175.55246768	-304.080854941	16.2588711033
36.55	1128.05962286	-303.432546185	15.6020054478
36.6	1184.42831295	-304.199356317	16.3816314464
36.65	1213.47073722	-304.596293518	16.783312397
36.7	1183.62541683	-304.192247761	16.3705267233
36.75	1163.00398623	-303.906356664	16.0853151387
36.8	1091.44091556	-302.90319467	15.0955381838
36.85	1238.54756839	-304.986299487	17.1301458875
36.9	1128.49820566	-303.398886952	15.6080714138
36.95	1180.93898416	-304.140465135	16.333371119
37.0	1231.57506183	-304.849722382	17.0337103064
37.05	1249.68117153	-305.12172103	17.284132905
37.1	1019.54610577	-301.890750511	14.1011730003
37.15	1125.55776284	-303.377062885	15.5674026371
37.2	1169.46988484	-303.982037988	16.1747439094
37.25	1333.36359045	-306.297529856	18.4415305544
37.3	1071.56914659	-302.614436379	14.8206950449
37.35	1212.34537805	-304.585461916	16.767747741
37.4	1244.15827702	-305.043729819	17.2077466675
37.45	1164.4392207	-303.937612211	16.1051656286
37.5	1066.1820869	-302.548586795	14.7461875163
37.55	1177.05130494	-304.081649082	16.2796012727
37.6	1220.62691989	-304.706214359	16.882288372
37.65	1212.97953946	-304.622977248	16.7765187223
37.7	1071.48241708	-302.622711398	14.8194955034
37.75	1157.95200701	-303.825514528	16.0154420525
37.8	1274.04337001	-305.45941882	17.6210824293
37.85	1062.96247439	-302.499364404	14.7016575899
37.9	1165.54437683	-303.949457269	16.1204508596
37.95	1280.03098055	-305.547299328	17.7038960771
38.0	1102.84486173	-303.055005589	15.2532642709
38.05	1231.4161515	-304.876977386	17.031512444
38.1	987.948842544	-301.432241479	13.664156496
38.15	1261.86034913	-305.286291363	17.4525810894
38.2	1173.93481452	-304.048028035	16.236497611
38.25	1200.18386499	-304.422060388	16.5995438721
38.3	1094.87737572	-302.922464497	15.143067294
38.35	1223.37805965	-304.745113982	16.9203389294
38.4	1138.53116643	-303.557738195	15.7468356292
38.45	1193.58373152	-304.323152759	16.5082585213
38.5	1135.55014583	-303.503181262	15.7056056281
38.55	1226.58428105	-304.775248478	16.9646836456
38.6	1065.54269083	-302.536578019	14.7373441352
38.65	1254.00382193	-305.200298232	17.3439187654
38.7	1205.64904117	-304.506404477	16.6751318169
38.75	1165.42853979	-303.934338727	16.1188487367
38.8	1196.37827244	-304.375658185	16.5469093531
38.85	1095.23065523	-302.959892888	15.1479534443
38.9	1270.78351736	-305.426094444	17.5759959484
38.95	1194.36543703	-304.347596814	16.5190701605
39.0	1011.72461393	-301.790540193	13.9929952445
39.05	1206.94886575	-304.515670549	16.693109475
39.1	1219.05444192	-304.665397683	16.8605396901
39.15	1219.61981594	-304.717177487	16.8683592843
39.2	1174.71721813	-304.081583731	16.2473189054
39.25	1077.06130218	-302.683456297	14.8966561374
39.3	1185.64304979	-304.208372547	16.39843227
39.35	1130.58678963	-303.442599388	15.636958272
39.4	1204.84943656	-304.471970796	16.6640726183
39.45	1221.61742493	-304.70892598	16.8959878828
39.5	1041.9409727	-302.203173592	14.4109126885
39.55	1174.30176339	-304.060888814	16.2415728198
39.6	1268.57328687	-305.3843925	17.5454266172
39.65	1192.84492224	-304.341974363	16.4980401727
39.7	1131.69625678	-303.469012834	15.6523031281
39.75	1220.04629922	-304.702459219	16.8742579038
39.8	1232.86900109	-304.879254133	17.0516065655
39.85	1105.19334662	-303.109477159	15.2857457757
39.9	1165.29303133	-303.966834491	16.1169745417
39.95	1146.88256064	-303.668037166	15.8623423766
40.0	1244.43601185	-305.051993121	17.2115879718
40.05	1194.33459615	-304.345637017	16.5186436054
40.1	1049.95484121	-302.307614032	14.521751174
40.15	1262.08652737	-305.297609232	17.455709323
40.2	1218.09846358	-304.686023392	16.8473177123
40.25	1260.45992079	-305.277314107	17.4332119973
40.3	1082.75923576	-302.763851056	14.9754633112
40.35	1205.12917523	-304.509608621	16.6679416373
40.4	1154.23257593	-303.800176382	15.9639992184
40.45	1066.75407321	-302.536347307	14.754098564
40.5	1245.95959538	-305.08838551	17.2326604028
40.55	1197.00043116	-304.376680995	16.5555143271
40.6	1208.12042779	-304.523910161	16.7093131551
40.65	1172.42872815	-304.030928246	16.2156671802
40.7	1065.26485085	-302.493517013	14.7335013766
40.75	1222.06699334	-304.725519387	16.9022057888
40.8	1154.56966168	-303.78752463	15.9686613955
40.85	1252.71686793	-305.15061678	17.3261191181
40.9	1123.0153196	-303.320419822	15.5322385265
40.95	1140.08803492	-303.565231624	15.7683684189
41.0	1094.48357532	-302.930369237	15.1376207061
41.05	1199.03782927	-304.424792319	16.5836932422
41.1	1046.86754767	-302.274564644	14.4790513293
41.15	1193.18949457	-304.32594562	16.5028058955
41.2	1180.95600649	-304.13421829	16.3336065519
41.25	1154.93949963	-303.793897394	15.9737765628
41.3	1146.29388893	-303.665089624	15.854200556
41.35	1129.78441948	-303.442317266	15.6258608236
41.4	1218.20909674	-304.686745273	16.8488478612
41.45	1250.51215289	-305.128519033	17.2956260703
41.5	1094.50723414	-302.951386816	15.1379479273
41.55	1144.4179216	-303.664467004	15.8282543631
41.6	1112.43541727	-303.188365212	15.3859096531
41.65	1262.08714733	-305.293357642	17.4557178976
41.7	1179.94373556	-304.150454425	16.3196060007
41.75	1171.02665888	-304.016857064	16.1962753929
41.8	1237.16990782	-304.928407206	17.1110916928
41.85	1152.39660008	-303.761259522	15.9386061412
41.9	1188.35878436	-304.271514248	16.4359931441
41.95	1134.6304517	-303.509241165	15.6928854911
42.0	1278.88954435	-305.546767536	17.6881090625
42.05	1079.26756057	-302.739363237	14.9271705311
42.1	1136.37091975	-303.543217105	15.7169576159
42.15	1192.2938622	-304.293869093	16.4904185528
42.2	1181.7320632	-304.159628049	16.3443400635
42.25	1109.26281754	-303.154197307	15.3420299527
42.3	1212.55530632	-304.607453998	16.7706512241
42.35	1224.53704774	-304.755124266	16.9363687013
42.4	1141.36103684	-303.591911415	15.7859750973
42.45	1164.77402026	-303.9387942	16.1097961858
42.5	1141.16444001	-303.604078034	15.7832559991
42.55	1226.38104119	-304.775600125	16.9618726688
42.6	1156.99172006	-303.822352227	16.002160483
42.65	1142.18608214	-303.618718335	15.7973861619
42.7	1187.59201958	-304.240459257	16.4253881477
42.75	1145.50528311	-303.670712135	15.8432934798
42.8	1071.60478974	-302.602084727	14.8211880194
42.85	1278.25147803	-305.508862386	17.679284073
42.9	1171.20899531	-304.007989978	16.1987972578
42.95	1144.79927313	-303.634061947	15.8335287728
43.0	1197.52542084	-304.400173472	16.5627753722
43.05	1097.23727472	-302.970376434	15.1757066655
43.1	1218.28222624	-304.660184248	16.8498593032
43.15	1091.53912261	-302.882274919	15.0968964693
43.2	1240.99698983	-304.990530841	17.1640234289
43.25	1169.88482888	-303.973376365	16.1804829317
43.3	1150.10914494	-303.706216026	15.9069687286
43.35	1180.49175551	-304.163208232	16.3271855736
43.4	1124.02525043	-303.35369324	15.5462067122
43.45	1191.28917847	-304.286755485	16.4765229388
43.5	1188.75815077	-304.257989884	16.4415167147
43.55	1210.03480647	-304.571284237	16.735790609
43.6	1141.08248736	-303.599425636	15.7821225257
43.65	1163.93776159	-303.922301705	16.0982300309
43.7	1122.03704925	-303.342543363	15.5187082317
43.75	1254.81407388	-305.186072338	17.3551252256
43.8	1140.83818317	-303.576316303	15.778743595
43.85	1087.26947201	-302.832238571	15.0378436404
43.9	1201.15545124	-304.413818337	16.6129817202
43.95	1213.56744891	-304.614363054	16.7846500004
44.0	1160.7081182	-303.890319994	16.053561369
44.05	1197.08390023	-304.406704564	16.5566687739
44.1	1204.20592195	-304.494479827	16.6551722745
44.15	1092.39481382	-302.911920816	15.1087313923
44.2	1066.42100503	-302.546016885	14.7494919532
44.25	1290.2412278	-305.684255636	17.8451123124
44.3	1259.4471723	-305.261306886	17.4192048411
44.35	1148.57825958	-303.716326516	15.8857953073
44.4	1138.26633676	-303.544042834	15.743172814
44.45	1167.14104466	-303.962960019	16.1425341073
44.5	1055.35641539	-302.382130311	14.59645945
44.55	1254.35819119	-305.187520619	17.3488199877
44.6	1134.83167887	-303.496733494	15.6956686306
44.65	1209.40293298	-304.557589397	16.7270512716
44.7	1201.27544669	-304.437068234	16.6146413574
44.75	1203.7189089	-304.46919813	16.6484364778
44.8	1210.02059199	-304.570919636	16.7355940109
44.85	1094.92899816	-302.969357981	15.1437812754
44.9	1060.15998811	-302.468499277	14.6628968672
44.95	1303.3034238	-305.87694659	18.0257733778
45.0	1156.55256102	-303.801345286	15.9960865473
45.05	1180.74631965	-304.142054713	16.330706408
45.1	1222.25351951	-304.723991124	16.9047856014
45.15	1082.22781092	-302.759533801	14.9681132625
45.2	1169.92570698	-304.02991434	16.1810483098
45.25	1169.81976872	-303.997993499	16.1795830953
45.3	1126.38247727	-303.362175296	15.5788091255
45.35	1211.85866308	-304.60571839	16.7610160671
45.4	1080.75079009	-302.751363145	14.9476848325
45.45	1284.50268505	-305.601678972	17.7657434801
45.5	1176.7163511	-304.077949263	16.2749685817
45.55	1119.12895103	-303.273209918	15.4784868077
45.6	1158.98825168	-303.834207352	16.0297741805
45.65	1171.3812714	-304.008704449	16.2011799798
45.7	1106.36635836	-303.116839098	15.3019695064
45.75	1232.61472827	-304.890241033	17.0480897604
45.8	1179.83667099	-304.112039921	16.3181252083
45.85	1140.43021018	-303.578812574	15.7731009883
45.9	1173.3803273	-304.058848228	16.2288285902
45.95	1107.6967793	-303.118646378	15.3203703377
46.0	1067.0100545	-302.538672499	14.7576389986
46.05	1258.15773091	-305.209045965	17.4013707911
46.1	1116.21497306	-303.210216764	15.438184062
46.15	1261.79612709	-305.296874318	17.4516928449
46.2	1177.75466834	-304.115240474	16.2893293752
46.25	1263.14305234	-305.299204654	17.4703219445
46.3	1010.70227888	-301.771955695	13.9788554981
46.35	1129.8488804	-303.478886989	15.6267523719
46.4	1209.5737469	-304.562714383	16.7294137706
46.45	1222.57906454	-304.756515802	16.9092881607
46.5	1075.88986573	-302.687649515	14.8804541942
46.55	1338.52070158	-306.346892329	18.5128577026
46.6	1184.57201149	-304.195688451	16.383618917
46.65	1059.18427362	-302.444492185	14.649401922
46.7	1154.49763126	-303.780092576	15.9676651547
46.75	1142.20075096	-303.634179088	15.797589044
46.8	1232.0911593	-304.893441178	17.0408483647
46.85	1202.37181313	-304.417736175	16.6298050197
46.9	1263.70910808	-305.305287349	17.4781509676
46.95	1062.80656378	-302.503606653	14.6995012161
47.0	1073.06900798	-302.648782882	14.8414393788
47.05	1188.56026505	-304.27174557	16.4387797901
47.1	1143.78234103	-303.618009465	15.8194637537
47.15	1197.88856767	-304.379295663	16.5677979958
47.2	1214.14413645	-304.611434766	16.79262607
47.25	1237.4029228	-304.946041074	17.1143144844
47.3	1025.97526734	-301.99865374	14.190093667
47.35	1208.97639468	-304.567296487	16.7211518912
47.4	1138.26339051	-303.560807742	15.743132065
47.45	1230.94115293	-304.880008266	17.0249428176
47.5	1187.73118775	-304.230258549	16.4273129597
47.55	1184.04310482	-304.194117681	16.3763036967
47.6	1197.48563093	-304.396369127	16.5622250445
47.65	1076.99675633	-302.683719962	14.8957634146
47.7	1167.92752473	-303.974527489	16.1534117827
47.75	1178.62316219	-304.108381735	16.3013413696
47.8	1132.02926174	-303.472812364	15.6569088645
47.85	1198.43478201	-304.406875732	16.5753525956
47.9	1234.9759074	-304.909705435	17.080746837
47.95	1158.84160625	-303.842388162	16.027745952
48.0	1196.36534359	-304.36991754	16.5467305363
48.05	1047.75875147	-302.285515494	14.4913774212
48.1	1267.89197331	-305.386038218	17.5360034825
48.15	1171.87142607	-304.013199548	16.2079592277
48.2	1092.37928276	-302.912594764	15.1085165849
48.25	1163.58644804	-303.904670703	16.0933710715
48.3	1179.39080182	-304.140853268	16.3119584659
48.35	1285.7670113	-305.643826766	17.7832301666
48.4	1147.6879811	-303.684399746	15.8734820134
48.45	1184.67902045	-304.217137874	16.3850989402
48.5	1079.45286142	-302.705521326	14.9297333964
48.55	1198.66240845	-304.402878972	16.5785008591
48.6	1175.39577284	-304.055873151	16.256703883
48.65	1140.39444489	-303.571929688	15.7726063244
48.7	1108.56539692	-303.157330189	15.3323840438
48.75	1072.51617487	-302.630790694	14.8337932358
48.8	1181.1554799	-304.147193389	16.3363654355
48.85	1172.28658291	-304.025245826	16.213701193
48.9	1136.09973706	-303.525511551	15.7132069331
48.95	1188.87502556	-304.241553456	16.4431331906
49.0	1209.22883758	-304.552940148	16.724643387
49.05	1207.3147306	-304.540694192	16.6981696909
49.1	1113.98060529	-303.206542248	15.4072808921
49.15	1093.78110851	-302.938051916	15.1279050042
49.2	1146.04232739	-303.669653129	15.85072125
49.25	1311.82870691	-305.990296468	18.1436851538
49.3	1157.38480868	-303.815154642	16.0075972265
49.35	1084.12841555	-302.805603129	14.9944002097
49.4	1176.56105407	-304.077341763	16.2728206943
49.45	1235.25398986	-304.922412811	17.0845929495
49.5	1140.73401542	-303.595615585	15.7773028681
49.55	1157.15311542	-303.819208201	16.0043927155
49.6	1211.92063331	-304.583743066	16.761873167
49.65	1197.43031443	-304.374604501	16.5614599713
49.7	1106.47576648	-303.110000157	15.303482712
49.75	1108.73359426	-303.14202099	15.3347103533
49.8	1247.09438924	-305.072476343	17.2483555484
49.85	1201.04131157	-304.432860541	16.6114030734
49.9	1169.97629435	-304.024945755	16.1817479754
49.95	1110.66202698	-303.187769044	15.3613821862
50.0	1133.66959259	-303.500881034	15.6795960083
50.05	1215.91290391	-304.630561885	16.8170895992
50.1	1109.150782	-303.121401044	15.3404804078
50.15	1221.15053448	-304.693788228	16.8895303985
50.2	1247.73420507	-305.079890458	17.2572047349
50.25	1047.87009107	-302.276500275	14.4929173407
50.3	1115.32189147	-303.249075961	15.4258319987
50.35	1181.7230644	-304.168323078	16.3442156026
50.4	1216.58742807	-304.640532254	16.8264188309
50.45	1119.60310678	-303.271587133	15.4850447773
50.5	1288.92712391	-305.677311622	17.8269371597
50.55	1159.50924187	-303.852999918	16.0369799095
50.6	1154.67517827	-303.800749326	15.970120778
50.65	1123.38685616	-303.367286182	15.537377187
50.7	1154.33375428	-303.77883445	15.9653985994
50.75	1192.7726296	-304.303798572	16.4970403052
50.8	1141.9539074	-303.587606274	15.7941749916
50.85	1181.73684715	-304.178037985	16.3444062295
50.9	1166.95507908	-303.963718639	16.1399620484
50.95	1117.32542864	-303.271043754	15.4535425889
51.0	1224.71516926	-304.758955968	16.9388322706
51.05	1194.70983581	-304.337585192	16.5238334828
51.1	1213.56920122	-304.609695397	16.7846742362
51.15	1166.33072654	-303.950160364	16.1313267319
51.2	1113.66761563	-303.217774904	15.4029519841
51.25	1109.03749732	-303.120554281	15.3389135861
51.3	1249.84782132	-305.104067381	17.2864378106
51.35	1147.87149327	-303.694536818	15.8760201398
51.4	1154.27415507	-303.783138349	15.9645742926
51.45	1124.34838344	-303.351865262	15.5506759112
51.5	1182.68042842	-304.164203323	16.3574567455
51.55	1139.38446916	-303.554752563	15.7586375177
51.6	1260.44586264	-305.282246014	17.4330175613
51.65	1144.69228211	-303.635534675	15.8320489977
51.7	1220.45454278	-304.699549286	16.8799042528
51.75	1205.82605544	-304.505450331	16.6775800719
51.8	1074.11097645	-302.636863376	14.8558506719
51.85	1109.89478887	-303.139459282	15.3507706433
51.9	1155.32742702	-303.790431332	15.9791419222
51.95	1183.62560399	-304.204750711	16.3705293119
52.0	1114.4232813	-303.213492457	15.4134034706
52.05	1234.96270202	-304.912493585	17.0805641957
52.1	1148.25256364	-303.677584035	15.8812906608
52.15	1195.03476565	-304.322496616	16.5283275336
52.2	1114.63692767	-303.229279614	15.4163583781
52.25	1147.21142447	-303.713287905	15.8668908377
52.3	1174.76073778	-304.05698736	16.2479208184
52.35	1295.82738968	-305.726377162	17.9223735905
52.4	1073.43693693	-302.639149996	14.8465281431
52.45	1167.63548015	-303.978144866	16.1493725625
52.5	1160.0531462	-303.843926121	16.0445025599
52.55	1076.17830817	-302.673629503	14.8844435938
52.6	1296.62062488	-305.777783042	17.9333446949
52.65	1091.10220818	-302.879536239	15.0908535782
52.7	1208.02677996	-304.531528984	16.7080179275
52.75	1133.37696474	-303.467859852	15.6755487211
52.8	1152.44769466	-303.750669325	15.9393128218
52.85	1074.84603414	-302.646745193	14.8660171327
52.9	1206.49201897	-304.514764415	16.686790903
52.95	1263.68926522	-305.303099614	17.4778765242
53.0	1200.40059519	-304.421750942	16.6025414315
53.05	1082.08592823	-302.787780856	14.9661509065
53.1	1152.34035598	-303.760715864	15.9378282383
53.15	1173.49216552	-304.019331928	16.2303754061
53.2	1255.9439432	-305.210001799	17.3707522606
53.25	1119.37774903	-303.29854708	15.4819278915
53.3	1139.51629025	-303.570929197	15.7604607133
53.35	1136.24217544	-303.51159436	15.7151769747
53.4	1239.57105273	-304.955514961	17.1443015296
53.45	1193.2481519	-304.312861548	16.5036171753
53.5	1059.96323929	-302.449965732	14.660175667
53.55	1117.85809956	-303.273005131	15.4609098719
53.6	1173.48438914	-304.077523335	16.2302678523
53.65	1155.68040694	-303.797562145	15.984023929
53.7	1222.88504283	-304.734791164	16.9135200957
53.75	1204.29361363	-304.492759751	16.6563851235
53.8	1275.41044651	-305.498957034	17.6399902376
53.85	1088.79641394	-302.866674692	15.0589625208
53.9	1210.27497685	-304.574722735	16.7391123656
53.95	1089.86032831	-302.870821072	15.0736773439
54.0	1173.32924197	-304.032256062	16.2281220374
54.05	1219.83353629	-304.681055517	16.871315215
54.1	1209.80433079	-304.56290417	16.7326029381
54.15	1080.85759308	-302.744357777	14.9491620069
54.2	1225.9243739	-304.809797877	16.9555565793
54.25	1215.26366439	-304.636401096	16.8081100752
54.3	1142.64141691	-303.618469782	15.8036838215
54.35	1038.03566708	-302.170678972	14.3568990545
54.4	1220.25254437	-304.700448097	16.8771104463
54.45	1224.64498326	-304.739489789	16.9378615397
54.5	1192.03441432	-304.331189996	16.4868301722
54.55	1249.02489938	-305.154721092	17.2750561138
54.6	972.82513779	-301.225404383	13.4549830452
54.65	1204.38167591	-304.478925498	16.6576030983
54.7	1147.07450169	-303.648301237	15.8649970815
54.75	1344.96272973	-306.463315008	18.601956325
54.8	1157.23019121	-303.8242184	16.005458738
54.85	1220.28577035	-304.727893706	16.8775699893
54.9	999.98530565	-301.619484212	13.8306308198
54.95	1086.03373584	-302.82712857	15.0207523784
55.0	1216.8780615	-304.675323815	16.8304385337
55.05	1170.29952743	-303.990545627	16.1862185584
55.1	1201.77936472	-304.444303811	16.6216109641
55.15	1256.57610547	-305.206951554	17.3794955921
55.2	1135.0015383	-303.485650156	15.6980179282
55.25	1163.03459764	-303.920070901	16.08573852
55.3	1065.55180201	-302.545526903	14.7374701505
55.35	1074.71469353	-302.643053217	14.8642005826
55.4	1205.65757696	-304.49605267	16.675249874
55.45	1234.23559767	-304.902284386	17.070507736
55.5	1178.94311431	-304.123808951	16.3057665742
55.55	1265.40414918	-305.351868078	17.5015947997
55.6	1136.75642549	-303.558274404	15.7222894818
55.65	1083.00017266	-302.78856964	14.9787956695
55.7	1172.00794499	-304.018017576	16.2098473982
55.75	1116.21583152	-303.216640189	15.4381959353
55.8	1187.31748171	-304.260106449	16.42159106
55.85	1280.21517871	-305.544807892	17.7064436913
55.9	1153.57851979	-303.76425767	15.9549530766
55.95	1172.16305707	-304.05561801	16.2119927277
56.0	1101.50872822	-303.033614613	15.23478443
56.05	1178.33467981	-304.104558034	16.2973514176
56.1	1250.56195408	-305.154833046	17.2963148622
56.15	1128.15258615	-303.424234015	15.6032912077
56.2	1257.2372244	-305.238029365	17.3886394184
56.25	1224.21794436	-304.767561479	16.9319552355
56.3	1109.53623836	-303.16516392	15.3458115907
56.35	1140.5221255	-303.596406109	15.7743722537
56.4	1219.99290078	-304.685195346	16.8735193588
56.45	1078.61198464	-302.710344411	14.9181033692
56.5	1205.93317827	-304.552052073	16.6790616699
56.55	1222.42983484	-304.745669847	16.9072241895
56.6	1118.69722774	-303.263781357	15.4725157145
56.65	1320.69688276	-306.128863312	18.2663394224
56.7	1022.28310741	-301.909512778	14.1390280157
56.75	1192.32092456	-304.298874209	16.4907928478
56.8	1159.39130679	-303.836418123	16.035348769
56.85	1139.34580656	-303.58112322	15.7581027817
56.9	1154.13711323	-303.787911594	15.9626788897
56.95	1097.29703423	-302.952546871	15.1765331894
57.0	1369.86274829	-306.80235857	18.9463443496
57.05	1041.62124984	-302.199085884	14.4064906546
57.1	1179.18053214	-304.149059216	16.3090502608
57.15	1250.30016209	-305.136697619	17.2926940607
57.2	1136.99014769	-303.555074287	15.7255220547
57.25	1178.44235197	-304.129357027	16.2988406134
57.3	1197.41981179	-304.371291868	16.5613147109
57.35	1203.16618104	-304.472112043	16.6407917905
57.4	1089.24609527	-302.866314954	15.0651819886
57.45	1155.12000095	-303.788135361	15.9762730467
57.5	1194.8280983	-304.342291958	16.5254691517
57.55	1087.74685086	-302.831243533	15.0444461879
57.6	1196.86657015	-304.367473862	16.5536629176
57.65	1181.36694338	-304.140176819	16.3392901518
57.7	1143.78501872	-303.627684894	15.8195007884
57.75	1129.89209493	-303.455061081	15.6273500649
57.8	1227.96114211	-304.83486749	16.9837267824
57.85	1205.35438897	-304.487469951	16.6710565313
57.9	1183.7683427	-304.179616231	16.3725035073
57.95	1253.58985438	-305.183468427	17.3381932489
58.0	1120.51342168	-303.333543696	15.4976351916
58.05	1086.62805481	-302.863796737	15.0289723055
58.1	1279.63319867	-305.54442407	17.698394422
58.15	1224.12536003	-304.744030776	16.930674717
58.2	1126.24535905	-303.387147363	15.5769126661
58.25	1098.687956	-303.022597239	15.1957707976
58.3	1178.14677607	-304.114476047	16.2947525521
58.35	1186.97060748	-304.228601718	16.4167935001
58.4	1215.14825653	-304.627647981	16.8065138882
58.45	1130.68779554	-303.434849167	15.638355268
58.5	1208.09393435	-304.551770289	16.7089467288
58.55	1134.17054551	-303.506459506	15.6865246049
58.6	1231.33723555	-304.842388239	17.0304209705
58.65	1165.12879633	-303.920554035	16.1147030346
58.7	1111.30004447	-303.168083847	15.3702065003
58.75	1122.29961425	-303.326444488	15.5223397246
58.8	1143.99545558	-303.645680547	15.8224113057
58.85	1147.12563881	-303.679944845	15.8657043505
58.9	1246.01168146	-305.056667649	17.2333807967
58.95	1249.84559211	-305.10191564	17.2864069787
59.0	1071.93395972	-302.637252573	14.8257407147
59.05	1130.35845724	-303.461555612	15.6338002447
59.1	1232.33964005	-304.870523989	17.0442850608
59.15	1233.88224379	-304.892884609	17.0656205572
59.2	1037.87463677	-302.134569972	14.354671871
59.25	1237.24607808	-304.940262674	17.1121451911
59.3	1220.75477051	-304.696388274	16.8840566526
59.35	1137.95282461	-303.569871861	15.7388366795
59.4	1060.07564541	-302.469140957	14.6617303373
59.45	1261.27149063	-305.285614402	17.4444366851
59.5	1175.0650912	-304.039333756	16.2521302801
59.55	1128.38365054	-303.403324436	15.6064870209
59.6	1214.55789191	-304.625832481	16.7983486531
59.65	1130.37823774	-303.441114443	15.6340738254
59.7	1140.90083047	-303.567713538	15.7796100593
59.75	1129.11166242	-303.417271716	15.6165560324
59.8	1203.96858977	-304.495185893	16.6518897725
59.85	1172.70366008	-304.035855723	16.2194697182
59.9	1194.05746771	-304.323625402	16.514810688
59.95	1138.62694625	-303.556512313	15.748160344
60.0	1085.47662608	-302.824188076	15.0130470858
60.05	1188.7750203	-304.255553574	16.4417500344
60.1	1187.49858283	-304.228274833	16.4240958396
60.15	1150.06429626	-303.714813359	15.9063484341
60.2	1199.02845038	-304.409421718	16.5835635244
60.25	1113.73976232	-303.212428888	15.403949833
60.3	1208.62280267	-304.547283924	16.7162614188
60.35	1142.12813248	-303.590426213	15.7965846698
60.4	1167.28850369	-303.95153879	16.1445735888
60.45	1175.09487039	-304.047907933	16.2525421511
60.5	1160.70669619	-303.850206184	16.0535417014
60.55	1062.11131983	-302.484971078	14.6898854125
60.6	1193.77363024	-304.340174964	16.5108849791
60.65	1075.9226993	-302.668564237	14.8809083099
60.7	1253.5529031	-305.179376778	17.3376821818
60.75	1220.55264726	-304.70203535	16.8812611196
60.8	1138.2263001	-303.54943687	15.7426190736
60.85	1310.43500968	-305.995309708	18.1244091586
60.9	1137.51716551	-303.56016233	15.7328111508
60.95	1108.3959549	-303.13621793	15.3300405194
61.0	1143.31862219	-303.625292711	15.8130501354
61.05	1153.10958846	-303.755120065	15.9484673652
61.1	1214.17274482	-304.609362752	16.7930217476
61.15	1246.05575633	-305.077217344	17.233990389
61.2	1118.09386712	-303.255454418	15.464170734
61.25	1128.191016	-303.419671215	15.6038227246
61.3	1134.48484049	-303.512007556	15.6908715666
61.35	1151.52700088	-303.716252675	15.9265788589
61.4	1237.50979657	-304.939784616	17.1157926378
61.45	1109.55171235	-303.151191738	15.3460256089
61.5	1102.19600692	-303.054800432	15.2442900677
61.55	1238.2246564	-304.943901191	17.1256797453
61.6	1214.30913327	-304.612330639	16.7949081136
61.65	1090.12520054	-302.888175589	15.0773407478
61.7	1157.60369516	-303.823436135	16.0106246092
61.75	1294.59138501	-305.76102529	17.9052786151
61.8	1050.53517299	-302.325774766	14.5297776465
61.85	1224.52880863	-304.761457262	16.9362547477
61.9	1140.96883419	-303.576007003	15.7805506075
61.95	1193.13906317	-304.320242013	16.5021083871
62.0	1132.36692407	-303.462524239	15.661579016
