# 	 t 	 T	E	K
2.05	2784.44559407	-271.484282325	38.5112049465
2.1	2817.9647418	-271.926664557	38.9748027164
2.15	2605.36081108	-268.838030392	36.0343130312
2.2	2720.25543185	-270.574852465	37.623401465
2.25	2776.8913744	-271.326607502	38.4067237879
2.3	2644.13462973	-269.342901129	36.5705872826
2.35	2755.17484179	-270.967356732	38.106366029
2.4	2674.26164626	-269.932824778	36.9872690488
2.45	2765.45231433	-271.085155385	38.2485120463
2.5	2717.328283	-270.483966512	37.5829165549
2.55	2951.11652839	-273.861305813	40.8164029809
2.6	2619.33997212	-269.167718973	36.2276564878
2.65	2802.91616014	-271.676100786	38.7666682807
2.7	2485.34047127	-267.186303673	34.3743316281
2.75	2908.48854962	-273.207161239	40.2268224804
2.8	2692.90149082	-270.252963362	37.2450736458
2.85	2813.31449493	-271.805610953	38.9104859237
2.9	2592.24202366	-268.74166446	35.8528692594
2.95	2742.52787494	-271.031428437	37.9314479293
3.0	2740.40291125	-270.831888619	37.9020579091
3.05	2713.78387663	-270.381598529	37.5338944586
3.1	2742.9457535	-270.82798506	37.9372275384
3.15	2719.84151984	-270.473428745	37.6176767166
3.2	2686.04146006	-270.054519866	37.1501936988
3.25	3044.98396733	-275.188208128	42.114667952
3.3	2539.23913511	-268.040798758	35.1197951035
3.35	2470.04971318	-267.05746563	34.1628476904
3.4	2752.66660322	-270.964779564	38.0716749976
3.45	2620.61818607	-269.220211386	36.2453352528
3.5	2735.79680562	-270.779940894	37.8383516265
3.55	2831.02978357	-272.051694202	39.1555031411
3.6	2877.14092443	-272.73688304	39.7932586785
3.65	2663.17324994	-269.841612656	36.8339072794
3.7	2817.37528688	-271.934343574	38.9666500632
3.75	2669.51073618	-269.77590596	36.9215599999
3.8	2642.980036	-269.411563546	36.5546182884
3.85	2790.66328038	-271.584730153	38.5972007341
3.9	2818.97017691	-271.991608404	38.9887087226
3.95	2528.95409176	-267.916528323	34.9775443757
4.0	2589.85112618	-268.678159443	35.8198011532
4.05	2834.37651446	-272.106957074	39.2017912207
4.1	2397.71211938	-265.976644139	33.1623584346
4.15	2840.82774091	-272.280553954	39.2910170631
4.2	2666.11711474	-269.831340862	36.874623385
4.25	2631.05749628	-269.333734186	36.38971962
4.3	2525.53117498	-267.772733184	34.9302025817
4.35	2615.34263742	-269.17144245	36.172370015
4.4	2822.4950739	-271.998649634	39.0374609879
4.45	2624.53505678	-269.131834085	36.2995088416
4.5	2770.29487053	-271.245241666	38.3154886376
4.55	2639.50130353	-269.514239201	36.5065045169
4.6	2536.49015232	-268.011213691	35.0817743787
4.65	2586.16349797	-268.616329918	35.7687981793
4.7	2621.4168885	-269.164430995	36.2563819736
4.75	2858.9343085	-272.53398774	39.5414459947
4.8	2842.05059094	-272.262052046	39.307930099
4.85	2666.4631172	-269.847815123	36.8794088875
4.9	2995.67272886	-274.477871468	41.4326523958
4.95	2778.41325451	-271.34897457	38.4277726591
5.0	2607.16530131	-268.916013857	36.0592706361
5.05	2891.46488505	-272.963145558	39.9913710008
5.1	2699.16138489	-270.203311355	37.3316532019
5.15	2486.09437036	-267.250316282	34.3847586813
5.2	2448.63246194	-266.724206414	33.8666292425
5.25	2937.25014062	-273.635174676	40.6246192727
5.3	2834.36968991	-272.215911055	39.2016968314
5.35	2651.79985023	-269.587779318	36.6766036753
5.4	2778.73649402	-271.420089781	38.4322433311
5.45	2591.65971067	-268.679260166	35.844815385
5.5	2783.90711627	-271.432292802	38.5037573494
5.55	2599.4607012	-268.803211829	35.9527095906
5.6	2890.71548235	-272.923752228	39.9810061363
5.65	2769.52064422	-271.227790884	38.3047804419
5.7	2666.01901709	-269.741132791	36.8732666126
5.75	2817.70794571	-271.932810159	38.9712510123
5.8	2848.17609387	-272.321128574	39.3926509134
5.85	2750.80003428	-271.025343149	38.0458587924
5.9	2838.54344023	-272.185040725	39.2594232795
5.95	2867.96853553	-272.673440476	39.6663968897
6.0	2710.77142695	-270.4501812	37.492229767
6.05	2716.00726485	-270.563956286	37.564645772
6.1	2709.26344268	-270.431897325	37.4713730867
6.15	2613.26127124	-269.185470592	36.1435829846
6.2	2824.70508817	-272.19090177	39.0680273286
6.25	2535.24852423	-267.977105208	35.0646016266
6.3	2640.97534557	-269.474553655	36.5268917477
6.35	2649.35696177	-269.4876952	36.6428164904
6.4	2949.11258426	-273.871086575	40.7886867622
6.45	2858.62319381	-272.488464937	39.5371430191
6.5	2854.4760736	-272.457027619	39.4797848877
6.55	2812.2478987	-271.867314411	38.8957340082
6.6	2847.82409924	-272.414597126	39.3877825342
6.65	2653.11844149	-269.676508431	36.6948408923
6.7	2541.46225276	-268.147064849	35.1505426748
6.75	2586.01044865	-268.574957871	35.7666813796
6.8	2313.99100779	-264.787675576	32.0044256333
6.85	2608.18398976	-268.974647276	36.073359947
6.9	2769.98085255	-271.23905618	38.311145507
6.95	2623.43819624	-269.106608839	36.2843383455
7.0	2627.486279	-269.189892964	36.3403267064
7.05	2462.72293981	-266.85106102	34.0615123037
7.1	2783.87394276	-271.386774295	38.5032985321
7.15	2806.14271436	-271.609687618	38.8112942167
7.2	2760.17272258	-271.106213101	38.1754908889
7.25	2806.64642388	-271.641882554	38.8182609395
7.3	3217.19186862	-277.54342965	44.4964468578
7.35	2754.05319071	-270.925367641	38.0908526591
7.4	2710.09733152	-270.513582659	37.4829064649
7.45	2977.49603021	-274.197314796	41.1812534931
7.5	2510.45672676	-267.543420755	34.7217103899
7.55	2820.16487096	-271.779948263	39.0052323378
7.6	2648.92391879	-269.527727832	36.6368271449
7.65	2744.63647016	-270.91848684	37.9606115598
7.7	2687.91797758	-270.010702113	37.1761475012
7.75	2506.1689545	-267.436067772	34.6624069233
7.8	2714.73925696	-270.500845662	37.5471081653
7.85	3045.49332627	-275.211822967	42.121712811
7.9	2541.39219934	-267.951690965	35.1495737775
7.95	2878.63062825	-272.833465736	39.8138625247
8.0	2490.76841356	-267.357367572	34.4494045972
8.05	2774.41348502	-271.190769872	38.3724525111
8.1	2712.09657126	-270.341706495	37.510557618
8.15	2540.93943873	-267.97474591	35.1433117206
8.2	2707.0302773	-270.26639899	37.440486547
8.25	2615.91118663	-269.00141521	36.1802335247
8.3	2436.96468126	-266.540024208	33.7052541042
8.35	2808.11676457	-271.906342621	38.8385969776
8.4	2388.80173441	-265.745578154	33.0391203788
8.45	3064.75399674	-275.490021973	42.3881039481
8.5	2781.21565662	-271.549006218	38.4665322177
8.55	2567.87516311	-268.415866803	35.5158552547
8.6	3029.08234424	-274.942038685	41.8947352419
8.65	2774.88307357	-271.350686755	38.3789473123
8.7	2739.88250622	-270.766813829	37.8948602735
8.75	2768.36655171	-271.121548377	38.2888183799
8.8	2693.59483842	-270.142141354	37.2546632213
8.85	2885.64142628	-272.90123095	39.9108277089
8.9	2666.63362133	-269.766944382	36.8817671018
8.95	2673.96687054	-269.857752465	36.9831920548
9.0	2702.51896045	-270.201973536	37.3780912722
9.05	2643.3670998	-269.641430638	36.5599717036
9.1	2825.55985333	-272.234934967	39.0798494436
9.15	2744.18806451	-271.038893103	37.9544097357
9.2	2844.05462485	-272.294726076	39.3356475594
9.25	2943.25821181	-273.779705437	40.7077159084
9.3	2782.69797893	-271.36978124	38.4870339715
9.35	2850.56776521	-272.40636653	39.4257297229
9.4	2972.39089796	-274.012615258	41.110645256
9.45	2853.01400013	-272.415874707	39.4595631921
9.5	2697.11615042	-270.235791355	37.3033659033
9.55	2670.25612994	-269.960540735	36.9318694174
9.6	2815.17128828	-271.908331313	38.9361669243
9.65	2863.46242815	-272.492189088	39.6040736663
9.7	2692.90288161	-270.120311708	37.2450928816
9.75	2571.51074379	-268.512724995	35.5661383678
9.8	2805.79043	-271.707411485	38.8064218303
9.85	2871.12693172	-272.678541828	39.7100801433
9.9	2489.16928078	-267.298012782	34.427287257
9.95	2791.61143648	-271.592011197	38.6103145237
10.0	2852.53795275	-272.606565583	39.4529790599
10.05	2697.13179412	-270.371240698	37.3035822686
10.1	2870.8001535	-272.769835247	39.7055605279
10.15	2740.15210553	-270.837008038	37.8985890569
10.2	2650.49023248	-269.687606482	36.6584905696
10.25	2871.35045126	-272.585846697	39.7131716049
10.3	2539.55178399	-267.934651905	35.1241192983
10.35	2676.19987584	-269.881481531	37.0140763805
10.4	2807.24747522	-271.778968557	38.8265739809
10.45	2789.09519916	-271.586293231	38.5755128629
10.5	2796.72066903	-271.702622588	38.6809794714
10.55	2564.44702171	-268.460170862	35.4684411998
10.6	2995.59448502	-274.383238363	41.4315702181
10.65	2654.99037524	-269.537077683	36.7207312974
10.7	2889.82185252	-272.868736969	39.9686464905
10.75	2653.83208922	-269.691520663	36.7047112356
10.8	2358.54640508	-265.483902311	32.6206639395
10.85	2995.71142495	-274.404926132	41.4331875949
10.9	2718.29417839	-270.521928826	37.5962756938
10.95	2585.23327355	-268.679403203	35.7559323997
11.0	2742.63364906	-270.949689009	37.9329108735
11.05	2678.22528392	-269.987211348	37.0420894636
11.1	2502.93408808	-267.541856769	34.6176660227
11.15	2643.55566224	-269.422866556	36.5625796794
11.2	2753.55807458	-271.063372053	38.0840047901
11.25	2645.76435592	-269.651865168	36.5931277551
11.3	2651.94545894	-269.719345575	36.6786175653
11.35	2708.2787596	-270.485597365	37.4577540984
11.4	2625.07591258	-269.305140599	36.3069893285
11.45	2701.50860327	-270.329780513	37.3641171897
11.5	2739.94886748	-270.838888027	37.8957781051
11.55	2743.89726299	-270.724750139	37.9503877081
11.6	3054.07292431	-275.337445263	42.2403758078
11.65	2918.60399092	-273.394535982	40.3667274705
11.7	2796.20756611	-271.562812014	38.67388283
11.75	2679.55150611	-269.911711357	37.0604322226
11.8	2699.30884608	-270.34033285	37.3336927132
11.85	2595.66298305	-268.954468898	35.9001839811
11.9	2805.46596804	-271.730542963	38.8019342506
11.95	2401.79866075	-265.983176192	33.2188787102
12.0	2685.46722062	-269.966478768	37.1422514883
12.05	2634.25299827	-269.318311196	36.4339160777
12.1	2789.73407068	-271.541294858	38.584348989
12.15	2739.43186562	-270.883774203	37.8886275382
12.2	2638.76315274	-269.343084694	36.4962952757
12.25	2702.16249312	-270.194277274	37.3731610317
12.3	2759.540886	-271.297710483	38.166752062
12.35	2596.37827588	-268.737234185	35.9100770775
12.4	2748.66382128	-270.920720958	38.0163131849
12.45	2553.25571688	-268.235299274	35.3136561199
12.5	2753.73007748	-270.973320595	38.0863837337
12.55	2371.10831437	-265.641455375	32.7944056222
12.6	2829.54959168	-272.086245963	39.1350308527
12.65	2783.83237281	-271.406488855	38.502723585
12.7	2902.74952749	-273.025603797	40.1474470177
12.75	2649.5580737	-269.639454881	36.6455980361
12.8	2829.198996	-272.072376882	39.130181822
12.85	2855.90906172	-272.335554289	39.4996043086
12.9	2841.41284188	-272.283650325	39.2991094976
12.95	2798.24724161	-271.709180089	38.7020932434
13.0	2762.77701345	-271.146599151	38.2115104038
13.05	2903.08629528	-273.06462142	40.1521047972
13.1	2735.37170432	-270.649695462	37.832472121
13.15	2588.81950162	-268.68037058	35.805532925
13.2	2792.85484868	-271.490703499	38.6275119515
13.25	2887.58665014	-272.955701247	39.9377317773
13.3	2609.55867074	-269.005778974	36.0923729315
13.35	2741.4471678	-270.781375894	37.9165008482
13.4	2925.72892755	-273.444739681	40.4652712866
13.45	2707.8358056	-270.366287222	37.4516276752
13.5	2834.47702098	-272.086485728	39.2031813097
13.55	2681.37078888	-269.955708241	37.0855944207
13.6	2625.13955516	-269.14325064	36.3078695585
13.65	2598.93790444	-268.921887908	35.9454788753
13.7	2737.20954971	-270.931975915	37.8578910556
13.75	2524.30990398	-267.838059911	34.9133113851
13.8	2594.84741214	-268.893600095	35.8889039551
13.85	2696.73508471	-270.1966132	37.2980954468
13.9	2895.90202631	-272.994983536	40.0527403652
13.95	2557.13100456	-268.185646135	35.3672545808
14.0	2834.64497977	-272.036829881	39.2055043199
14.05	2698.01820727	-270.152944218	37.3158421018
14.1	2645.519287	-269.38673306	36.5897382476
14.15	2834.30489971	-272.048412652	39.2008007289
14.2	2949.14841013	-273.623078824	40.7891822639
14.25	2621.24611362	-269.207192048	36.2540200146
14.3	2545.8889616	-268.170594054	35.2117677501
14.35	2611.41959898	-268.903194417	36.1181111212
14.4	2681.75862655	-269.979147152	37.0909585392
14.45	2650.80460995	-269.555421403	36.6628386722
14.5	2871.35070414	-272.684921255	39.7131751024
14.55	2942.31901881	-273.625165194	40.6947260858
14.6	2714.95604279	-270.486524207	37.5501064943
14.65	2993.70826019	-274.399817923	41.4054821555
14.7	2453.6669781	-266.890261584	33.9362608001
14.75	2559.95883945	-268.433027063	35.4063658958
14.8	3008.46121821	-274.631453493	41.6095278697
14.85	2623.8906314	-269.13637876	36.2905959011
14.9	2591.05286428	-268.796090445	35.8364221933
14.95	2732.28355625	-270.750828058	37.7897604575
15.0	2503.18277613	-267.392011233	34.6211055857
15.05	2845.26396438	-272.251890757	39.3523737338
15.1	3015.96075693	-274.679546804	41.7132527452
15.15	2730.31481711	-270.580181425	37.7625311532
15.2	2739.8892082	-270.733512896	37.8949529675
15.25	2837.71860687	-272.206538114	39.2480151462
15.3	2924.05507946	-273.410899664	40.4421205715
15.35	2662.19847003	-269.78711294	36.8204252603
15.4	2929.17460559	-273.531971582	40.5129278878
15.45	2911.36834994	-273.225523329	40.2666525207
15.5	2941.61433419	-273.747810367	40.6849797098
15.55	2769.94023228	-271.222944137	38.3105836948
15.6	2453.83493936	-266.775330722	33.9385838445
15.65	2946.3759811	-273.674614745	40.750837258
15.7	3018.60674503	-274.775040033	41.7498489675
15.75	2871.10232062	-272.598590225	39.7097397512
15.8	2747.80505095	-270.959108427	38.004435675
15.85	2579.67963754	-268.497169409	35.6791209816
15.9	2730.51818853	-270.551453349	37.7653439495
15.95	2781.09912897	-271.248481557	38.464920543
16.0	2708.52411855	-270.41538329	37.4611476175
16.05	2816.97413476	-272.001880312	38.9611017948
16.1	2681.88134655	-270.000533048	37.0926558591
16.15	2786.81864311	-271.441462509	38.544026194
16.2	2672.83491142	-269.823547518	36.9675361161
16.25	2778.98503952	-271.332953149	38.4356809227
16.3	3015.29617632	-274.799892167	41.7040610411
16.35	2634.18283792	-269.467602589	36.4329457016
16.4	2622.64803803	-269.128313962	36.2734097984
16.45	2648.43649284	-269.55918066	36.6300856374
16.5	2756.63833151	-271.006952623	38.1266073126
16.55	2557.19716715	-268.172631184	35.3681696646
16.6	2850.63849949	-272.321946872	39.426708037
16.65	2572.25195695	-268.366668092	35.5763899641
16.7	2943.49892988	-273.659133283	40.7110452399
16.75	2528.1351953	-267.88549754	34.9662183546
16.8	2583.56437565	-268.638584364	35.7328501498
16.85	2662.08169307	-269.712755917	36.8188101374
16.9	2692.69045075	-270.145334801	37.2421547856
16.95	2520.83969461	-267.827304102	34.8653154952
17.0	2697.52232634	-270.275369347	37.3089836551
17.05	2706.98966335	-270.494878763	37.4399248222
17.1	2786.29304371	-271.523815828	38.5367567159
17.15	2852.65390476	-272.446028487	39.4545827729
17.2	2683.53486785	-270.129283813	37.1155254378
17.25	2764.6340707	-271.254807917	38.2371950544
17.3	2801.11161678	-271.651921523	38.741709941
17.35	2499.28196214	-267.383390719	34.5671540748
17.4	2592.56454661	-268.703262172	35.8573300209
17.45	2725.16454507	-270.622359389	37.6912985953
17.5	2875.94167377	-272.580018383	39.7766720416
17.55	2621.3544355	-269.03444369	36.2555181965
17.6	2774.18718488	-271.309358446	38.3693225914
17.65	2695.30276351	-270.343477473	37.2782852498
17.7	2786.56737486	-271.553413222	38.5405509446
17.75	3022.94168393	-274.877467815	41.8098047881
17.8	2652.07758895	-269.624613648	36.6804450335
17.85	2861.13657928	-272.600170869	39.5719052365
17.9	2888.9564439	-273.1053807	39.9566771675
17.95	2885.6332072	-272.866241339	39.9107140322
18.0	2708.15202101	-270.23323431	37.4560011981
18.05	2859.24275446	-272.510368951	39.5457120597
18.1	2842.00410938	-272.313796863	39.3072872202
18.15	2420.96191348	-266.384192345	33.4839224786
18.2	2671.39581911	-269.757393986	36.9476322691
18.25	2606.94601096	-268.901837255	36.0562376677
18.3	2720.29393138	-270.598843167	37.6239339456
18.35	2668.71895167	-269.713892418	36.9106089597
18.4	2660.9465768	-269.757301927	36.8031105327
18.45	2449.8106979	-266.806212129	33.8829252286
18.5	2728.96737312	-270.642546634	37.743894879
18.55	2547.1705627	-268.014727513	35.2294933623
18.6	2842.48497521	-272.15250128	39.3139379957
18.65	2855.69108431	-272.394520307	39.4965894992
18.7	2583.28167148	-268.644262389	35.7289401154
18.75	2651.35060521	-269.5365827	36.6703902421
18.8	2639.64055145	-269.475483732	36.5084304318
18.85	2812.2098565	-271.910121253	38.8952078529
18.9	2693.44617347	-270.217107304	37.2526070611
18.95	2825.68770605	-272.08307537	39.0816177535
19.0	2654.65118685	-269.591338979	36.716040039
19.05	2687.35341818	-270.025293719	37.1683391738
19.1	2821.25626976	-271.931741711	39.0203272934
19.15	2744.69755013	-270.913552217	37.9614563467
19.2	2448.28840605	-266.694363306	33.8618706627
19.25	2943.62140317	-273.651304237	40.7127391478
19.3	2846.71509109	-272.346426899	39.3724440265
19.35	2717.45809111	-270.562368821	37.5847119093
19.4	2559.84354987	-268.251147942	35.4047713448
19.45	2867.69040457	-272.50653308	39.6625501065
19.5	2856.90972176	-272.533545706	39.5134442715
19.55	2799.20733713	-271.663678395	38.7153721652
19.6	2694.77724459	-270.237139505	37.2710168849
19.65	2991.82139344	-274.346500755	41.3793852147
19.7	2666.31268899	-269.647173112	36.87732834
19.75	2654.08692208	-269.669206242	36.7082357866
19.8	2777.21646324	-271.372574057	38.4112200376
19.85	2430.63142315	-266.387129303	33.6176598622
19.9	3025.05974699	-274.840658467	41.8390993668
19.95	2685.5597843	-270.224647875	37.1435317212
20.0	2648.71142813	-269.673312834	36.6338882218
20.05	2548.57439614	-268.187426063	35.2489095497
20.1	2814.71422186	-271.941527057	38.9298453145
20.15	2802.01149397	-271.75216261	38.7541559931
20.2	2770.21368237	-271.184697911	38.3143657375
20.25	2976.10101813	-274.077018715	41.1619593124
20.3	2772.44704957	-271.249228924	38.3452550686
20.35	2788.98695987	-271.630433604	38.5740158232
20.4	2393.27952735	-265.980363578	33.1010519899
20.45	2659.31199571	-269.694935611	36.7805029129
20.5	2791.65717319	-271.535699673	38.6109471007
20.55	2582.15531997	-268.50698193	35.7133617345
20.6	2788.0866919	-271.439053703	38.5615643663
20.65	2667.64092006	-269.762534212	36.8956988835
20.7	2626.49958478	-269.158111266	36.3266799024
20.75	2681.44306418	-270.012687238	37.0865940484
20.8	2729.15275305	-270.687706013	37.746458838
20.85	2764.22471238	-271.118767881	38.2315332875
20.9	3023.69941125	-274.788083364	41.820284789
20.95	2463.18798496	-266.90011539	34.0679442661
21.0	2559.18518023	-268.288433799	35.3956655436
21.05	2551.53963685	-268.077104846	35.2899213018
21.1	2665.74035869	-269.76419934	36.8694125345
21.15	2885.04854372	-272.8449241	39.9026276486
21.2	2907.73832676	-273.11478719	40.2164462725
21.25	2752.97813101	-270.911721666	38.0759836868
21.3	2654.36990343	-269.53427076	36.7121496547
21.35	2697.87415857	-270.218534398	37.3138497882
21.4	2844.12242837	-272.312480265	39.3365853386
21.45	2569.50087467	-268.364890149	35.5383402015
21.5	2749.22337527	-270.97402941	38.0240522832
21.55	2463.88505039	-266.920335701	34.0775852623
21.6	2588.06386338	-268.58714295	35.7950818179
21.65	2695.33120851	-270.093291261	37.278678668
21.7	2424.3782189	-266.304760084	33.531172832
21.75	2680.29934763	-269.948445404	37.0707754945
21.8	2840.38146984	-272.14360371	39.2848447621
21.85	2648.91605403	-269.51540501	36.6367183688
21.9	2577.85051568	-268.513272152	35.6538227008
21.95	2606.83922195	-268.947702795	36.0547606866
22.0	2586.78934997	-268.703113643	35.7774542345
22.05	2526.70737632	-267.636998343	34.9464704272
22.1	2764.26465785	-271.119836817	38.2320857666
22.15	2894.24554191	-272.999945206	40.0298298044
22.2	2623.55812418	-269.182291015	36.285997049
22.25	2559.65308425	-268.358446996	35.4021370464
22.3	2730.19073991	-270.615205871	37.7608150619
22.35	2718.39179812	-270.552367756	37.597625856
22.4	3000.11064702	-274.570172495	41.4940325054
22.45	2666.40662839	-269.82732852	36.8786276002
22.5	2526.84454022	-267.872015204	34.9483675183
22.55	2585.4487544	-268.501917732	35.7589126795
22.6	2630.23263176	-269.260701778	36.3783110557
22.65	2693.48607259	-270.095012391	37.2531588992
22.7	2896.74494266	-272.930852065	40.0643986014
22.75	2861.81258017	-272.540005003	39.5812548926
22.8	2830.97276768	-272.128985867	39.1547145637
22.85	2608.25886504	-269.053092826	36.0743955347
22.9	2557.86507207	-268.268745947	35.3774073466
22.95	2861.32121487	-272.511133396	39.5744589007
23.0	2679.86251775	-269.948973688	37.064733773
23.05	2832.67521143	-272.151485401	39.1782607808
23.1	2600.65377794	-268.86513976	35.969210837
23.15	2712.79845821	-270.438022506	37.5202652999
23.2	2887.2204955	-272.815076543	39.9326675533
23.25	2792.04079324	-271.352905576	38.6162528858
23.3	2736.28948847	-270.640196119	37.8451658413
23.35	2513.00742713	-267.664201115	34.7569887035
23.4	3023.26127878	-274.766198757	41.8142250514
23.45	2773.33255884	-271.278047357	38.3575024005
23.5	2767.58697621	-271.210534829	38.2780362006
23.55	2825.98159924	-272.098940031	39.0856825413
23.6	2535.80710348	-267.847785426	35.0723272435
23.65	2692.27160514	-270.066666728	37.2363618014
23.7	2703.04790889	-270.223184709	37.3854070703
23.75	2760.55534324	-271.010598633	38.1807828517
23.8	2821.91894258	-271.903941126	39.0294926113
23.85	2959.98527493	-273.911115967	40.9390651426
23.9	2754.95391051	-271.088093849	38.1033103652
23.95	2672.4844437	-269.915159783	36.9626888552
24.0	2554.08588333	-268.052798142	35.3251380144
24.05	2952.65998425	-273.772672424	40.8377502627
24.1	3048.51296036	-275.174248222	42.163476869
24.15	2856.62323546	-272.441013791	39.5094819271
24.2	2582.32728918	-268.673438898	35.7157402121
24.25	2837.73730425	-272.226000389	39.2482737466
24.3	2605.14693636	-269.033276658	36.0313549655
24.35	2789.1809499	-271.524927515	38.5766988673
24.4	2584.46126239	-268.553773811	35.7452548414
24.45	2730.06434212	-270.643053547	37.7590668751
24.5	2905.02881045	-273.215203698	40.178971402
24.55	3051.38889157	-275.19226498	42.2032533964
24.6	2977.59617795	-274.219875374	41.1826386197
24.65	2811.44113338	-271.861807696	38.8845757709
24.7	2827.71442519	-272.100015037	39.1096489695
24.75	2682.00920403	-269.963743943	37.0944242347
24.8	2916.58419794	-273.295210147	40.3387920489
24.85	2808.84326513	-271.702115317	38.8486450863
24.9	2609.53487125	-269.015987759	36.0920437647
24.95	2849.98753076	-272.248249269	39.4177045965
25.0	2685.76904745	-270.048770573	37.1464260051
25.05	2824.85996289	-272.040917719	39.0701693751
25.1	2782.25481049	-271.468551513	38.4809045824
25.15	2636.25674729	-269.312368065	36.4616295979
25.2	2818.82607952	-271.986498434	38.9867157356
25.25	2762.98457304	-271.210110317	38.214381126
25.3	2811.15467442	-271.803661631	38.8806138045
25.35	2885.39831021	-272.823360394	39.9074652108
25.4	2876.52200861	-272.764955569	39.7846985564
25.45	2724.66724488	-270.621003174	37.6844205188
25.5	2525.44787777	-267.70516427	34.9290505118
25.55	2590.2897125	-268.590514761	35.8258671678
25.6	2747.25598758	-270.879456189	37.9968416706
25.65	2805.10986668	-271.668587632	38.7970090718
25.7	2787.43882602	-271.387036386	38.5526038409
25.75	2838.70876904	-272.266547967	39.2617099149
25.8	2881.40978576	-272.872518641	39.852300591
25.85	2690.39395536	-270.026724589	37.2103923389
25.9	2698.672296	-270.107736233	37.3248886946
25.95	2808.87317508	-271.704838703	38.8490587658
26.0	2479.80516854	-267.02253479	34.2977737746
26.05	2109.83627245	-261.89555092	29.1807953674
26.1	2580.1647583	-268.631985663	35.6858306065
26.15	2838.88156732	-272.317921945	39.2640998592
26.2	2719.37240918	-270.454913463	37.6111885249
26.25	2819.15942422	-271.916347947	38.9913261708
26.3	2739.66564789	-270.869166488	37.891860942
26.35	2615.81462726	-269.057857563	36.178898028
26.4	2749.4430914	-271.035891649	38.0270911406
26.45	2581.22723788	-268.55103938	35.7005255852
26.5	2536.053694	-267.844775849	35.075737796
26.55	2840.90336219	-272.258689085	39.2920629685
26.6	2735.92791677	-270.848812585	37.840165003
26.65	2907.39619348	-273.227045537	40.211714284
26.7	2558.37810842	-268.243490647	35.3845030672
26.75	2799.16160346	-271.558918776	38.7147396304
26.8	2564.48175722	-268.41108318	35.468921621
26.85	2387.46246708	-265.86022376	33.0205971945
26.9	2494.60743282	-267.323984692	34.5025014355
26.95	2760.51836836	-271.129755004	38.1802714584
27.0	2598.48076577	-268.742509445	35.9391562663
27.05	2424.91064555	-266.383060661	33.5385367365
27.1	2655.06447555	-269.643332474	36.7217561664
27.15	3041.91342176	-275.056822092	42.0721997457
27.2	2713.96215905	-270.468079739	37.5363602531
27.25	2407.23551763	-266.172475727	33.2940749755
27.3	2789.73585233	-271.375832414	38.5843736307
27.35	2843.80630158	-272.206086801	39.3322130415
27.4	2673.09371161	-269.870548574	36.9711155385
27.45	2671.88392633	-269.790299232	36.9543831991
27.5	2899.59050944	-273.100127468	40.1037551632
27.55	2610.44673368	-268.888830926	36.1046555828
27.6	2752.47740213	-271.032143213	38.0690581888
27.65	2662.3461421	-269.861525073	36.8224676882
27.7	2623.24076886	-269.287212939	36.2816077602
27.75	2456.82436995	-266.859587014	33.9799301628
27.8	2761.9024548	-271.152877791	38.1994145282
27.85	2874.19536834	-272.79635044	39.7525191809
27.9	2736.05058434	-270.739391853	37.8418615978
27.95	2653.77747633	-269.540911482	36.7039558939
28.0	2565.63324364	-268.428024363	35.4848476385
28.05	2830.87001894	-272.155380529	39.153293463
28.1	2829.36635834	-272.086551486	39.1324965827
28.15	2963.81502348	-274.014737239	40.9920337592
28.2	3099.09201212	-275.884122623	42.8630273406
28.25	2546.73069581	-268.026169512	35.2234096363
28.3	2835.7910534	-272.123896161	39.221355474
28.35	2710.9489602	-270.413660576	37.4946851999
28.4	2551.28394757	-268.136104124	35.2863849058
28.45	2775.99041569	-271.349413095	38.3942627774
28.5	2814.63884446	-271.913677844	38.9288027822
28.55	2820.74799557	-271.927727512	39.0132974375
28.6	2518.07124827	-267.617743161	34.8270255733
28.65	3031.34301926	-274.945153343	41.9260022629
28.7	2888.5099707	-272.895129588	39.9505020707
28.75	2679.11013126	-269.900453938	37.0543276404
28.8	2615.879468	-269.088623951	36.1797948295
28.85	2828.66942289	-272.0993767	39.1228573842
28.9	2678.54623203	-269.916388806	37.0465284437
28.95	2850.18630612	-272.274431779	39.4204538256
29.0	2574.34441025	-268.445237408	35.6053303383
29.05	2652.52914267	-269.515723339	36.6866903981
29.1	2688.7525216	-270.02172107	37.187689941
29.15	2648.20565291	-269.528150655	36.6268929287
29.2	2367.36480597	-265.474118581	32.7426297788
29.25	2864.31810624	-272.446629432	39.6159084079
29.3	2640.26446939	-269.416661303	36.5170597372
29.35	2718.22574995	-270.455608315	37.5953292714
29.4	2725.24455734	-270.489758518	37.6924052316
29.45	2988.7286397	-274.311584002	41.3366098509
29.5	2873.06664299	-272.645311714	39.7369079679
29.55	2685.36965665	-269.88679173	37.1409020972
29.6	2798.50196798	-271.559391382	38.7056163215
29.65	2558.89281611	-268.255682305	35.3916219039
29.7	2642.34917784	-269.450331358	36.5458929939
29.75	2729.70823202	-270.689676782	37.7541415753
29.8	2412.86859599	-266.1556315	33.3719851475
29.85	2641.93672565	-269.189449282	36.5401884361
29.9	2812.5650974	-271.801163335	38.9001211308
29.95	2606.20742646	-268.929316185	36.0460224281
30.0	2649.89562201	-269.574556421	36.6502666109
30.05	2648.55224653	-269.615208254	36.6316866075
30.1	2557.4793286	-268.337618609	35.3720721927
30.15	2640.49289377	-269.338080285	36.5202190369
30.2	2562.76215591	-268.24441734	35.4451381006
30.25	2715.82959957	-270.474603412	37.5621885131
30.3	2670.18526103	-269.840631359	36.9308892411
30.35	2882.93759955	-272.815718751	39.8734315301
30.4	2871.53907517	-272.648253414	39.7157804309
30.45	2989.39861223	-274.237523419	41.3458761297
30.5	2770.05066137	-271.219846415	38.3121110211
30.55	2460.28004306	-266.907092122	34.0277250041
30.6	2598.03326774	-268.825747705	35.9329669952
30.65	2746.58006147	-270.856037025	37.9874930488
30.7	2537.88811682	-267.93229982	35.1011093938
30.75	2778.38352251	-271.365977064	38.4273614408
30.8	2742.9716258	-270.853128172	37.9375853738
30.85	2853.62575164	-272.449866209	39.4680242257
30.9	2721.76260538	-270.649652432	37.6442469319
30.95	2590.24850937	-268.78174376	35.825297294
31.0	2607.60757729	-269.037381423	36.0653876818
31.05	2622.83333622	-269.150725603	36.2759726269
31.1	2661.80737401	-269.612254089	36.8150160761
31.15	2643.78276569	-269.403400438	36.5657207095
31.2	2551.81639807	-268.084939369	35.2937491404
31.25	3042.40225651	-274.988234084	42.078960738
31.3	2743.56331888	-270.923356	37.9457689826
31.35	2401.13219846	-266.156233037	33.2096609808
31.4	2645.13581167	-269.428355428	36.5844344639
31.45	2653.05568114	-269.632802172	36.6939728644
31.5	2697.58773743	-270.266780178	37.309888345
31.55	2791.683515	-271.531431085	38.6113114298
31.6	2660.12909818	-269.66143201	36.7918041215
31.65	2586.14076895	-268.655204133	35.768483818
31.7	2831.19669897	-272.117532934	39.1578117202
31.75	2599.0190897	-268.870666582	35.9466017353
31.8	2691.91885815	-270.092566976	37.2314830164
31.85	2790.69537187	-271.486397238	38.5976445862
31.9	2746.12152447	-270.944640947	37.9811510996
31.95	2485.98785608	-267.368675584	34.3832855
32.0	2915.40047887	-273.462929314	40.3224202269
32.05	2701.47835156	-270.431145613	37.3636987834
32.1	2615.86949977	-269.236636692	36.1796569606
32.15	2506.75022953	-267.513885331	34.6704464417
32.2	2776.78533599	-271.274533251	38.4052571882
32.25	2728.75483842	-270.656621493	37.7409553467
32.3	2538.96883787	-267.859667886	35.1160566672
32.35	2694.15756562	-270.118851681	37.2624462079
32.4	2668.94858773	-269.806663887	36.9137850181
32.45	2852.52772193	-272.32074047	39.4528375591
32.5	2652.57480334	-269.6865499	36.6873219232
32.55	2822.90653699	-271.9556544	39.0431518656
32.6	2744.57077746	-270.816639875	37.959702975
32.65	2926.11816093	-273.510339228	40.4706547088
32.7	2680.4563458	-270.072111495	37.0729469102
32.75	2618.60743003	-269.156515727	36.2175248197
32.8	2691.47703782	-270.12609208	37.2253722727
32.85	2769.84308086	-271.168718266	38.3092400095
32.9	2809.89005179	-271.889973537	38.8631230189
32.95	2824.76378402	-272.071260439	39.0688391411
33.0	2773.62079105	-271.282637683	38.3614888923
33.05	2529.22263486	-267.860445753	34.9812585507
33.1	2684.79684231	-269.962784524	37.1329795971
33.15	2656.2085048	-269.57956796	36.7375790451
33.2	2662.6940861	-269.704870356	36.8272800439
33.25	2659.32398868	-269.764787675	36.7806687857
33.3	2680.2057408	-269.987543569	37.069480834
33.35	2747.21686125	-270.762530485	37.9963005209
33.4	2445.33179142	-266.597478634	33.8209782164
33.45	2618.13337766	-269.053568254	36.2109682801
33.5	2865.59499692	-272.556718558	39.633568871
33.55	2593.62695892	-268.798942173	35.8720240692
33.6	2543.15669627	-268.021909626	35.1739782418
33.65	2835.00496941	-272.110430975	39.2104832768
33.7	2580.13490356	-268.525234868	35.6854176904
33.75	2607.44270642	-268.834097438	36.0631073803
33.8	2516.29776331	-267.458658391	34.8024967971
33.85	3061.06220337	-275.367615093	42.3370433666
33.9	2794.70750381	-271.65449734	38.6531357172
33.95	2443.028896	-266.740382723	33.7891272519
34.0	2684.41118087	-270.127284699	37.1276455777
34.05	2923.36510748	-273.480786618	40.4325776835
34.1	2679.3180734	-270.024057654	37.0572036535
34.15	2696.45095656	-270.184578921	37.2941657174
34.2	2899.10042795	-273.075641476	40.0969769276
34.25	2937.78958154	-273.779484796	40.6320801905
34.3	2769.82107003	-271.233618945	38.3089355814
34.35	2873.97246466	-272.644339841	39.7494362371
34.4	2784.83119783	-271.52045845	38.5165381681
34.45	2826.16420152	-271.957766849	39.0882080832
34.5	2821.79932558	-272.103805046	39.0278382083
34.55	2924.80615327	-273.454482451	40.4525085487
34.6	2508.17369619	-267.460939951	34.6901341729
34.65	2711.53101475	-270.385207355	37.5027354997
34.7	2777.60063737	-271.436855771	38.4165334863
34.75	2505.04751633	-267.632849066	34.646896498
34.8	2910.84415567	-273.319671812	40.2594024767
34.85	2601.68410598	-268.74640642	35.9834611332
34.9	2647.13147664	-269.552311804	36.612036175
34.95	2695.81611337	-270.251330578	37.2853853066
35.0	2999.35552544	-274.489186455	41.4835885441
35.05	2789.14315548	-271.59559744	38.5761761389
35.1	2710.70054891	-270.344913594	37.4912494646
35.15	2660.23622027	-269.672515068	36.7932857094
35.2	2770.55690431	-271.363574687	38.3191127832
35.25	2749.43490213	-271.062708319	38.0269778761
35.3	2646.38820773	-269.557654612	36.601756146
35.35	2742.54751491	-270.934580639	37.9317195665
35.4	2752.56164345	-271.008523151	38.0702233166
35.45	2723.45114781	-270.516358105	37.667600882
35.5	2560.84901704	-268.282929428	35.4186777943
35.55	2748.41329376	-271.016443511	38.0128481804
35.6	2675.74417942	-270.035820146	37.007773719
35.65	2721.45907369	-270.665058644	37.6400488354
35.7	2610.17758812	-268.987513573	36.1009330752
35.75	2963.20842299	-274.037769634	40.9836439686
35.8	2560.22000877	-268.27446889	35.4099780854
35.85	2582.92320662	-268.49657721	35.7239822474
35.9	2833.34134112	-272.11285281	39.1874739099
35.95	2570.82743143	-268.485176727	35.5566875879
36.0	2588.04793988	-268.784262358	35.7948615827
36.05	2777.08240765	-271.33681214	38.409365937
36.1	2873.68667627	-272.630611572	39.7454835453
36.15	3065.13976907	-275.276731736	42.3934395011
36.2	2965.32629011	-273.898964891	41.0129358371
36.25	2604.71939973	-268.796678108	36.0254417772
36.3	2394.45582558	-265.803076276	33.1173211755
36.35	2928.96870813	-273.419036906	40.5100801542
36.4	2987.27652082	-274.258534881	41.3165258356
36.45	2859.28554571	-272.516169851	39.5463038984
36.5	2562.03809875	-268.28127369	35.4351237861
36.55	2594.29324133	-268.789713315	35.8812393106
36.6	2797.37770037	-271.639996575	38.6900667627
36.65	2726.54959918	-270.707728623	37.7104550487
36.7	2392.46620684	-266.076375163	33.0898030888
36.75	2630.81168507	-269.291386915	36.3863198459
36.8	2599.72934569	-268.820111698	35.956425168
36.85	2762.48911961	-271.087292045	38.2075285918
36.9	2568.23208492	-268.501741112	35.520791781
36.95	2751.86330133	-271.086563549	38.0605646626
37.0	2761.91789182	-271.117438766	38.1996280351
37.05	2572.2661472	-268.429553926	35.576586227
37.1	2938.91975491	-273.564142561	40.6477114309
37.15	2625.80743891	-269.252296395	36.3171069477
37.2	2821.92164509	-271.991551528	39.0295299892
37.25	2846.95572696	-272.300184855	39.3757722213
37.3	3051.47355977	-275.200958998	42.2044244282
37.35	2644.44498752	-269.540901797	36.5748797897
37.4	2782.23522205	-271.491323025	38.480633658
37.45	2822.72599877	-272.052557228	39.0406548714
37.5	2682.58874004	-270.005534919	37.1024397011
37.55	2913.50044807	-273.185336745	40.2961412161
37.6	2600.77640785	-268.905989406	35.970906911
37.65	2864.41088655	-272.53618188	39.617191637
37.7	2811.26679954	-271.794260837	38.8821645885
37.75	2711.50881366	-270.44008349	37.5024284402
37.8	2500.933046	-267.461666753	34.5899899417
37.85	2752.08582973	-270.929693011	38.0636424159
37.9	2436.98237951	-266.479358008	33.7054988857
37.95	3033.63815752	-274.968896152	41.9577459393
38.0	2906.55667136	-273.209809155	40.2001029928
38.05	2696.46283575	-270.192334791	37.2943300166
38.1	2808.73282004	-271.773094467	38.8471175386
38.15	2957.72541904	-273.853266121	40.9078094508
38.2	2783.53373161	-271.629705174	38.4985931281
38.25	2647.37621087	-269.517504235	36.6154210534
38.3	2755.50958802	-271.060950783	38.1109958487
38.35	2714.63951939	-270.574971839	37.5457287116
38.4	2888.83971461	-272.982504378	39.955062704
38.45	2888.04640383	-272.922258391	39.9440905543
38.5	2637.34322463	-269.28091983	36.4766564857
38.55	2690.10292635	-270.025325624	37.206367165
38.6	2767.56812054	-271.208044256	38.2777754109
38.65	2692.15296204	-270.072416109	37.2347208685
38.7	2651.39279637	-269.494647725	36.6709737811
38.75	2767.04904253	-271.200579861	38.2705961291
38.8	2530.61446585	-267.747713345	35.0005087342
38.85	2851.72750603	-272.313234484	39.4417699057
38.9	2904.72283607	-273.120786294	40.1747395212
38.95	2960.65465781	-273.972917854	40.9483232661
39.0	2675.57413125	-270.004022966	37.005421811
39.05	2746.09797846	-270.84800209	37.9808254386
39.1	3179.92075491	-277.083417922	43.980956269
39.15	2794.55839067	-271.56911851	38.6510733582
39.2	2832.84727725	-272.174858844	39.1806405945
39.25	3032.67247809	-274.987829721	41.9443897874
39.3	2657.54497935	-269.570921871	36.7560636029
39.35	2628.49549834	-269.13067129	36.3542850516
39.4	2723.40769039	-270.43043631	37.6669998296
39.45	2872.6318338	-272.744699047	39.7308941942
39.5	3063.67040245	-275.458151674	42.3731169353
39.55	2966.97793367	-273.996006697	41.0357794451
39.6	2749.82306512	-270.945248849	38.0323464941
39.65	2510.09752388	-267.560845151	34.7167423145
39.7	2583.60185136	-268.595411752	35.7333684702
39.75	2714.06556233	-270.410376428	37.5377904068
39.8	2574.27522189	-268.35043955	35.6043734056
39.85	2790.93007836	-271.486208047	38.6008907726
39.9	2337.96391809	-265.15964787	32.3359909774
39.95	2805.19392704	-271.813016327	38.7981716967
40.0	2382.81296581	-265.874607355	32.956290714
40.05	2690.90418831	-270.076679628	37.2174492862
40.1	3017.38566817	-274.732786014	41.7329604561
40.15	2704.16123146	-270.322782081	37.4008052501
40.2	2804.74334836	-271.773473876	38.7919398178
40.25	2540.65196973	-268.002393128	35.1393357846
40.3	2685.76432227	-270.042530444	37.146360652
40.35	2749.76889554	-270.993773052	38.0315972836
40.4	2678.81324666	-270.008797224	37.0502214786
40.45	2541.13459344	-267.958142671	35.146010873
40.5	2653.74424842	-269.638926743	36.7034963241
40.55	2695.62311922	-270.189194877	37.2827160365
40.6	2551.59523826	-268.075850486	35.2906903157
40.65	2706.38898174	-270.17924966	37.4316168946
40.7	2759.00728979	-271.098110496	38.1593719814
40.75	2739.553991	-270.83482752	37.8903166341
40.8	2703.49912454	-270.285345163	37.3916477591
40.85	3002.85734304	-274.46770236	41.5320216022
40.9	2691.58901003	-270.173493543	37.2269209417
40.95	2974.28443756	-274.117955387	41.136834488
41.0	2883.96541172	-272.796622868	39.8876470296
41.05	2859.4882819	-272.405475851	39.5491079089
41.1	2735.65143349	-270.750778016	37.8363410087
41.15	2620.6176034	-269.068901336	36.245327194
41.2	2868.36967851	-272.64024934	39.6719450317
41.25	2388.61271161	-265.874613112	33.0365060357
41.3	2738.77876035	-270.789756187	37.8795945475
41.35	2627.94789938	-269.243569225	36.3467113013
41.4	2619.90802191	-269.103130059	36.2355130902
41.45	2423.2677948	-266.318733068	33.5158147406
41.5	2895.49316858	-273.117104878	40.0470855218
41.55	2566.15929186	-268.369107908	35.4921233242
41.6	2623.8325666	-269.249762944	36.2897928165
41.65	2955.57850758	-273.826754951	40.8781158746
41.7	2720.81945228	-270.4666388	37.6312023378
41.75	2736.47732214	-270.735224514	37.8477637376
41.8	2801.39250256	-271.720814661	38.7455948256
41.85	2898.70487994	-273.019657683	40.0915061686
41.9	2666.63075661	-269.718712723	36.8817274804
41.95	2494.39974848	-267.279162251	34.4996289879
42.0	2814.52371142	-271.812239441	38.9272103963
42.05	2753.44462307	-271.041578061	38.0824356611
42.1	2599.91808638	-268.818509397	35.9590356091
42.15	2579.79130833	-268.638505862	35.6806654818
42.2	2618.56470395	-269.18536322	36.2169338825
42.25	2760.90854667	-271.115496954	38.1856679498
42.3	2522.0803166	-267.765457751	34.882474332
42.35	2875.6716796	-272.725260987	39.7729377969
42.4	2497.16522831	-267.338085596	34.5378778804
42.45	2850.03307091	-272.277616883	39.4183344548
42.5	2413.02834677	-266.088943497	33.374194634
42.55	2882.29811978	-272.805420204	39.8645869914
42.6	2773.70200477	-271.320229793	38.3626121458
42.65	2557.04186689	-268.29260034	35.3660217324
42.7	2462.7498354	-266.762455531	34.0618842922
42.75	2931.51534367	-273.436954785	40.5453022478
42.8	2819.64713373	-272.023688469	38.9980716
42.85	2747.22438238	-270.873830346	37.9964045443
42.9	2746.69886216	-270.906669774	37.9891361614
42.95	2544.29305339	-268.010016659	35.1896950085
43.0	2516.01622125	-267.655734785	34.7986028355
43.05	2679.60919846	-269.961832642	37.0612301559
43.1	2626.30386501	-269.237929247	36.3239729347
43.15	2766.54838492	-271.325114093	38.2636716167
43.2	2671.68333432	-270.017186496	36.9516088443
43.25	2761.24088249	-271.212043176	38.1902644314
43.3	2704.13312478	-270.317458334	37.4004165112
43.35	2609.37616109	-268.983131019	36.0898486709
43.4	2921.16171778	-273.342826253	40.4021029662
43.45	2558.51677765	-268.309889562	35.3864209783
43.5	2811.52367216	-271.930482031	38.8857173511
43.55	2638.37772904	-269.433565008	36.4909645446
43.6	2703.13353755	-270.302098301	37.3865913862
43.65	2902.65186732	-273.045371157	40.1460962961
43.7	2823.62091607	-272.039329113	39.0530323242
43.75	2498.69106899	-267.553812132	34.5589815297
43.8	2878.11007483	-272.961052798	39.8066628368
43.85	2967.7435476	-274.123675715	41.0463685244
43.9	2822.78266229	-272.074735572	39.0414385752
43.95	2837.68114078	-272.31351301	39.2474969589
44.0	2857.86931917	-272.435039368	39.5267163041
44.05	2839.93693819	-272.215910212	39.2786965185
44.1	2892.66394018	-272.982174269	40.0079549333
44.15	2882.68886437	-272.787111451	39.869991315
44.2	2798.59353594	-271.682384192	38.7068827827
44.25	2575.53258832	-268.514103285	35.6217638321
44.3	2809.64032404	-271.878062322	38.8596690759
44.35	2922.40185071	-273.451469744	40.419255039
44.4	2564.49640236	-268.291490204	35.4691241754
44.45	2458.93523476	-266.853829466	34.0091251838
44.5	2527.32978976	-267.769549147	34.9550789242
44.55	3031.24340693	-275.022179768	41.9246245414
44.6	2774.3260705	-271.41946954	38.3712434954
44.65	2644.67555493	-269.509409569	36.5780687293
44.7	2972.85163668	-274.033599225	41.1170176568
44.75	2790.99398121	-271.619786308	38.6017746024
44.8	2617.98947005	-269.089026054	36.2089779178
44.85	2794.0633471	-271.530263885	38.6442264927
44.9	2905.32380971	-273.184495434	40.183051488
44.95	2443.07672534	-266.59695104	33.7897887717
45.0	2605.72040866	-269.017639366	36.0392865656
45.05	2540.38398356	-268.115825666	35.1356293124
45.1	2804.13582923	-271.727815913	38.7835373215
45.15	2744.11968469	-270.898349252	37.9534639858
45.2	2628.95412777	-269.25888271	36.3606282792
45.25	2630.67464807	-269.252517868	36.3844245099
45.3	2432.76085962	-266.49411781	33.6471117447
45.35	2785.75908592	-271.344951804	38.5293716344
45.4	2854.40150367	-272.366010596	39.4787535233
45.45	2737.07503067	-270.79231685	37.8560305451
45.5	2621.25251701	-269.082633893	36.2541085787
45.55	2543.8941146	-268.080384167	35.1841773523
45.6	2437.5096648	-266.56332559	33.7127916811
45.65	2668.06344478	-269.794389699	36.9015427527
45.7	2415.03795966	-266.257817592	33.4019892564
45.75	2730.06972692	-270.633206579	37.7591413513
45.8	2450.13955194	-266.819543471	33.8874735543
45.85	2462.88923884	-267.001322617	34.0638123581
45.9	2692.94645165	-270.200515153	37.2456954916
45.95	2656.47756353	-269.61605056	36.7413003518
46.0	2597.87009624	-268.785075797	35.9307101973
46.05	2707.31394077	-270.224587722	37.4444098493
46.1	2736.48071987	-270.86237948	37.8478107309
46.15	2745.10761816	-270.887890019	37.9671279296
46.2	2820.43483288	-272.005705991	39.0089661362
46.25	2622.96406206	-269.212363759	36.2777806744
46.3	2640.55811225	-269.512129459	36.5211210629
46.35	2549.470549	-268.32967927	35.2613040912
46.4	2742.59228923	-270.924762375	37.9323388326
46.45	2898.68793925	-272.968259259	40.0912718648
46.5	2983.6459527	-274.236614045	41.2663120504
46.55	2598.15675601	-268.808794996	35.934674941
46.6	2492.79766925	-267.288549519	34.4774708959
46.65	2743.17786833	-270.90636006	37.94043788
46.7	2976.2651311	-274.183461113	41.1642291317
46.75	2823.90151771	-271.990778394	39.0569132789
46.8	2871.06164983	-272.650324565	39.7091772403
46.85	2685.01980322	-270.134418057	37.1360633324
46.9	3017.17951938	-274.807910153	41.7301092464
46.95	2697.60670562	-270.250824841	37.3101506908
47.0	2854.58179724	-272.323887161	39.4812471337
47.05	2724.34339907	-270.593972528	37.6799414611
47.1	2996.13264537	-274.561973687	41.4390134246
47.15	2588.2931049	-268.796381399	35.7982524194
47.2	2943.08394853	-273.71007673	40.7053057019
47.25	2647.2443155	-269.426853738	36.6135968305
47.3	2559.62606584	-268.311711359	35.4017633593
47.35	2630.90490287	-269.345624644	36.3876091258
47.4	2698.64440488	-270.234783563	37.3245029371
47.45	2860.12936245	-272.532673546	39.5579745876
47.5	2801.32788677	-271.666421861	38.7447011354
47.55	2653.07183522	-269.577949268	36.6941962887
47.6	2574.8458788	-268.527835396	35.6122660666
47.65	2573.83882187	-268.566563642	35.5983376294
47.7	2803.77475101	-271.761079427	38.7785433086
47.75	2920.72399565	-273.329258521	40.396048904
47.8	2448.22398819	-266.618213433	33.86097971
47.85	2494.46031241	-267.304091831	34.5004666374
47.9	2579.44352267	-268.541684747	35.6758553161
47.95	2763.94450604	-271.21502873	38.2276578
48.0	2605.32167998	-268.994943483	36.0337718155
48.05	2766.83339882	-271.325273246	38.2676135967
48.1	2423.63366096	-266.330354095	33.5208749746
48.15	2906.02959406	-273.128852118	40.1928130741
48.2	2843.84711415	-272.297360416	39.3327775133
48.25	2795.2307032	-271.629772792	38.6603720011
48.3	2761.09290998	-271.081490595	38.1882178481
48.35	2887.56420751	-273.029592639	39.937421377
48.4	2800.4360256	-271.607361134	38.7323659515
48.45	2817.74657377	-271.858732404	38.9717852707
48.5	2805.35050679	-271.729659081	38.8003373253
48.55	2961.40703314	-274.025681381	40.9587292444
48.6	2524.83754895	-267.840371522	34.9206091552
48.65	2747.49434317	-270.904776808	38.0001383272
48.7	2670.44958521	-269.871237871	36.9345450651
48.75	2522.93166512	-267.806998698	34.8942491922
48.8	2741.6910375	-270.90120767	37.9198737696
48.85	2589.68950951	-268.75181855	35.8175658598
48.9	2485.6543013	-267.303939979	34.3786721591
48.95	2806.72325644	-271.770531287	38.8193235979
49.0	2631.6893957	-269.305662435	36.398459316
49.05	2574.33696743	-268.383231375	35.6052273979
49.1	2741.83320487	-270.733808105	37.9218400629
49.15	2904.23490207	-273.090807988	40.167990987
49.2	2706.27497268	-270.392569339	37.4300400542
49.25	2674.90723083	-269.955627925	36.9961980219
49.3	2770.90522471	-271.25110726	38.3239303448
49.35	2688.33687105	-270.21458813	37.1819411472
49.4	2851.27427041	-272.395653875	39.4355012791
49.45	2674.29139875	-269.839284001	36.9876805506
49.5	2675.30135601	-269.90374514	37.0016491019
49.55	2403.05360067	-266.175414522	33.236235576
49.6	2619.44762324	-269.209192613	36.2291453926
49.65	2987.29299022	-274.416248637	41.3167536212
49.7	2709.25849565	-270.458538956	37.4713046652
49.75	2599.44209424	-268.874444509	35.9524522408
49.8	2627.26485097	-269.312205205	36.3372641721
49.85	2862.4749536	-272.503966175	39.5904160696
49.9	2688.52582412	-270.129737047	37.1845545257
49.95	2722.0670426	-270.568852195	37.6484575526
50.0	2651.74658961	-269.631743562	36.6758670366
50.05	2732.58573606	-270.703381642	37.7939398563
50.1	2770.64937539	-271.330126904	38.3203917353
50.15	2731.69509997	-270.559366182	37.7816216163
50.2	2809.70759931	-271.616355776	38.8605995489
50.25	2573.7309413	-268.545209447	35.5968455511
50.3	2889.05624693	-273.077834587	39.9580575266
50.35	2689.95290015	-270.079851387	37.2042921776
50.4	2601.30366222	-269.03277576	35.9781992787
50.45	2912.10874816	-273.366971601	40.2768928456
50.5	2982.72306102	-274.288497742	41.2535476887
50.55	2757.85467602	-271.140105816	38.1434303716
50.6	2601.9651577	-268.933379858	35.9873483129
50.65	2776.47343778	-271.350774944	38.4009433758
50.7	2622.47427404	-269.170371192	36.2710064975
50.75	2753.2127369	-271.056379091	38.0792284819
50.8	2574.07987684	-268.402224315	35.6016716206
50.85	2587.88211033	-268.626232696	35.7925680217
50.9	2504.36685398	-267.484120181	34.6374823701
50.95	2537.67916178	-267.935483174	35.0982193712
51.0	2615.55703449	-269.021819862	36.1753353052
51.05	2527.26598615	-267.821373717	34.9541964671
51.1	2584.9617855	-268.576589213	35.7521774936
51.15	2767.69632837	-271.245138543	38.2795486321
51.2	2718.07248667	-270.492266999	37.5932095123
51.25	2690.22204494	-270.20496971	37.2080146744
51.3	2652.28442245	-269.626352204	36.6833057134
51.35	2443.85418334	-266.649875687	33.8005416643
51.4	2776.89189888	-271.317376753	38.4067310419
51.45	2661.84888787	-269.760747225	36.8155902474
51.5	2752.84305111	-270.981621837	38.0741154192
51.55	2611.16020443	-268.997030252	36.1145234783
51.6	2808.2547744	-271.86897796	38.8405057687
51.65	2703.72817202	-270.231884635	37.3948156768
51.7	2907.68598462	-273.113823349	40.215722337
51.75	2903.4076124	-273.2249019	40.1565488809
51.8	3069.36545689	-275.48010089	42.4518842882
51.85	2841.59747233	-272.304802519	39.3016630907
51.9	2735.56383524	-270.739199715	37.8351294518
51.95	2869.38173251	-272.662944848	39.6859425826
52.0	2625.04198685	-269.31254113	36.3065201074
52.05	2759.36507161	-271.016542212	38.1643204024
52.1	2915.32813515	-273.18834867	40.3214196528
52.15	2897.6132833	-273.014503345	40.0764084767
52.2	2736.08844236	-270.77134038	37.8423852058
52.25	2473.35883575	-267.012290296	34.2086156156
52.3	2672.7085995	-269.929537413	36.9657891169
52.35	2958.93991632	-273.910117475	40.9246069611
52.4	2905.92460502	-273.07959826	40.1913609881
52.45	2718.52957073	-270.487770841	37.5995313662
52.5	2706.88449923	-270.379021265	37.4384703147
52.55	2678.88072963	-269.947187066	37.0511548245
52.6	2642.24975432	-269.438895451	36.5445178836
52.65	2480.11433911	-267.1384429	34.3020498614
52.7	2757.21208245	-271.00359593	38.1345427666
52.75	2554.11457006	-268.204125218	35.3255347758
52.8	2468.65371375	-267.002426499	34.1435398539
52.85	2770.86837441	-271.330353963	38.3234206744
52.9	2884.65558278	-272.976601067	39.897192671
52.95	2624.56508749	-269.286081504	36.2999241914
53.0	2790.00670762	-271.515771969	38.5881197852
53.05	2773.72740897	-271.303523276	38.362963507
53.1	2927.15055006	-273.424684309	40.4849335116
53.15	2703.94413984	-270.255631785	37.3978026919
53.2	2766.58629254	-271.052485241	38.2641959108
53.25	2774.48499701	-271.217462589	38.3734415815
53.3	2759.25422483	-271.182817978	38.1627872989
53.35	2685.17090146	-270.158807238	37.1381531471
53.4	2735.34679753	-270.690482883	37.8321276393
53.45	2977.88550253	-274.156051861	41.18664022
53.5	2912.97776703	-273.116538127	40.2889121014
53.55	2695.70335635	-270.06675435	37.2838257829
53.6	2691.92559435	-270.094887363	37.2315761836
53.65	2495.39544669	-267.437885218	34.5134003245
53.7	2889.57098822	-272.803065181	39.965176828
53.75	2624.86826466	-269.271595625	36.3041173845
53.8	2518.59402014	-267.685353854	34.8342559443
53.85	3028.58950081	-274.914815954	41.8879188062
53.9	2917.91602706	-273.44456585	40.3572123564
53.95	2746.84050935	-270.911714354	37.9910952601
54.0	2604.02130679	-268.932752414	36.0157865697
54.05	3012.4891513	-274.785548072	41.6652375439
54.1	2862.95098866	-272.620550171	39.5970000315
54.15	2625.33196425	-269.245463838	36.3105307366
54.2	2797.48536111	-271.643563373	38.6915558005
54.25	2900.14386829	-273.262318196	40.1114085777
54.3	2809.93498772	-271.942441204	38.8637445203
54.35	2811.70904396	-271.856734942	38.8882811977
54.4	2455.938122	-266.78633626	33.9676726146
54.45	2744.95184006	-270.691148512	37.9649733886
54.5	2712.38259346	-270.485407175	37.5145135436
54.55	2475.83198262	-267.196221221	34.2428212994
54.6	2642.82684364	-269.395673633	36.5524995103
54.65	2516.60668094	-267.630319443	34.8067693856
54.7	2767.47079254	-271.0878385	38.2764292834
54.75	3019.00263729	-274.660934143	41.7553244878
54.8	2642.31665864	-269.269688835	36.5454432262
54.85	2800.12388565	-271.694088453	38.7280487957
54.9	2680.80842792	-269.993110387	37.0778164996
54.95	2801.36846008	-271.64818764	38.7452622981
55.0	2800.50829202	-271.679685509	38.7333654563
55.05	2779.18658048	-271.427620628	38.4384684022
55.1	2673.80765832	-269.914585974	36.980990017
55.15	2754.44862165	-270.920727913	38.0963217989
55.2	2692.74793904	-270.179834896	37.2429498966
55.25	2605.05712837	-268.825665624	36.0301128461
55.3	3176.30639102	-276.873857416	43.9309666018
55.35	2817.52915815	-271.848502331	38.9687782312
55.4	2654.67139938	-269.60268948	36.7163195952
55.45	2622.83653967	-269.171926827	36.2760169333
55.5	2809.71461376	-271.78264782	38.8606965647
55.55	2510.9054555	-267.736885936	34.7279166827
55.6	2552.17884265	-268.180452229	35.2987620512
55.65	2504.76586557	-267.483346008	34.6430010331
55.7	2721.32938782	-270.524648827	37.6382551717
55.75	2916.70160285	-273.315421101	40.3404158567
55.8	2671.00733143	-269.822690514	36.9422591605
55.85	3019.16322132	-274.683656253	41.7575454987
55.9	2595.62840804	-268.753568642	35.8997057798
55.95	2788.6812943	-271.43736296	38.5697882135
56.0	2680.53523813	-270.102066514	37.0740380569
56.05	2596.70861422	-268.778974699	35.9146459322
56.1	2678.47372279	-269.865073615	37.0455255804
56.15	2917.62131555	-273.344311382	40.3531362505
56.2	2633.33585506	-269.266636313	36.4212312222
56.25	2797.42212238	-271.683661058	38.6906811561
56.3	2671.1150946	-269.842275663	36.943749615
56.35	2666.82774651	-269.722847309	36.8844520151
56.4	2449.13826547	-266.691547658	33.8736249273
56.45	2637.0795296	-269.319257761	36.4730093635
56.5	2533.19775892	-267.898719261	35.0362378319
56.55	2807.75397746	-271.802168694	38.8335793292
56.6	2502.36638571	-267.345815731	34.6098142253
56.65	2592.96404342	-268.622818	35.8628553948
56.7	2639.73148129	-269.378776878	36.5096880672
56.75	2889.69964038	-273.094595014	39.9669561946
56.8	2638.14661276	-269.483656453	36.4877680137
56.85	2267.97417918	-264.258811105	31.367974513
56.9	2819.4932115	-271.963036462	38.9959427273
56.95	2843.11040482	-272.258957786	39.3225882089
57.0	2406.51498618	-266.137026471	33.2841094245
57.05	2296.20938558	-264.668667002	31.7584909673
57.1	2708.2124166	-270.340203153	37.4568365195
57.15	2709.13480931	-270.329195827	37.4695939799
57.2	2656.61603089	-269.581885934	36.7432154709
57.25	2765.73918012	-271.112862481	38.2524796394
57.3	2761.5350399	-271.210860868	38.1943328737
57.35	2588.65114529	-268.674124362	35.8032044166
57.4	2504.19775444	-267.57954555	34.6351435823
57.45	2781.09896349	-271.396194861	38.4649182544
57.5	2804.89489032	-271.751099725	38.7940357694
57.55	2438.63308974	-266.532111861	33.728329585
57.6	2929.84501721	-273.543267956	40.5222002397
57.65	2790.84272195	-271.649703924	38.5996825606
57.7	2996.70700954	-274.404227287	41.4469573601
57.75	2708.70735343	-270.35886544	37.4636819087
57.8	3053.93855867	-275.25213471	42.2385174189
57.85	2760.6638218	-271.044096116	38.1822832007
57.9	2612.16964057	-269.033481811	36.128484822
57.95	2776.7319769	-271.240660371	38.4045191876
58.0	2910.96086488	-273.134374847	40.2610166625
58.05	2647.05510372	-269.562823272	36.6109798737
58.1	2618.69634475	-269.026923785	36.2187545845
58.15	2565.72490568	-268.19424596	35.4861154011
58.2	2655.2251483	-269.583807908	36.7239784046
58.25	2637.5338414	-269.345898	36.4792928746
58.3	2539.59563062	-267.957119684	35.1247257337
58.35	2554.45740123	-268.137694586	35.3302764168
58.4	2972.04738761	-274.182821625	41.1058942213
58.45	2863.16399158	-272.588348942	39.5999460396
58.5	2904.43984538	-273.02834944	40.170825524
58.55	2730.47896484	-270.662528728	37.7648014532
58.6	2845.37201115	-272.260571876	39.3538681107
58.65	2696.23872648	-270.167018968	37.2912303984
58.7	2613.77988667	-268.956944133	36.1507558686
58.75	2819.68930044	-271.871762624	38.9986548008
58.8	2866.01204581	-272.592555813	39.639337005
58.85	2614.22364675	-269.005711406	36.1568934406
58.9	2802.4562583	-271.754506454	38.7603074547
58.95	2817.75353367	-271.930234662	38.9718815319
59.0	2813.62157962	-271.87593795	38.9147331611
59.05	2569.45931012	-268.318143474	35.5377653291
59.1	2817.8402	-271.8511053	38.9730801995
59.15	2663.39958215	-269.871566218	36.8370376427
59.2	2892.36507024	-272.917253857	40.0038213128
59.25	2719.74603292	-270.415592438	37.6163560528
59.3	2428.08054874	-266.373418569	33.5823791416
59.35	2812.71649659	-271.749486092	38.9022151079
59.4	2996.49124865	-274.40879322	41.4439732071
59.45	2817.76277451	-271.860615309	38.9720093404
59.5	2470.83298622	-266.985551696	34.1736810098
59.55	2767.87222383	-271.250329297	38.281981413
59.6	2842.71467061	-272.179062355	39.3171148747
59.65	2951.41083876	-273.703601615	40.8204735388
59.7	2979.45352935	-274.16477705	41.2083273388
59.75	2968.95471039	-274.042955177	41.063119916
59.8	2754.04871352	-271.038164897	38.0907907359
59.85	3060.88526564	-275.379572214	42.3345961701
59.9	2291.8161419	-264.56137999	31.6977287431
59.95	2754.00564997	-270.987348956	38.090195131
60.0	2541.60442642	-267.901742872	35.152509055
60.05	2974.88581711	-274.122673371	41.1451520687
60.1	2833.59435154	-272.229756608	39.1909732551
60.15	2960.82443546	-273.964697681	40.9506714325
60.2	2611.0409621	-269.018206117	36.1128742574
60.25	2728.85178469	-270.672121324	37.7422961945
60.3	2904.71723544	-273.0957959	40.1746620598
60.35	2715.84644681	-270.372176973	37.5624215245
60.4	2725.55133211	-270.520827012	37.6966481825
60.45	2690.6357561	-270.083148279	37.2137366448
60.5	2786.9018047	-271.346760935	38.5451763882
60.55	2754.67635902	-271.033848733	38.0994715966
60.6	2541.38920635	-267.97062283	35.149532382
60.65	2764.03552506	-271.037301319	38.228916669
60.7	2485.84777186	-267.16502398	34.3813480184
60.75	2866.90577147	-272.555022986	39.6516979763
60.8	3037.77357923	-275.095430141	42.0149422707
60.85	2891.99561245	-272.948347495	39.9987114033
60.9	2563.65141456	-268.213302818	35.4574372894
60.95	2602.41195745	-268.79143413	35.9935279261
61.0	2788.99062987	-271.433347493	38.5740665824
61.05	2750.73895276	-270.967872184	38.045013984
61.1	2616.00316141	-269.106364028	36.1815056125
61.15	2722.65490051	-270.519781232	37.6565881178
61.2	2613.7192163	-268.975298984	36.1499167467
61.25	2870.58830259	-272.552917154	39.7026304532
61.3	2376.5369325	-265.758470735	32.8694879388
61.35	2594.25059296	-268.86298968	35.8806494481
61.4	2540.70793323	-268.067721143	35.1401098066
61.45	2689.6583586	-270.069783588	37.2002184222
61.5	2572.32052427	-268.332921485	35.5773383072
61.55	2757.69914205	-271.051237182	38.1412792071
61.6	2706.79576922	-270.238857748	37.4372431046
61.65	2627.7982037	-269.162345374	36.3446408851
61.7	2853.69802806	-272.369950438	39.4690238689
61.75	3121.78605876	-276.165961106	43.1769049336
61.8	2913.62005954	-273.317560557	40.2977955425
61.85	2470.83876748	-267.084589031	34.1737609695
61.9	2854.68731379	-272.49248047	39.4827065156
61.95	2766.35230915	-271.147679114	38.2609597253
62.0	2677.94447689	-269.973805269	37.0382056681
