# 	 t 	 T	E	K
2.05	1988.82662504	-292.424006831	27.5071310149
2.1	1934.48762308	-291.691102169	26.7555772961
2.15	2018.67232534	-292.835792873	27.919921943
2.2	1915.77038647	-291.366198214	26.4967023026
2.25	2062.16162922	-293.391620958	28.5214152882
2.3	2108.02959622	-294.062058425	29.1558075282
2.35	2023.66670163	-292.932817031	27.9889983328
2.4	1888.15391252	-290.97103088	26.1147434342
2.45	1957.89589532	-291.932865956	27.079333225
2.5	2030.68850685	-292.955803976	28.0861157555
2.55	2083.15053501	-293.718126136	28.8117093612
2.6	1869.04512605	-290.725911735	25.8504529796
2.65	2096.64593767	-293.980519554	28.9983620358
2.7	1961.01161387	-292.077559546	27.1224262112
2.75	2182.00378608	-295.071220935	30.1789322725
2.8	1991.16763832	-292.462920658	27.5395091811
2.85	2085.37064672	-293.792313747	28.8424153578
2.9	1969.47592297	-292.117914381	27.2394946658
2.95	2099.55474531	-294.020023703	29.0385932717
3.0	1976.06468579	-292.271956786	27.330622751
3.05	2018.47173108	-292.88096895	27.9171475571
3.1	2003.79504748	-292.635059762	27.7141567818
3.15	1983.63490531	-292.331104701	27.4353252009
3.2	1898.12790759	-291.157562653	26.2526921048
3.25	1859.77969648	-290.619156496	25.7223043607
3.3	2089.83067219	-293.896739982	28.9041012299
3.35	1781.34924454	-289.487949161	24.637545795
3.4	2144.34100612	-294.583178514	29.6580246128
3.45	2118.74671426	-294.208274815	29.3040342093
3.5	1927.01431268	-291.499382533	26.6522151802
3.55	1900.34275499	-291.146554708	26.2833252918
3.6	2079.18339977	-293.763629263	28.7568405719
3.65	2084.13966934	-293.775415542	28.8253899139
3.7	2023.26472306	-292.889654794	27.9834386339
3.75	1996.10348008	-292.522525022	27.6077759894
3.8	1800.20159352	-289.750564847	24.8982895053
3.85	2021.06288628	-292.897786183	27.9529853948
3.9	1879.57465152	-290.905951345	25.9960850991
3.95	2106.9579862	-294.056305992	29.1409862678
4.0	2012.78994538	-292.703604309	27.8385637219
4.05	2067.64236314	-293.516414738	28.5972184095
4.1	1995.99415213	-292.476744701	27.6062638926
4.15	2046.76199517	-293.272907687	28.3084255051
4.2	2092.00975782	-293.892226974	28.9342398017
4.25	1882.93419959	-290.865621633	26.0425504508
4.3	2071.5297208	-293.518555987	28.6509838082
4.35	1802.13161624	-289.800235004	24.9249833294
4.4	1901.06478065	-291.145940355	26.2933115088
4.45	1951.16115987	-291.850812412	26.9861862165
4.5	2151.5162933	-294.680030427	29.7572648191
4.55	1998.5437102	-292.527670508	27.6415264073
4.6	1978.66910948	-292.315846858	27.3666441028
4.65	1888.234691	-290.989205227	26.115860668
4.7	2178.2314024	-295.061299289	30.1267570597
4.75	2085.52577702	-293.788055719	28.8445609392
4.8	1948.78270768	-291.872977277	26.953290239
4.85	1815.84039421	-290.026514604	25.1145871625
4.9	2080.08274782	-293.781490799	28.7692793056
4.95	1980.81804466	-292.32641769	27.3963656687
5.0	2225.06823673	-295.775643755	30.774549543
5.05	1897.96661082	-291.139809301	26.250461236
5.1	2045.78386721	-293.239834438	28.2948971796
5.15	1911.30691156	-291.371026718	26.4349687218
5.2	2082.3346273	-293.726845496	28.800424677
5.25	1954.22744717	-291.906477261	27.0285955274
5.3	2015.43197045	-292.827731962	27.8751051323
5.35	1863.46360953	-290.625589433	25.7732559507
5.4	1993.792875	-292.464922816	27.5758183939
5.45	2099.76167737	-293.988116773	29.0414553146
5.5	1778.45744867	-289.426975634	24.5975498462
5.55	2204.46479366	-295.425100701	30.4895867411
5.6	2143.05467734	-294.581382081	29.6402336129
5.65	2004.73922688	-292.648775624	27.7272155704
5.7	1733.03613794	-288.802067324	23.969335235
5.75	2094.17327379	-293.907758802	28.9641630321
5.8	1977.32619386	-292.188872654	27.3480704597
5.85	1967.38018244	-292.097981177	27.2105088263
5.9	1992.44712515	-292.448288337	27.5572055511
5.95	2105.16389832	-294.037532157	29.1161725361
6.0	2012.89744026	-292.74414613	27.8400504659
6.05	1907.60053236	-291.28106658	26.3837064061
6.1	2159.46153002	-294.828364121	29.8671540697
6.15	2057.20633084	-293.39132564	28.4528793786
6.2	1777.0281279	-289.448341679	24.5777811479
6.25	1841.63455764	-290.382424787	25.4713419565
6.3	2063.68810572	-293.451308287	28.5425277313
6.35	2046.58122122	-293.186457052	28.3059252506
6.4	1942.04893519	-291.760703106	26.8601565491
6.45	2106.88732067	-294.089987926	29.1400089046
6.5	1809.34099384	-289.838815411	25.0246950345
6.55	2198.63548855	-295.320362151	30.4089625893
6.6	2189.48081097	-295.24706649	30.282345763
6.65	1840.28365079	-290.319710297	25.4526577881
6.7	1803.17242964	-289.824115007	24.9393786467
6.75	1901.90861175	-291.218594048	26.3049823968
6.8	1995.31706996	-292.500046101	27.5968992816
6.85	2050.71052559	-293.311433565	28.363036974
6.9	1988.45778456	-292.392269284	27.5020296434
6.95	2223.04666488	-295.708500585	30.7465895183
7.0	1969.88309884	-292.149396729	27.2451262476
7.05	1910.72082646	-291.333483455	26.4268626761
7.1	1914.63409953	-291.402873504	26.4809865065
7.15	2063.98267497	-293.475972874	28.5466018698
7.2	2010.99877224	-292.772586262	27.8137903034
7.25	1864.91215727	-290.684913837	25.7932905742
7.3	2127.65971152	-294.377110604	29.4273083953
7.35	2167.52157468	-294.929456836	29.9786312099
7.4	1911.86379123	-291.327278797	26.4426708321
7.45	2029.32263016	-292.99466135	28.0672245417
7.5	1992.9789945	-292.442123464	27.5645617478
7.55	1937.22367301	-291.703745009	26.7934191487
7.6	1937.06682609	-291.665969899	26.7912498249
7.65	2111.09786114	-294.093078996	29.1982441912
7.7	2025.26026533	-292.951455618	28.0110386478
7.75	1968.45623265	-292.116051539	27.2253914982
7.8	1946.91085709	-291.83116154	26.9274009841
7.85	1967.96333853	-292.088607079	27.2185743614
7.9	1987.06944	-292.362901171	27.4828276802
7.95	1856.59698099	-290.549763046	25.6782847509
8.0	1981.73539835	-292.357101909	27.4090534354
8.05	1986.89003654	-292.376838216	27.4803463807
8.1	1975.629789	-292.189457416	27.3246077656
8.15	2084.50671115	-293.762243244	28.8304664082
8.2	1877.74000775	-290.875939127	25.9707104455
8.25	2134.19433213	-294.497103329	29.5176876487
8.3	2042.06561138	-293.165877941	28.2434706003
8.35	2122.90318702	-294.328698683	29.3615216943
8.4	2110.76926148	-294.146517272	29.1936993837
8.45	1733.32165974	-288.836151961	23.9732842397
8.5	2029.09396053	-292.983627381	28.06406185
8.55	1959.30836479	-291.940041942	27.0988688558
8.6	2027.25493635	-292.909093329	28.0386266117
8.65	1974.21110125	-292.182638731	27.3049861307
8.7	2055.886555	-293.363500802	28.4346257779
8.75	1931.61397703	-291.596680792	26.7158323745
8.8	2262.71021685	-296.253856611	31.2951695236
8.85	1945.5534184	-291.800043208	26.9086264748
8.9	2087.24334455	-293.847115148	28.8683163306
8.95	1916.37013751	-291.371754368	26.5049973597
9.0	1726.90173482	-288.730162387	23.8844913234
9.05	2058.98098994	-293.36873019	28.4774243941
9.1	2190.99776531	-295.203880059	30.3033265067
9.15	2084.71104167	-293.794054741	28.8332924698
9.2	1927.86499057	-291.599491179	26.6639807649
9.25	2081.78539674	-293.704065245	28.7928283602
9.3	1913.71243258	-291.440118206	26.4682390839
9.35	2009.35907226	-292.77329109	27.7911118852
9.4	2141.37285098	-294.521317368	29.6169725516
9.45	2044.39538935	-293.151966612	28.2756933727
9.5	2029.10774049	-292.989050156	28.0642524382
9.55	1828.60870158	-290.152957442	25.2911835029
9.6	2059.18036885	-293.394062066	28.4801819708
9.65	1913.52712076	-291.338995069	26.4656760669
9.7	1976.55525983	-292.258835213	27.3374077991
9.75	2028.18770607	-293.006753069	28.0515275948
9.8	2116.02433433	-294.205952564	29.2663814243
9.85	1971.32920137	-292.158428372	27.2651270518
9.9	1919.94442498	-291.487283881	26.5544327366
9.95	1968.53216774	-292.158843173	27.2264417438
10.0	2051.51825968	-293.273762598	28.3742086103
10.05	2136.88768861	-294.489570233	29.5549390152
10.1	2084.66050669	-293.79257943	28.8325935288
10.15	1952.43489156	-291.967640865	27.0038029881
10.2	2043.64473036	-293.217799898	28.2653111328
10.25	2163.37051388	-294.898648139	29.9212185767
10.3	1949.09200511	-291.89651909	26.9575680805
10.35	2043.40103343	-293.164198271	28.261940601
10.4	1785.97197166	-289.540214965	24.7014819668
10.45	1940.17841868	-291.749260106	26.8342857457
10.5	2208.73842862	-295.490088116	30.5486946769
10.55	1837.39979151	-290.244824199	25.4127716089
10.6	2099.77477824	-293.983556467	29.0416365105
10.65	2144.81416445	-294.58042714	29.6645687872
10.7	1875.92424592	-290.862839502	25.945596945
10.75	1922.49632743	-291.476686372	26.5897276758
10.8	2186.366385	-295.164024877	30.2392706542
10.85	1982.16277464	-292.302552798	27.4149644059
10.9	2039.30282958	-293.1601139	28.2052590237
10.95	2003.01563293	-292.654256643	27.7033768284
11.0	2001.05920565	-292.587292023	27.6763178074
11.05	2085.37559404	-293.807448561	28.8424837834
11.1	2199.31078041	-295.418971182	30.4183024391
11.15	2142.0727174	-294.561172691	29.626652288
11.2	1798.46356391	-289.712608391	24.8742511063
11.25	1949.90838032	-291.895547109	26.9688592305
11.3	2081.35651689	-293.695336058	28.7868965943
11.35	2096.11074372	-293.915533214	28.9909598571
11.4	1985.50206218	-292.431222896	27.4611495377
11.45	1866.7180415	-290.704208665	25.8182674593
11.5	1869.80065048	-290.778932274	25.8609025126
11.55	2097.55500788	-293.935845062	29.010935235
11.6	1993.24350612	-292.42941052	27.5682201642
11.65	1910.21198317	-291.310879467	26.4198249489
11.7	1993.31921873	-292.472986007	27.5692673328
11.75	2035.09681864	-293.038450753	28.1470863843
11.8	2049.28838306	-293.26476644	28.3433675568
11.85	1800.79868105	-289.767874331	24.906547724
11.9	2058.99255093	-293.439420898	28.4775842922
11.95	1752.3418062	-289.079123322	24.2363487291
12.0	2124.28468461	-294.337395165	29.3806289582
12.05	1846.20897868	-290.406716314	25.5346100148
12.1	2145.53877388	-294.650259096	29.6745907399
12.15	2048.85119257	-293.295656569	28.3373208476
12.2	2064.33062757	-293.447760155	28.5514143445
12.25	1997.90094341	-292.539159307	27.6326364065
12.3	2001.21757906	-292.584955241	27.6785082438
12.35	1942.89897128	-291.783211019	26.8719132572
12.4	2108.87474865	-294.112941817	29.1674966912
12.45	2094.84310858	-293.875263867	28.9734274058
12.5	1826.22154258	-290.080064937	25.2581671029
12.55	2073.49344138	-293.645217577	28.6781437017
12.6	1947.59407865	-291.903865258	26.9368505081
12.65	2045.57480347	-293.207410717	28.2920056538
12.7	2232.86913085	-295.862717206	30.8824424152
12.75	1864.5890132	-290.658472067	25.7888212222
12.8	1925.95508874	-291.612030214	26.6375652296
12.85	2013.72484038	-292.765443357	27.8514940996
12.9	1993.58013279	-292.471912878	27.5728759918
12.95	2013.07815612	-292.74443831	27.8425499169
13.0	1966.3835673	-292.059919255	27.1967248077
13.05	1916.058187	-291.418620417	26.500682824
13.1	2081.65250647	-293.738710344	28.790990377
13.15	1911.62723698	-291.37319557	26.4393990895
13.2	1970.26452603	-292.173985943	27.2504017038
13.25	1982.60925709	-292.346624285	27.4211396306
13.3	1932.79443216	-291.675889331	26.7321590535
13.35	2010.00273641	-292.702725109	27.8000142972
13.4	2111.45586964	-294.129523892	29.2031957472
13.45	2022.88625139	-292.898627844	27.9782040549
13.5	2005.54961842	-292.651156623	27.7384239613
13.55	1800.93643608	-289.77256729	24.9084529909
13.6	2012.1778345	-292.721187575	27.8300977179
13.65	2136.9780299	-294.464720308	29.5561885105
13.7	1806.55026525	-289.830504799	24.9860969306
13.75	1936.56202964	-291.657439234	26.784268069
13.8	1991.35591181	-292.394398747	27.5421131605
13.85	2060.73189789	-293.363310692	28.5016409115
13.9	1888.94293977	-291.062803782	26.1256563392
13.95	1988.12405422	-292.467285987	27.4974138745
14.0	2158.56504122	-294.84878233	29.8547548818
14.05	2110.51474462	-294.115821549	29.1901792033
14.1	2065.451923	-293.472485055	28.5669227954
14.15	1902.08204578	-291.230083755	26.307381134
14.2	1842.10021642	-290.358317321	25.4777824059
14.25	1912.53715096	-291.321779187	26.4519839589
14.3	2139.97488319	-294.56979909	29.5976374911
14.35	2098.74417441	-293.976666701	29.0273823999
14.4	1980.21868797	-292.353060564	27.3880760658
14.45	2135.9138815	-294.491768259	29.5414704506
14.5	2059.96888002	-293.400642477	28.4910877378
14.55	1879.58772003	-290.882760472	25.9962658474
14.6	2114.63898851	-294.191167379	29.2472209362
14.65	1995.42416416	-292.528526851	27.5983804836
14.7	1677.19056548	-288.044349199	23.1969443897
14.75	2141.60696334	-294.625565699	29.6202105207
14.8	2090.03409567	-293.818790497	28.9069147463
14.85	2176.74173777	-295.010559577	30.1061537555
14.9	1822.73854649	-290.012858993	25.2099943621
14.95	2121.55027899	-294.282920722	29.3428098479
15.0	2027.70187194	-293.02016667	28.0448081037
15.05	1801.21579825	-289.825064774	24.9123168027
15.1	1875.62848825	-290.858740648	25.9415063697
15.15	1981.9313573	-292.331331993	27.4117637111
15.2	1982.45370692	-292.32536907	27.418988242
15.25	2048.14408822	-293.228742311	28.3275410047
15.3	2221.30120955	-295.660427556	30.7224484153
15.35	2170.19955945	-294.970239253	30.0156699728
15.4	1872.04940442	-290.723689814	25.8920046551
15.45	1929.56988221	-291.617738818	26.6875608383
15.5	1974.76116324	-292.21725561	27.3125939468
15.55	2100.95422594	-294.028526171	29.0579492559
15.6	2052.36666687	-293.321522914	28.3859427894
15.65	1979.51703818	-292.291869894	27.3783716639
15.7	1973.34909743	-292.289806153	27.293063899
15.75	2034.914265	-293.066880986	28.1445615153
15.8	2046.34538606	-293.144132884	28.3026634537
15.85	2230.58632111	-295.789308605	30.8508692524
15.9	1890.69117724	-291.031320204	26.1498359215
15.95	1906.65898519	-291.274640678	26.3706840235
16.0	1948.6677219	-291.875943863	26.9516998898
16.05	1804.73145608	-289.82755484	24.9609412827
16.1	2061.47705171	-293.43956928	28.5119470103
16.15	2154.27447322	-294.749554168	29.7954127478
16.2	1773.6112148	-289.345998648	24.5305223899
16.25	2080.58937707	-293.67229626	28.7762864106
16.3	2120.55920591	-294.251105163	29.3291024805
16.35	2049.63271942	-293.259599262	28.3481300158
16.4	1909.16311314	-291.291974986	26.4053182016
16.45	2019.94632818	-292.821654309	27.9375424649
16.5	1982.06337719	-292.289063338	27.4135896563
16.55	2052.54869185	-293.312185611	28.3884603466
16.6	1983.76435946	-292.307805657	27.4371156598
16.65	2094.48464321	-293.853325443	28.9684695308
16.7	1967.65470503	-292.05231243	27.2143057026
16.75	2068.14700782	-293.510044241	28.6041980664
16.8	2052.04020495	-293.310513918	28.3814275486
16.85	1944.70482521	-291.851214168	26.8968897233
16.9	2089.96281018	-293.867716427	28.9059288086
16.95	1934.64901716	-291.645488732	26.7578095109
17.0	2056.69925969	-293.392090832	28.4458661616
17.05	2079.70058116	-293.679429314	28.7639936219
17.1	1938.71234848	-291.631490813	26.8140087721
17.15	1894.01069576	-291.115376266	26.1957476313
17.2	1877.0769882	-290.899642977	25.961540332
17.25	2043.29681183	-293.197898722	28.2604991293
17.3	2060.00687231	-293.449533323	28.4916132028
17.35	2114.18572577	-294.152736838	29.2409519345
17.4	1968.64404378	-292.132685502	27.2279890827
17.45	2165.93683228	-294.948309468	29.9567129007
17.5	1885.09411047	-290.933233316	26.0724238198
17.55	2031.70694632	-293.04076244	28.1002016228
17.6	2056.62682236	-293.4611533	28.444864293
17.65	2209.21683982	-295.549504769	30.5553115029
17.7	2004.19583407	-292.582261996	27.7196999945
17.75	2019.11345423	-292.81436386	27.9260231235
17.8	1907.7858025	-291.242075015	26.3862688467
17.85	1960.09002922	-292.034854983	27.1096799268
17.9	1984.38476194	-292.406311778	27.4456963434
17.95	1793.57206245	-289.743625564	24.8065975613
18.0	2179.49982885	-295.14803413	30.1443004556
18.05	1979.98846366	-292.25759373	27.3848918715
18.1	2299.13351388	-296.785670665	31.7989341006
18.15	1839.06461942	-290.320723457	25.4357975675
18.2	1984.66918778	-292.364465852	27.4496301902
18.25	2150.4051904	-294.660008287	29.7418973392
18.3	1899.73138608	-291.183871831	26.2748695498
18.35	2024.84628021	-292.957657045	28.0053128883
18.4	1853.34210504	-290.463039241	25.6332671018
18.45	2060.46845626	-293.43818555	28.4979972939
18.5	1949.56836422	-291.885621866	26.9641565242
18.55	2164.83220597	-294.920758216	29.9414349975
18.6	2278.839181	-296.495334659	31.5182465503
18.65	1757.50929727	-289.233761822	24.3078194405
18.7	2058.55333812	-293.416708507	28.4715096127
18.75	1878.15265364	-290.81577778	25.9764176822
18.8	2380.79106632	-297.960038014	32.9283261577
18.85	1811.20464796	-289.968097653	25.0504709254
18.9	1693.87102217	-288.278476789	23.427649018
18.95	2142.16888302	-294.583634022	29.6279823387
19.0	2131.3335272	-294.400621956	29.4781203303
19.05	2072.38879607	-293.621114526	28.6628655357
19.1	1820.69546724	-290.096233953	25.1817368719
19.15	2102.82813869	-294.070844876	29.0838670323
19.2	2120.93657685	-294.275047343	29.3343218354
19.25	1930.23034314	-291.540372298	26.6966955637
19.3	2061.65097447	-293.414013695	28.514352507
19.35	1806.4806775	-289.847612107	24.9851344739
19.4	2086.93941317	-293.806702087	28.8641127063
19.45	1739.22961083	-288.935038243	24.0549961308
19.5	2103.61487904	-294.041316109	29.0947483075
19.55	1912.16121515	-291.26489385	26.4467844529
19.6	2230.00945529	-295.792144118	30.8428907171
19.65	2029.6729606	-292.975224819	28.0720699038
19.7	2071.13489474	-293.583264518	28.6455230345
19.75	1934.97010022	-291.633263845	26.7622503574
19.8	1916.84805435	-291.344344691	26.5116073481
19.85	2139.14054597	-294.506374729	29.5860979115
19.9	1964.50123797	-292.090334265	27.1706906231
19.95	2060.95612839	-293.428107505	28.5047422062
20.0	1887.35929337	-291.017739658	26.1037531886
20.05	2078.92649277	-293.726048019	28.7532873338
20.1	1934.00964874	-291.59870987	26.7489665123
20.15	2023.96469249	-292.883859962	27.9931197948
20.2	2027.37151691	-292.958563129	28.0402390181
20.25	2019.35048472	-292.841077624	27.9293014529
20.3	2077.04081213	-293.666819009	28.7272067978
20.35	2138.44428442	-294.525129715	29.5764680335
20.4	1971.97552858	-292.157911951	27.2740662961
20.45	2109.92222792	-294.109277026	29.1819842032
20.5	1913.72205306	-291.355892912	26.4683721431
20.55	2019.04542078	-292.845162251	27.9250821641
20.6	2039.14518842	-293.162368146	28.2030787149
20.65	1923.24499241	-291.504020468	26.6000823369
20.7	1938.32082166	-291.689267321	26.8085936295
20.75	2102.17980232	-293.984382819	29.0748999995
20.8	2096.38263467	-293.892163853	28.9947203357
20.85	2143.86458463	-294.627591812	29.6514353062
20.9	1931.50657265	-291.637207774	26.7143468823
20.95	2048.95530082	-293.300602008	28.3387607515
21.0	1973.62257728	-292.261663541	27.2968463534
21.05	1996.56125207	-292.529755024	27.6141073579
21.1	2111.07089692	-294.071847622	29.1978712535
21.15	1956.96180384	-291.894486614	27.0664139608
21.2	2014.32934732	-292.772180526	27.8598549348
21.25	1912.46304788	-291.342148219	26.4509590513
21.3	2034.6505387	-293.126748996	28.1409139606
21.35	2060.90151175	-293.438578099	28.5039868125
21.4	1980.29968136	-292.277433461	27.3891962719
21.45	2072.48565584	-293.542628368	28.6642051871
21.5	2088.98049299	-293.829543	28.8923425424
21.55	2083.34930199	-293.761609017	28.8144584742
21.6	1740.43701174	-288.870390494	24.0716954924
21.65	2072.2574508	-293.615523951	28.661048921
21.7	2149.91092485	-294.672803721	29.7350612345
21.75	2131.69696831	-294.425705486	29.4831470241
21.8	1948.27428354	-291.903025212	26.9462583091
21.85	2114.64805297	-294.250292099	29.2473463052
21.9	1883.94521581	-290.955385073	26.0565336485
21.95	2138.43432723	-294.500282363	29.5763303172
22.0	2121.57879522	-294.283935885	29.3432042511
22.05	2015.85448409	-292.813830189	27.8809488483
22.1	2041.8850318	-293.134425769	28.2409730341
22.15	2116.21555533	-294.197193465	29.2690261702
22.2	1635.70638355	-287.456347806	22.6231835534
22.25	1892.09939395	-291.073935782	26.1693127331
22.3	1928.94521781	-291.547885095	26.6789212085
22.35	2052.20425225	-293.272666116	28.3836964597
22.4	1939.83865051	-291.683885623	26.8295864685
22.45	2068.16083838	-293.512632869	28.6043893546
22.5	2104.69635322	-294.01105771	29.1097059974
22.55	1927.73236373	-291.501786524	26.662146425
22.6	2072.70649642	-293.543383088	28.6672595966
22.65	1794.06585127	-289.688855834	24.8134270725
22.7	2061.42933084	-293.44013387	28.5112869908
22.75	2043.69820878	-293.214191529	28.2660507839
22.8	2004.58810633	-292.658195812	27.7251254471
22.85	2001.5774069	-292.612841517	27.6834849629
22.9	1863.34653047	-290.663879272	25.7716366498
22.95	2061.14791332	-293.398679492	28.5073947518
23.0	2117.34401493	-294.228386296	29.2846337077
23.05	2048.15272361	-293.222082494	28.3276604394
23.1	2095.39802379	-293.847102972	28.981102346
23.15	1950.52378993	-291.847956203	26.9773708587
23.2	1837.5476398	-290.270439057	25.4148164741
23.25	1825.39656487	-290.132448612	25.2467569731
23.3	1939.42907841	-291.751127588	26.8239217448
23.35	1979.31789477	-292.33661844	27.3756173444
23.4	2311.90698606	-296.947008462	31.9756018746
23.45	2079.52728394	-293.67205323	28.7615967769
23.5	1849.94837016	-290.458352095	25.5863289179
23.55	2006.41946952	-292.690244746	27.7504547275
23.6	2025.8601941	-292.989241973	28.0193361631
23.65	1870.95282904	-290.745934041	25.8768381031
23.7	2031.87140734	-293.046824716	28.1024762558
23.75	1959.01656009	-292.009252457	27.0948329534
23.8	2178.97330651	-295.065974981	30.1370182124
23.85	1982.38503151	-292.302217499	27.4180384037
23.9	2090.2994386	-293.931974999	28.9105846603
23.95	1975.82103426	-292.23306187	27.3272528471
24.0	1955.68990741	-291.928945202	27.0488225723
24.05	2159.83144786	-294.83553398	29.8722703419
24.1	2040.69875682	-293.207336112	28.2245658616
24.15	2137.42181593	-294.544210459	29.5623264415
24.2	2000.16546379	-292.587263897	27.6639566121
24.25	2154.48610946	-294.722094174	29.7983398535
24.3	2069.92266453	-293.557105004	28.6287568796
24.35	1904.77379703	-291.267266712	26.3446102988
24.4	2036.93070335	-293.139058395	28.1724505395
24.45	1974.36362279	-292.229727933	27.3070956309
24.5	1907.95037854	-291.266332007	26.3885450706
24.55	2141.59014785	-294.589776492	29.6199779485
24.6	2109.06265086	-294.109682594	29.1700955355
24.65	1992.17624448	-292.43334967	27.5534590456
24.7	1848.41807978	-290.393031887	25.5651637255
24.75	2102.94359446	-294.066748773	29.0854638818
24.8	1996.18549539	-292.562133418	27.6089103296
24.85	1852.58062551	-290.486344889	25.6227352048
24.9	2100.23565453	-293.897584768	29.048010814
24.95	2038.99838338	-293.0279664	28.2010482788
25.0	2183.90335223	-295.160932044	30.2052048567
25.05	1930.2372612	-291.581935487	26.6967912463
25.1	1939.75177071	-291.732080935	26.8283848485
25.15	1843.07630657	-290.363770591	25.4912825467
25.2	2116.52059357	-294.20598551	29.2732451034
25.25	1984.59756946	-292.346595303	27.448639649
25.3	2006.98704861	-292.628079896	27.7583048197
25.35	1914.19199058	-291.336145508	26.4748717709
25.4	1947.60997399	-291.860575046	26.9370703539
25.45	2254.80556595	-296.171450973	31.1858416087
25.5	1893.80835003	-291.110287079	26.1929490211
25.55	1948.64961861	-291.842336665	26.9514495062
25.6	2125.66360276	-294.343431412	29.3997005463
25.65	2099.57402125	-293.94992211	29.038859874
25.7	1997.85950313	-292.568887417	27.6320632528
25.75	1991.02766345	-292.494300337	27.5375732119
25.8	2066.95846939	-293.476856106	28.5877595885
25.85	1981.10048468	-292.274353353	27.4002720498
25.9	2015.19647589	-292.749958641	27.8718480461
25.95	1989.29071497	-292.427105902	27.5135497658
26.0	2053.17840953	-293.361486543	28.3971698673
26.05	1965.98198607	-292.0691049	27.1911706043
26.1	1939.46517311	-291.692816514	26.8244209645
26.15	1912.67244739	-291.356071033	26.4538552213
26.2	2124.32536729	-294.304239299	29.3811916336
26.25	1969.66877905	-292.155921334	27.2421620261
26.3	2002.01419723	-292.577637158	27.6895261375
26.35	1953.33307358	-291.910381822	27.0162255947
26.4	2083.80732977	-293.812658644	28.8207933805
26.45	2106.56832592	-294.100714648	29.1355969411
26.5	1989.28404982	-292.399609544	27.5134575811
26.55	1823.40937387	-290.043789956	25.2192724641
26.6	1888.65233631	-291.015277306	26.1216370509
26.65	2065.39643128	-293.522611382	28.5661552986
26.7	2053.18033237	-293.309609117	28.3971964619
26.75	1876.82365048	-290.847077327	25.9580364602
26.8	2163.59586703	-294.836604546	29.9243353988
26.85	2142.25987266	-294.543113765	29.6292408013
26.9	1863.79341311	-290.665173583	25.7778174094
26.95	2053.3655987	-293.376103116	28.3997588497
27.0	1940.47490879	-291.790771564	26.8383864512
27.05	2062.08907991	-293.459347537	28.5204118706
27.1	1901.94072559	-291.214040362	26.3054265579
27.15	1963.29953924	-292.054750865	27.1540701274
27.2	2063.2564458	-293.463924138	28.5365575146
27.25	2090.06574423	-293.846666675	28.9073524723
27.3	1990.0548498	-292.479214826	27.5241183878
27.35	2037.01688106	-293.135718818	28.173642449
27.4	1902.8433126	-291.222237266	26.3179100891
27.45	2021.22770527	-292.93002654	27.9552649788
27.5	2060.4851854	-293.440496105	28.4982286718
27.55	1962.45781502	-292.039469723	27.1424283794
27.6	1917.26370742	-291.377137434	26.5173561769
27.65	1971.32276044	-292.132200059	27.2650379683
27.7	1897.3892029	-291.098841362	26.242475203
27.75	2198.78601592	-295.343861887	30.4110445085
27.8	1906.36503572	-291.222456564	26.3666184572
27.85	1908.65177698	-291.286003398	26.398245996
27.9	2021.78026717	-292.899370324	27.9629073707
27.95	1987.89914015	-292.4159096	27.4943031253
28.0	2086.42886793	-293.803921852	28.8570514397
28.05	1993.58630313	-292.400225618	27.5729613327
28.1	2001.03641458	-292.610700885	27.6760025879
28.15	1978.60063121	-292.330007007	27.3656969912
28.2	2078.38680524	-293.704165343	28.7458230052
28.25	1918.73093138	-291.391610344	26.5376491079
28.3	2144.82116798	-294.550189202	29.6646656518
28.35	2121.6892049	-294.25446814	29.3447313091
28.4	1835.68947725	-290.206081971	25.3891165361
28.45	2011.97248156	-292.737673078	27.8272575155
28.5	1719.85976727	-288.604594514	23.7870950388
28.55	2020.96422052	-292.895123137	27.9516207649
28.6	2126.5354333	-294.351668005	29.4117586899
28.65	2090.33864003	-293.826601229	28.9111268489
28.7	2056.407615	-293.388875111	28.4418324724
28.75	1922.71859767	-291.452327205	26.5928018586
28.8	2052.42723574	-293.31655787	28.3867805073
28.85	2049.29293193	-293.233408248	28.3434304714
28.9	1910.58802341	-291.263637414	26.4250258991
28.95	2086.88203303	-293.809065084	28.863319091
29.0	2039.75490107	-293.11389958	28.2115115494
29.05	1944.01495583	-291.780552083	26.8873482543
29.1	1898.49241034	-291.21818419	26.257733482
29.15	1876.59018397	-290.863883038	25.9548074236
29.2	2205.86621824	-295.475420871	30.5089696118
29.25	2039.57599557	-293.101566482	28.2090371371
29.3	1987.35442693	-292.39622545	27.4867692872
29.35	1980.06412107	-292.318636383	27.3859382766
29.4	2055.05434909	-293.378431376	28.4231156761
29.45	2080.1701084	-293.687428896	28.7704875753
29.5	1714.26834554	-288.58371318	23.7097610127
29.55	1998.10509245	-292.511017072	27.6354599579
29.6	2047.1801631	-293.214225361	28.3142091164
29.65	1948.68054765	-291.847327398	26.9518772805
29.7	2027.16842179	-292.999986294	28.0374300432
29.75	2031.65205352	-293.079654354	28.0994424095
29.8	2096.46359166	-293.92357599	28.9958400384
29.85	1982.54519699	-292.316769776	27.4202536259
29.9	1905.62105244	-291.216904058	26.3563285478
29.95	1990.03385219	-292.416074416	27.5238279732
30.0	1890.05659408	-290.985899173	26.1410591072
30.05	1980.71384356	-292.288967579	27.3949244805
30.1	2128.99842014	-294.425783026	29.4458238521
30.15	2067.77928431	-293.543761004	28.5991121435
30.2	2149.79186829	-294.66777013	29.7334145829
30.25	2117.19862591	-294.230575974	29.2826228563
30.3	1726.61336128	-288.747845911	23.8805028769
30.35	2068.81834644	-293.622591046	28.6134832393
30.4	2139.3866628	-294.575214016	29.5895019125
30.45	2045.32616025	-293.16406311	28.2885667107
30.5	2018.28653215	-292.793285101	27.9145861015
30.55	2022.38953635	-292.910843748	27.9713340716
30.6	2077.07390975	-293.760874639	28.7276645656
30.65	1842.29061632	-290.432627507	25.4804157952
30.7	1959.2647283	-291.977163185	27.0982653267
30.75	2237.84882402	-295.917135708	30.951315725
30.8	2162.74959336	-294.838340987	29.9126307281
30.85	1923.49443966	-291.471311751	26.6035324004
30.9	1966.9815359	-292.094593915	27.2049952121
30.95	1814.22606975	-289.97436156	25.0922597088
31.0	2149.94503251	-294.708415242	29.7355329718
31.05	2121.20416468	-294.223363264	29.3380227983
31.1	2068.45891056	-293.478837397	28.6085119414
31.15	2021.35527134	-292.827519933	27.9570293239
31.2	1991.28204687	-292.459947706	27.5410915468
31.25	1956.28994117	-291.937408346	27.0571215397
31.3	1906.84904654	-291.275320408	26.3733127304
31.35	2031.68161506	-293.071255788	28.0998512704
31.4	1939.83065024	-291.746507851	26.8294758182
31.45	2018.51081332	-292.856136987	27.9176880971
31.5	1937.58088685	-291.672459036	26.798359714
31.55	2103.70667054	-294.067553425	29.0960178604
31.6	1965.34501634	-292.109697792	27.1823607816
31.65	2226.72312758	-295.732832685	30.7974380638
31.7	1793.17874598	-289.645381721	24.8011576665
31.75	2073.14589182	-293.65393567	28.6733368014
31.8	1949.1319696	-291.902897293	26.9581208227
31.85	1966.87996086	-292.086754192	27.2035903445
31.9	2027.11619106	-292.918580504	28.0367076486
31.95	2065.48779781	-293.505788973	28.5674189739
32.0	2028.60123486	-292.984899838	28.0572470429
32.05	2017.68016521	-292.81224898	27.9061995409
32.1	1914.50307941	-291.334280656	26.4791743889
32.15	1942.14095771	-291.73424136	26.8614292973
32.2	1808.390608	-289.8920319	25.0115504057
32.25	1912.37119035	-291.35770775	26.4496885852
32.3	2026.70106004	-292.910260304	28.0309660403
32.35	2081.26485236	-293.750474301	28.7856287973
32.4	1729.48897286	-288.83413936	23.9202749834
32.45	2125.61791893	-294.342765518	29.3990687009
32.5	2125.77953399	-294.259087835	29.401303972
32.55	2107.10522255	-294.066438962	29.1430226693
32.6	1951.62074938	-291.925728932	26.9925427228
32.65	1764.18306315	-289.231629635	24.4001231889
32.7	2178.27312447	-295.11842142	30.1273341109
32.75	1984.59593507	-292.370933433	27.4486170441
32.8	1917.84461153	-291.36797237	26.5253905652
32.85	2062.87293669	-293.466504328	28.5312532637
32.9	2045.2430627	-293.199898992	28.2874174022
32.95	2113.53674966	-294.121744162	29.2319760535
33.0	1885.63791707	-290.948694896	26.0799451187
33.05	1986.25284902	-292.36674079	27.471533546
33.1	2064.29276676	-293.486728196	28.5508906978
33.15	1833.09808948	-290.234742556	25.353275482
33.2	1885.57635966	-290.926430198	26.0790937284
33.25	1992.31969234	-292.382426379	27.5554430491
33.3	1946.55275529	-291.846424285	26.9224481375
33.35	2004.68251433	-292.660050836	27.7264311885
33.4	2027.00516009	-292.91168103	28.0351719976
33.45	2162.13471563	-294.824128256	29.9041264562
33.5	1836.08530507	-290.296862695	25.3945911651
33.55	2008.99410602	-292.731503351	27.7860640977
33.6	2005.86043165	-292.71037016	27.7427227675
33.65	1994.17739384	-292.512017269	27.5811366102
33.7	1865.63809911	-290.645601163	25.8033309553
33.75	2297.49008724	-296.72796887	31.7762041394
33.8	1974.64719503	-292.203685536	27.3110176714
33.85	1998.20176855	-292.51737306	27.636797069
33.9	1987.39671271	-292.383938654	27.4873541347
33.95	2214.43028231	-295.625457547	30.6274177608
34.0	1734.72574779	-288.873307937	23.9927039485
34.05	2132.84400754	-294.494109619	29.4990115334
34.1	2181.77830814	-295.116808523	30.1758137245
34.15	2039.83384721	-293.126090736	28.2126034404
34.2	1969.38094598	-292.192555517	27.2381810547
34.25	1871.1925313	-290.847482771	25.8801533853
34.3	2162.70240736	-294.902152638	29.9119781063
34.35	1974.36293959	-292.270423477	27.3070861816
34.4	1997.79236518	-292.605993707	27.631134679
34.45	2151.52589161	-294.723284497	29.7573975717
34.5	1988.40801985	-292.368359728	27.501341356
34.55	1957.25021797	-291.972747449	27.0704029687
34.6	2020.93178689	-292.911374243	27.9511721808
34.65	1953.50683329	-291.917814265	27.0186288364
34.7	2042.46906245	-293.139523898	28.249050665
34.75	2016.09467095	-292.81696223	27.8842708329
34.8	2093.87320388	-293.858435292	28.9600128149
34.85	1937.41151185	-291.758761415	26.7960171165
34.9	1964.25917196	-292.166171046	27.1673426482
34.95	2157.09021571	-294.803708385	29.8343568149
35.0	2186.78256347	-295.113673428	30.2450267495
35.05	1930.12039208	-291.618609825	26.6951748489
35.1	1946.74912824	-291.926805993	26.9251641393
35.15	1738.86399689	-288.888679299	24.0499393851
35.2	2093.22689537	-293.854579448	28.9510738292
35.25	2126.82339649	-294.402849243	29.415741461
35.3	2005.05248864	-292.642339054	27.7315482418
35.35	1988.86398958	-292.391999661	27.5076477977
35.4	2077.59145381	-293.605380276	28.7348226316
35.45	1861.30991271	-290.554483988	25.7434685275
35.5	2226.84622326	-295.793477241	30.7991405797
35.55	1947.65153691	-291.896101473	26.9376452037
35.6	1972.78946912	-292.255952274	27.2853237727
35.65	2106.40495447	-294.079246427	29.1333373777
35.7	2083.55971108	-293.712723185	28.8173686074
35.75	2049.46408094	-293.239544785	28.3457976049
35.8	2007.24795833	-292.680218137	27.7619134187
35.85	1964.05213569	-292.039474253	27.164479164
35.9	2092.87733101	-293.820114205	28.9462390625
35.95	1877.13259149	-290.821995971	25.9623093719
36.0	2035.95173337	-293.094464948	28.158910568
36.05	1886.91853601	-290.964682762	26.0976571467
36.1	2140.80557111	-294.531150072	29.6091265978
36.15	2074.38181957	-293.616225575	28.6904307131
36.2	1886.09666981	-290.921465203	26.0862900517
36.25	2146.61944726	-294.66625907	29.6895373542
36.3	1753.57608033	-289.089357497	24.2534197697
36.35	2157.67791163	-294.781237285	29.8424851398
36.4	2037.00579679	-293.103362332	28.1734891444
36.45	1979.9278294	-292.275729691	27.3840532492
36.5	1970.62326519	-292.13612535	27.2553633656
36.55	2040.12802975	-293.148978886	28.2166722303
36.6	1908.85679957	-291.246308893	26.4010816295
36.65	2237.05101788	-295.878580513	30.9402814007
36.7	1957.01103808	-291.941716677	27.0670949114
36.75	1940.79821276	-291.700150832	26.8428580148
36.8	1930.23387675	-291.60974968	26.6967444365
36.85	1852.31174326	-290.495456109	25.619016339
36.9	2041.25601592	-293.115197431	28.2322732198
36.95	2095.74213469	-293.891487445	28.9858616868
37.0	1952.25612233	-291.917808036	27.0013304607
37.05	1974.54034483	-292.29456633	27.309539844
37.1	1999.41505699	-292.552047233	27.6535778601
37.15	1950.2326622	-291.862598662	26.9733443194
37.2	2018.8590337	-292.857937128	27.9225042754
37.25	2103.03550095	-293.982656355	29.0867350253
37.3	1950.21981489	-291.787146297	26.9731666304
37.35	2006.51432964	-292.601564155	27.751766722
37.4	2150.68464152	-294.675303353	29.7457623813
37.45	1888.7451799	-291.055052792	26.1229211553
37.5	1971.4337441	-292.185585839	27.2665729649
37.55	1790.82333315	-289.650839059	24.7685803425
37.6	2131.53290971	-294.420284349	29.4808779567
37.65	1935.27404756	-291.618195789	26.7664542026
37.7	1993.09420001	-292.442123851	27.5661551362
37.75	1931.55332337	-291.591383984	26.7149934837
37.8	1933.69262454	-291.597496464	26.7445818033
37.85	2046.0786002	-293.163085674	28.2989735826
37.9	2031.81150685	-293.00702617	28.1016477822
37.95	2076.27250202	-293.683855512	28.7165804282
38.0	2004.28425146	-292.647016258	27.7209228809
38.05	2027.78907318	-293.005752229	28.0460141695
38.1	1924.50058961	-291.580554265	26.6174482935
38.15	2161.06258511	-294.841424202	29.889297997
38.2	2077.93403575	-293.664596749	28.7395608255
38.25	2056.76847896	-293.396056369	28.4468235218
38.3	2048.99238119	-293.253041241	28.339273604
38.35	1997.46998272	-292.541762204	27.6266758606
38.4	1874.40037248	-290.868033154	25.9245205043
38.45	1986.11371425	-292.398467822	27.4696091961
38.5	1765.19704444	-289.252292282	24.4141473959
38.55	2158.63140911	-294.774335166	29.8556728052
38.6	1920.78955375	-291.444279112	26.5661215724
38.65	2034.67194924	-293.058986585	28.1412100861
38.7	1984.70313133	-292.305284939	27.4500996577
38.75	1872.19206711	-290.739000057	25.8939777991
38.8	1858.37107993	-290.628684404	25.702822019
38.85	2033.75660271	-293.077284827	28.1285500802
38.9	2197.15791443	-295.372989367	30.3885265069
38.95	1977.61800867	-292.242234864	27.352106502
39.0	1962.51977367	-292.025385394	27.1432853192
39.05	1955.37073129	-291.954900989	27.0444081003
39.1	2038.28420812	-293.153199311	28.1911706393
39.15	2070.4995427	-293.60796214	28.6367355859
39.2	1991.85127016	-292.500271153	27.5489643797
39.25	1932.44299024	-291.638410713	26.7272983186
39.3	2093.66677529	-293.86620019	28.9571577354
39.35	2113.75376928	-294.159828148	29.2349776159
39.4	1929.57887529	-291.615877802	26.68768522
39.45	2080.9444684	-293.71906138	28.7811976199
39.5	2148.86453215	-294.671888162	29.7205887507
39.55	1941.32500921	-291.804179928	26.850144049
39.6	2002.22786485	-292.632978264	27.6924813389
39.65	1840.0111424	-290.275625329	25.4488887697
39.7	2000.08441526	-292.574840941	27.6628356433
39.75	1984.22361123	-292.375803676	27.4434674948
39.8	2059.88406045	-293.437356361	28.4899146124
39.85	2133.79411105	-294.412170805	29.5121522573
39.9	2004.40942176	-292.606534997	27.7226540905
39.95	1949.95432214	-291.902395789	26.9694946442
40.0	2041.98202816	-293.247514807	28.2423145745
40.05	1982.21732001	-292.417578668	27.4157188138
40.1	2068.40291461	-293.536969158	28.6077374706
40.15	1815.78064597	-289.939256045	25.1137607945
40.2	1938.64623068	-291.674870059	26.8130943078
40.25	1855.40426517	-290.531233558	25.6617884963
40.3	2007.0722311	-292.668920094	27.7594829646
40.35	1995.82379374	-292.479850082	27.603907694
40.4	1937.31074189	-291.655069114	26.7946233839
40.45	1864.65949963	-290.602931039	25.7897961083
40.5	2048.63306899	-293.272207333	28.3343040166
40.55	2116.965616	-294.217259264	29.2794001349
40.6	1986.49880943	-292.301267719	27.4749353835
40.65	2040.00480908	-293.141386955	28.2149679856
40.7	2049.35931095	-293.292839937	28.3443485487
40.75	1866.66305346	-290.670014182	25.8175069288
40.8	2134.42106064	-294.456826403	29.520823493
40.85	1934.2504719	-291.626141852	26.7522972975
40.9	1839.61394626	-290.302832226	25.4433952158
40.95	2018.17007271	-292.825224652	27.9129753703
41.0	2052.91693123	-293.369843194	28.3935534044
41.05	1908.37686508	-291.345914036	26.3944437352
41.1	2029.07875051	-292.94302151	28.0638514827
41.15	2074.95984125	-293.625568754	28.6984252349
41.2	2136.80971424	-294.564089343	29.5538605646
41.25	2001.13284757	-292.589619227	27.6773363366
41.3	2120.242372	-294.248694257	29.3247204034
41.35	2009.77062064	-292.708883183	27.7968039425
41.4	1892.42515098	-291.078402461	26.1738182246
41.45	1815.37270326	-289.915204025	25.1081186066
41.5	2065.92314717	-293.445187595	28.5734402187
41.55	2060.88243329	-293.445462215	28.5037229416
41.6	1953.59060136	-291.896748134	27.0197874186
41.65	2020.54839818	-292.818024252	27.9458695951
41.7	1845.19621101	-290.364665439	25.5206025933
41.75	1918.59191779	-291.46719964	26.5357264341
41.8	1952.41182179	-291.8876021	27.0034839141
41.85	1985.02338826	-292.353198506	27.4545290781
41.9	2012.90449174	-292.727759745	27.8401479936
41.95	2090.29344051	-293.853346919	28.9105017017
42.0	2055.82506104	-293.360494427	28.4337752651
42.05	2135.7312902	-294.456911998	29.5389450606
42.1	1762.39849589	-289.161600198	24.3754411353
42.15	2025.2542578	-292.917201711	28.0109555586
42.2	2019.57201405	-292.874629621	27.9323653883
42.25	2001.09358571	-292.568847708	27.6767933123
42.3	1815.88584655	-289.977876343	25.1152158063
42.35	2216.42425545	-295.620133858	30.6549960724
42.4	2048.21642231	-293.187428899	28.3285414455
42.45	1965.15524621	-292.099452994	27.1797361025
42.5	1961.82461616	-292.124652336	27.133670711
42.55	2250.05520874	-296.118900355	31.1201402065
42.6	2130.27555404	-294.402486533	29.4634876791
42.65	1758.41779177	-289.108781699	24.3203846772
42.7	1963.03340217	-292.057967305	27.1503892297
42.75	1835.4895737	-290.274970861	25.3863517034
42.8	1979.02385619	-292.316645105	27.3715505456
42.85	2130.24832242	-294.427847109	29.4631110432
42.9	1984.33694945	-292.326690104	27.4450350569
42.95	1772.22391933	-289.310210025	24.5113349364
43.0	2189.30488136	-295.207457523	30.2799125097
43.05	2061.92304654	-293.371729842	28.5181154907
43.1	1727.59609748	-288.746395811	23.8940949382
43.15	1955.64734568	-291.953099221	27.048233908
43.2	2007.07990737	-292.624534422	27.7595891337
43.25	1974.61275909	-292.310097657	27.3105413938
43.3	2066.77170855	-293.493092704	28.5851765304
43.35	2154.94404604	-294.733195517	29.8046734985
43.4	1914.96016616	-291.424397525	26.4854962799
43.45	1862.36800341	-290.627277978	25.7581028044
43.5	2173.11439087	-295.069962391	30.0559845225
43.55	1950.52909311	-291.847998637	26.977444206
43.6	2072.12084085	-293.578937935	28.6591594915
43.65	2013.46937283	-292.743996632	27.8479607703
43.7	2010.30422733	-292.726096287	27.8041841681
43.75	2032.15052365	-293.044597315	28.1063366672
43.8	2040.03849943	-293.112863207	28.2154339512
43.85	1941.86667215	-291.686094683	26.8576356992
43.9	1953.65808094	-291.914128583	27.0207207176
43.95	1746.36282699	-289.046729086	24.1536544598
44.0	2025.49849888	-292.98568655	28.0143336165
44.05	1892.0319703	-291.061807273	26.1683802078
44.1	1999.30086523	-292.551962319	27.6519984929
44.15	2099.07732168	-293.93835437	29.0319901046
44.2	2144.43657817	-294.595960999	29.659346454
44.25	1873.85947763	-290.803250933	25.9170394774
44.3	1878.79415618	-290.894294381	25.9852901975
44.35	2154.81108172	-294.780683445	29.8028344909
44.4	1936.67251854	-291.675258233	26.7857962227
44.45	2151.12146734	-294.690509906	29.7518040468
44.5	1945.41830176	-291.805357719	26.906757699
44.55	2049.98706546	-293.23675558	28.353030917
44.6	1752.10971447	-289.105751498	24.2331387069
44.65	1999.34522641	-292.608992215	27.6526120449
44.7	2065.70334829	-293.479347747	28.5704002169
44.75	2069.1008463	-293.529502614	28.617390448
44.8	1919.28383686	-291.478774737	26.5452962519
44.85	2033.6160676	-293.052630489	28.1266063624
44.9	2007.78252498	-292.675796061	27.7693069214
44.95	1950.51808496	-291.882405584	26.9772919542
45.0	1962.75287855	-292.02779211	27.146509354
45.05	2054.01607885	-293.3289194	28.4087555327
45.1	2135.47773872	-294.483741135	29.5354382322
45.15	1882.90612728	-290.975073384	26.0421621874
45.2	1883.74435484	-290.922487928	26.0537555736
45.25	2148.39907477	-294.644976162	29.7141510869
45.3	2224.0025181	-295.746990863	30.7598097655
45.35	1870.27989054	-290.781588056	25.8675308023
45.4	2066.91664884	-293.534485248	28.5871811754
45.45	2118.64807106	-294.265009208	29.3026698916
45.5	1988.57816876	-292.417965855	27.5036946573
45.55	1890.35457032	-291.025624562	26.1451803671
45.6	2082.75274472	-293.763046349	28.8062075897
45.65	1811.06253191	-289.911053077	25.0485053419
45.7	2052.91414874	-293.362195613	28.3935149203
45.75	1979.0727135	-292.307263128	27.3722262831
45.8	2120.08368075	-294.262260165	29.322525571
45.85	2107.07708509	-294.048845445	29.1426335047
45.9	2000.49755611	-292.571769808	27.6685497259
45.95	1993.5256067	-292.521754067	27.5721218506
46.0	2011.09766646	-292.784433753	27.8151580931
46.05	2216.24057564	-295.637844601	30.6524556275
46.1	2013.13210737	-292.757363341	27.8432961077
46.15	1876.32168914	-290.880011391	25.9510939161
46.2	1947.23385645	-291.890485144	26.9318683347
46.25	2130.15946427	-294.431034174	29.4618820609
46.3	1955.89534972	-291.937956329	27.0516640108
46.35	1907.54660964	-291.316586645	26.38296061
46.4	2004.43966898	-292.64097999	27.7230724348
46.45	1933.11826023	-291.64286049	26.7366378658
46.5	2132.61163948	-294.446310718	29.4957976893
46.55	1884.47626287	-290.938369877	26.0638784721
46.6	2219.41188206	-295.638995091	30.6963174403
46.65	2047.67437767	-293.298777349	28.321044516
46.7	2012.52139812	-292.872377698	27.8348494894
46.75	2043.82242875	-293.216939417	28.2677688497
46.8	1913.07125986	-291.349189194	26.4593711303
46.85	1938.38097433	-291.691936857	26.8094255912
46.9	1936.38170679	-291.604657574	26.7817740536
46.95	2167.55482472	-294.9022136	29.9790910856
47.0	1917.25561437	-291.379420004	26.5172442431
47.05	2140.80828205	-294.564367558	29.6091640925
47.1	1755.75773677	-289.099662458	24.2835938978
47.15	2036.77121779	-293.045066151	28.1702447211
47.2	2214.28912299	-295.585228841	30.6254654097
47.25	1994.947361	-292.454732762	27.5917858983
47.3	1812.90581296	-289.939610059	25.0739994563
47.35	2050.08504215	-293.304892757	28.3543860164
47.4	2060.27140789	-293.423337223	28.4952719506
47.45	1998.05783307	-292.505988256	27.6348063213
47.5	2210.58150473	-295.557789443	30.5741859568
47.55	1660.51463635	-287.768096739	22.9663023811
47.6	2035.48862841	-293.066684097	28.1525054403
47.65	2274.41852584	-296.432896383	31.4571052024
47.7	1872.28887144	-290.82107002	25.8953166838
47.75	1893.15404183	-291.101678584	26.183899393
47.8	2051.19122449	-293.276703148	28.3696854408
47.85	2152.26933654	-294.668695649	29.7676800351
47.9	2096.42992368	-293.957592524	28.9953743822
47.95	1832.88013928	-290.290315188	25.3502610489
48.0	2082.52891354	-293.765904871	28.8031118177
48.05	1989.48564007	-292.429353345	27.5162457425
48.1	2011.11542428	-292.722027579	27.8154036986
48.15	2282.2806225	-296.571432583	31.5658445566
48.2	2035.06840025	-293.071245592	28.1466933342
48.25	1902.62823252	-291.221172394	26.3149353523
48.3	1962.54346754	-292.099161009	27.1436130251
48.35	1940.21883531	-291.751753778	26.8348447414
48.4	1911.94530914	-291.330174488	26.4437982927
48.45	2084.50287386	-293.780013149	28.8304133353
48.5	2069.69492502	-293.594374333	28.6256070523
48.55	2003.67933199	-292.615001527	27.71255634
48.6	2110.24186097	-294.147869048	29.1864049948
48.65	1946.19181447	-291.868394576	26.917456025
48.7	1970.89419323	-292.149306181	27.2591105264
48.75	2318.45716165	-297.114293876	32.0661962662
48.8	2057.32615578	-293.391557192	28.4545366574
48.85	1836.92388856	-290.331446822	25.4061894742
48.9	2097.45497004	-293.994254444	29.0095516282
48.95	1849.80139683	-290.496417927	25.5842961541
49.0	2107.87818455	-294.096606785	29.1537133785
49.05	2057.48204873	-293.37777553	28.456692787
49.1	2066.83210471	-293.539458837	28.5860118596
49.15	1938.28234505	-291.706910746	26.8080614659
49.2	1970.39691119	-292.224901325	27.2522327009
49.25	2143.67941982	-294.609948838	29.6488743225
49.3	2068.52517716	-293.547321327	28.6094284637
49.35	1985.57454975	-292.3694543	27.4621521013
49.4	1913.61198116	-291.351129245	26.4668497569
49.45	1976.97580829	-292.252733617	27.3432243351
49.5	2227.42755267	-295.824232214	30.8071808504
49.55	1974.35387821	-292.166858892	27.3069608552
49.6	1987.43707611	-292.34647715	27.4879123942
49.65	2013.87795572	-292.766358386	27.8536118124
49.7	2080.98623962	-293.724121074	28.7817753507
49.75	2076.25116724	-293.651113005	28.7162853504
49.8	1910.66561076	-291.309651039	26.4260989968
49.85	1925.74252311	-291.54346727	26.6346252696
49.9	1705.15126126	-288.424160197	23.583664133
49.95	2134.38758211	-294.460305893	29.5203604571
50.0	2013.69553652	-292.806394444	27.8510888027
50.05	2113.31041857	-294.178480721	29.2288457057
50.1	1989.89099115	-292.360495752	27.521852086
50.15	1969.13861519	-292.130292466	27.2348294178
50.2	2116.07801565	-294.222967766	29.2671238817
50.25	1953.95582974	-291.851021395	27.0248388318
50.3	1900.12774014	-291.221123164	26.280351457
50.35	1907.22790571	-291.357043286	26.3785526688
50.4	1913.77401686	-291.346515639	26.4690908458
50.45	2096.65798911	-293.876056997	28.9985287173
50.5	2039.3454617	-293.114139977	28.2058486614
50.55	1860.35323798	-290.598609238	25.7302369181
50.6	2055.27082937	-293.341172266	28.4261097789
50.65	2119.31838403	-294.270717111	29.311940879
50.7	1810.58374924	-289.893763124	25.0418833782
50.75	2043.59315247	-293.22634477	28.2645977676
50.8	2088.45244113	-293.841518348	28.8850391449
50.85	2243.07759999	-295.926889247	31.0236340577
50.9	1872.63560752	-290.779222276	25.900112333
50.95	1972.41024665	-292.233251697	27.2800788096
51.0	1791.74731291	-289.66786675	24.7813597532
51.05	2083.64105893	-293.762623725	28.8184937161
51.1	1991.14632463	-292.427389485	27.5392143951
51.15	2161.66113571	-294.877297035	29.897576451
51.2	1975.7316582	-292.183192526	27.3260167016
51.25	1806.0737783	-289.817376362	24.9795067187
51.3	2004.088737	-292.621645349	27.7182187528
51.35	2117.89237171	-294.168536098	29.2922179393
51.4	1914.4890744	-291.307207253	26.478980688
51.45	1972.98096604	-292.177215919	27.2879723348
51.5	1996.63124343	-292.552163172	27.6150753967
51.55	1950.45668396	-291.873209714	26.9764427272
51.6	1784.13413609	-289.504678323	24.676063168
51.65	1958.43100847	-291.997702792	27.0867342861
51.7	2157.47198295	-294.75207885	29.8396369743
51.75	1936.96187604	-291.708596619	26.7897982783
51.8	2112.74716571	-294.16753307	29.2210554489
51.85	1995.10218314	-292.446338566	27.5939272176
51.9	2098.81339711	-293.896330784	29.0283398077
51.95	2106.99228226	-294.113255292	29.141460611
52.0	1834.61022298	-290.297240078	25.3741895495
52.05	1965.9698975	-292.093307219	27.1910034093
52.1	1867.69506934	-290.727707268	25.8317805692
52.15	1965.03787604	-292.05008229	27.1781127751
52.2	2096.80597822	-293.934630574	29.0005755301
52.25	2088.07729685	-293.849840122	28.8798505866
52.3	2083.14654537	-293.742492298	28.8116541811
52.35	1924.45826794	-291.494823574	26.6168629495
52.4	2002.07673769	-292.621572023	27.6903911242
52.45	1826.37626713	-290.11637353	25.2603070726
52.5	2336.19698348	-297.328996494	32.3115527981
52.55	1967.818051	-292.180898756	27.2165649137
52.6	2023.24016841	-292.897926758	27.9830990225
52.65	1700.23987858	-288.370116832	23.5157356142
52.7	2132.259855	-294.457592308	29.4909322164
52.75	1892.22097697	-291.031306116	26.1709943277
52.8	2013.49266276	-292.740663796	27.8482828894
52.85	2175.57801696	-295.040703688	30.090058526
52.9	1885.77163834	-290.995686137	26.0817945954
52.95	2027.31289649	-292.925679719	28.0394282487
53.0	1985.08791095	-292.345378009	27.4554214808
53.05	2168.99495511	-294.974590178	29.99900929
53.1	1885.68386666	-290.986128651	26.0805806398
53.15	2127.82597028	-294.390925038	29.4296078927
53.2	2161.7829248	-294.872226893	29.8992608956
53.25	1893.45736834	-291.115823257	26.1880946516
53.3	1971.24865239	-292.207645558	27.2640129922
53.35	1590.69815792	-286.772240205	22.0006822536
53.4	1987.5659528	-292.414310073	27.4896948664
53.45	2089.17783743	-293.848536165	28.8950719807
53.5	2122.75762227	-294.236500466	29.3595084124
53.55	2093.31553448	-293.878146375	28.952299782
53.6	2027.72452994	-292.937645684	28.0451214826
53.65	1966.83642819	-292.089659212	27.2029882515
53.7	1955.50251722	-291.920167352	27.0462308096
53.75	1792.07232384	-289.616679587	24.7858549255
53.8	1931.2556906	-291.60713977	26.7108769743
53.85	2027.93483947	-292.957617139	28.0480302389
53.9	1810.08729316	-289.927852259	25.0350169767
53.95	2086.08614343	-293.780482854	28.852311274
54.0	1935.11334739	-291.633080946	26.7642315852
54.05	2156.2474347	-294.771221519	29.8227004506
54.1	1956.75114734	-291.949405402	27.0635004056
54.15	2025.70445306	-292.955909199	28.0171821346
54.2	2006.24785509	-292.65607065	27.7480811568
54.25	2140.45563278	-294.644218882	29.6042866589
54.3	1822.71050183	-290.114495371	25.209606481
54.35	1993.04321611	-292.471830602	27.5654499864
54.4	2006.73419332	-292.626174	27.7548076201
54.45	1846.16012081	-290.340473562	25.5339342697
54.5	2157.01790996	-294.792524633	29.8333567662
54.55	2024.88767518	-293.000221146	28.0058854152
54.6	2288.8152229	-296.695901659	31.6562235302
54.65	1874.09808841	-290.813855593	25.9203396635
54.7	2019.40072472	-292.881898197	27.929996314
54.75	1961.06018541	-292.106363431	27.1230979961
54.8	1997.72988456	-292.558059199	27.6302705199
54.85	1934.65478651	-291.621702159	26.7578893058
54.9	2145.58051952	-294.626175158	29.6751681169
54.95	2016.6901181	-292.792085412	27.8925063636
55.0	2140.39523333	-294.569878214	29.6034512841
55.05	1880.23365762	-290.946448487	26.005199703
55.1	2074.83554605	-293.680152724	28.6967061287
55.15	2027.82815096	-292.952593751	28.0465546478
55.2	2021.23799208	-292.907516718	27.9554072539
55.25	2117.31899179	-294.26555043	29.2842876168
55.3	1951.09057082	-291.881773117	26.9852099111
55.35	1999.30351108	-292.562650033	27.6520350872
55.4	2131.25131328	-294.441838547	29.4769832433
55.45	2078.36612849	-293.716517515	28.7455370285
55.5	1706.37035709	-288.414436006	23.6005252451
55.55	2198.59883109	-295.398835194	30.4084555861
55.6	2016.83987598	-292.801825887	27.8945776401
55.65	2067.98726507	-293.494774191	28.6019886908
55.7	1869.0924594	-290.760579013	25.8511076393
55.75	1899.8258909	-291.164184857	26.2761766303
55.8	1906.95050691	-291.215754499	26.374716012
55.85	1976.68129793	-292.257266059	27.3391510112
55.9	1924.39483714	-291.543939409	26.6159856486
55.95	1980.67491126	-292.278668062	27.3943860144
56.0	2238.15173177	-295.936905804	30.9555051918
56.05	2066.36262852	-293.548811015	28.5795186123
56.1	2046.90378185	-293.262364591	28.3103865331
56.15	2063.25015546	-293.448966867	28.536470514
56.2	2046.69154574	-293.19984145	28.3074511308
56.25	1884.40393669	-290.972359067	26.0628781408
56.3	2092.59009591	-293.938491952	28.9422663615
56.35	1881.69459427	-290.89549379	26.0254056754
56.4	1869.28293546	-290.715920672	25.853742082
56.45	2027.26335135	-292.929075777	28.0387429981
56.5	2087.09748012	-293.778525647	28.866298904
56.55	1905.37298899	-291.223731007	26.3528976234
56.6	2151.18362026	-294.688838687	29.7526636734
56.65	1889.68400906	-291.030084865	26.1359059455
56.7	2366.20266107	-297.7194336	32.7265563456
56.75	1795.22769633	-289.657960979	24.8294963587
56.8	2032.22924088	-293.058741779	28.1074253922
56.85	1952.8107715	-291.953128439	27.0090017212
56.9	1979.56786332	-292.279302951	27.379074618
56.95	1933.40021732	-291.631052486	26.7405375675
57.0	1987.04899401	-292.427889174	27.4825448951
57.05	2002.61147362	-292.637831471	27.6977869681
57.1	1984.57337309	-292.325119172	27.448304993
57.15	2051.25200117	-293.287323035	28.370526033
57.2	1974.58162732	-292.251141578	27.3101108154
57.25	1804.71530237	-289.83903156	24.9607178634
57.3	2039.48804477	-293.125411049	28.2078207043
57.35	2086.9244665	-293.769784667	28.8639059813
57.4	2051.3852493	-293.357630223	28.3723689658
57.45	1912.45375302	-291.34661597	26.4508304957
57.5	2113.14624869	-294.161537607	29.2265750994
57.55	2047.85197741	-293.179060099	28.3235008685
57.6	2003.43149161	-292.618626369	27.7091285009
57.65	1961.46007019	-292.117521764	27.1286287362
57.7	2014.0391196	-292.828552024	27.8558408432
57.75	2248.68708056	-296.12076014	31.1012178526
57.8	2124.13609008	-294.337636291	29.378573772
57.85	1990.21872439	-292.45373612	27.52638491
57.9	2132.85460463	-294.437579575	29.4991580998
57.95	1947.79115894	-291.887253689	26.939576293
58.0	1826.31796942	-290.252023887	25.2595007665
58.05	1864.62315512	-290.678324671	25.7892934335
58.1	2156.16124621	-294.733547419	29.821508392
58.15	1954.64222182	-291.983339758	27.0343322068
58.2	2150.14568085	-294.691189985	29.7383081058
58.25	1902.29693228	-291.119626263	26.3103531936
58.3	2090.41533179	-293.821852429	28.9121875598
58.35	1970.67668624	-292.12263734	27.2561022233
58.4	1852.46467055	-290.444392959	25.621131451
58.45	2096.59044629	-293.893137507	28.9975945437
58.5	1857.94471935	-290.556996347	25.6969250965
58.55	2133.49957923	-294.461775616	29.5080786366
58.6	1895.83374783	-291.118268826	26.220961962
58.65	1992.83514288	-292.58546518	27.56257216
58.7	1929.36891834	-291.568395862	26.6847813402
58.75	2095.8428366	-293.889080273	28.9872544782
58.8	2161.35331994	-294.845777171	29.8933191022
58.85	2197.69270697	-295.416019346	30.3959231338
58.9	1900.62316082	-291.172155777	26.2872035382
58.95	2159.53728375	-294.862425859	29.868201807
59.0	2001.07847853	-292.698283544	27.6765843674
59.05	2018.71804755	-292.859846067	27.9205543193
59.1	1915.70626853	-291.319619075	26.495815498
59.15	1941.63584817	-291.682801581	26.8544432111
59.2	2082.01286246	-293.738382979	28.795974401
59.25	2167.37200677	-294.95452342	29.9765625609
59.3	1776.94442521	-289.404504456	24.5766234698
59.35	1877.62810555	-290.790725188	25.9691627447
59.4	2089.99563103	-293.810249129	28.9063827483
59.45	2009.37896739	-292.668347988	27.7913870514
59.5	2023.89320046	-292.86506973	27.9921310004
59.55	1885.59841697	-290.926309624	26.0793987993
59.6	2050.7781741	-293.255140847	28.3639726094
59.65	2162.92294428	-294.888087262	29.915028316
59.7	1982.36160999	-292.283144627	27.4177144646
59.75	1953.39888455	-291.901054155	27.0171358152
59.8	2200.98344772	-295.406895855	30.4414368231
59.85	1878.58741517	-290.870087848	25.9824307969
59.9	2113.45485551	-294.231529035	29.2308433892
59.95	1972.11864682	-292.225778413	27.2760457408
60.0	2084.63222301	-293.766933283	28.832202342
60.05	1928.72483071	-291.545648635	26.6758730712
60.1	1953.29133641	-291.881153668	27.0156483347
60.15	2178.60126084	-295.022088023	30.1318725105
60.2	2085.77332858	-293.765585045	28.8479847838
60.25	2010.18377996	-292.776803263	27.8025182806
60.3	1796.17596546	-289.775687487	24.8426117117
60.35	2151.37245508	-294.737999207	29.7552754166
60.4	2016.14776186	-292.778320844	27.8850051245
60.45	2099.17506417	-294.022481974	29.0333419647
60.5	1940.46380856	-291.742237201	26.8382329258
60.55	2114.7781985	-294.182371445	29.2491463264
60.6	2015.245695	-292.815658736	27.8725287874
60.65	1956.27997752	-291.97022272	27.0569837341
60.7	2044.2039341	-293.183188507	28.273045387
60.75	2251.97044723	-296.075331356	31.1466295522
60.8	1931.70099777	-291.568428947	26.7170359439
60.85	1903.4992717	-291.207062596	26.3269825505
60.9	1963.81725957	-292.043158302	27.1612306313
60.95	2012.724185	-292.750415463	27.8376542011
61.0	1933.87493366	-291.622488431	26.7471032904
61.05	2044.10512589	-293.206525357	28.271678787
61.1	2019.72053347	-292.895413245	27.9344195358
61.15	2183.89874844	-295.138693568	30.2051411825
61.2	2017.98732067	-292.795392669	27.9104477572
61.25	1903.80005772	-291.168864676	26.3311426721
61.3	1950.66889534	-291.914438441	26.9793777875
61.35	2072.31485606	-293.632049888	28.6618428837
61.4	2052.15237381	-293.294442645	28.3829789375
61.45	1999.54715297	-292.601772946	27.6554048577
61.5	2042.50562697	-293.150964296	28.2495563829
61.55	2007.01898648	-292.657810668	27.758746547
61.6	1976.80746019	-292.23107218	27.3408959405
61.65	2162.82358144	-294.842008459	29.913654045
61.7	1982.27697308	-292.341250263	27.4165438655
61.75	1912.00005427	-291.362872993	26.4445554636
61.8	1967.6960644	-292.087962574	27.2148777372
61.85	2130.12459048	-294.424126146	29.4613997273
61.9	2190.43649798	-295.299181259	30.2955637115
61.95	1830.31463501	-290.222876391	25.3147779852
62.0	2019.73177372	-292.844536447	27.9345749977
