#  E (eV)   dosup(E)     dosdw(E)   Int dos(E) EFermi =  13.860 eV
   4.804  0.0000E+00  0.0000E+00  0.0000E+00
   4.904  0.1446E-01  0.1197E-01  0.2644E-02
   5.004  0.2677E-01  0.2629E-01  0.7949E-02
   5.104  0.3316E-01  0.3211E-01  0.1448E-01
   5.204  0.4101E-01  0.4016E-01  0.2259E-01
   5.304  0.4612E-01  0.4513E-01  0.3172E-01
   5.404  0.5123E-01  0.5017E-01  0.4186E-01
   5.504  0.5689E-01  0.5557E-01  0.5310E-01
   5.604  0.6140E-01  0.6014E-01  0.6526E-01
   5.704  0.6557E-01  0.6388E-01  0.7820E-01
   5.804  0.7035E-01  0.6834E-01  0.9207E-01
   5.904  0.7548E-01  0.7317E-01  0.1069E+00
   6.004  0.7986E-01  0.7727E-01  0.1226E+00
   6.104  0.8456E-01  0.8159E-01  0.1393E+00
   6.204  0.8850E-01  0.8501E-01  0.1566E+00
   6.304  0.9301E-01  0.8881E-01  0.1748E+00
   6.404  0.9760E-01  0.9281E-01  0.1938E+00
   6.504  0.1023E+00  0.9680E-01  0.2137E+00
   6.604  0.1078E+00  0.1012E+00  0.2347E+00
   6.704  0.1287E+00  0.1115E+00  0.2587E+00
   6.804  0.1263E+00  0.1184E+00  0.2831E+00
   6.904  0.1303E+00  0.1215E+00  0.3083E+00
   7.004  0.1309E+00  0.1228E+00  0.3337E+00
   7.104  0.1348E+00  0.1233E+00  0.3595E+00
   7.204  0.1389E+00  0.1258E+00  0.3860E+00
   7.304  0.1422E+00  0.1282E+00  0.4130E+00
   7.404  0.1463E+00  0.1294E+00  0.4406E+00
   7.504  0.1682E+00  0.1314E+00  0.4705E+00
   7.604  0.1760E+00  0.1393E+00  0.5021E+00
   7.704  0.1900E+00  0.1512E+00  0.5362E+00
   7.804  0.2015E+00  0.1590E+00  0.5722E+00
   7.904  0.2162E+00  0.1651E+00  0.6104E+00
   8.004  0.2325E+00  0.1712E+00  0.6507E+00
   8.104  0.2498E+00  0.1787E+00  0.6936E+00
   8.204  0.2790E+00  0.1857E+00  0.7400E+00
   8.304  0.3162E+00  0.1931E+00  0.7910E+00
   8.404  0.3649E+00  0.2024E+00  0.8477E+00
   8.504  0.4368E+00  0.2124E+00  0.9126E+00
   8.604  0.6133E+00  0.2240E+00  0.9964E+00
   8.704  0.1026E+01  0.2360E+00  0.1123E+01
   8.804  0.9631E+00  0.2494E+00  0.1244E+01
   8.904  0.1051E+01  0.2641E+00  0.1375E+01
   9.004  0.1106E+01  0.2819E+00  0.1514E+01
   9.104  0.1511E+01  0.3016E+00  0.1695E+01
   9.204  0.1528E+01  0.3263E+00  0.1881E+01
   9.304  0.1583E+01  0.3597E+00  0.2075E+01
   9.404  0.1812E+01  0.3988E+00  0.2296E+01
   9.504  0.1718E+01  0.4566E+00  0.2514E+01
   9.604  0.1566E+01  0.5592E+00  0.2726E+01
   9.704  0.1426E+01  0.7103E+00  0.2940E+01
   9.804  0.1471E+01  0.7987E+00  0.3167E+01
   9.904  0.2001E+01  0.7779E+00  0.3445E+01
  10.004  0.1575E+01  0.7985E+00  0.3682E+01
  10.104  0.1838E+01  0.7907E+00  0.3945E+01
  10.204  0.2375E+01  0.8232E+00  0.4265E+01
  10.304  0.2046E+01  0.8994E+00  0.4559E+01
  10.404  0.2625E+01  0.1071E+01  0.4929E+01
  10.504  0.1853E+01  0.1100E+01  0.5224E+01
  10.604  0.9349E+00  0.1105E+01  0.5428E+01
  10.704  0.8349E+00  0.1398E+01  0.5651E+01
  10.804  0.1378E+01  0.1511E+01  0.5940E+01
  10.904  0.2819E+01  0.1231E+01  0.6345E+01
  11.004  0.3018E+01  0.1108E+01  0.6758E+01
  11.104  0.2699E+01  0.1136E+01  0.7141E+01
  11.204  0.2398E+01  0.1284E+01  0.7510E+01
  11.304  0.3308E+01  0.1439E+01  0.7984E+01
  11.404  0.2766E+01  0.1546E+01  0.8415E+01
  11.504  0.3664E+01  0.1857E+01  0.8967E+01
  11.604  0.3208E+01  0.2256E+01  0.9514E+01
  11.704  0.2525E+01  0.1959E+01  0.9962E+01
  11.804  0.2138E+01  0.2421E+01  0.1042E+02
  11.904  0.1637E+01  0.1136E+01  0.1070E+02
  12.004  0.1954E+01  0.7607E+00  0.1097E+02
  12.104  0.1872E+01  0.8122E+00  0.1124E+02
  12.204  0.1842E+01  0.8173E+00  0.1150E+02
  12.304  0.1858E+01  0.8787E+00  0.1177E+02
  12.404  0.1783E+01  0.1415E+01  0.1209E+02
  12.504  0.2142E+01  0.2581E+01  0.1257E+02
  12.604  0.1879E+01  0.2456E+01  0.1300E+02
  12.704  0.2611E+01  0.2272E+01  0.1349E+02
  12.804  0.2967E+01  0.2578E+01  0.1404E+02
  12.904  0.3698E+01  0.2276E+01  0.1464E+02
  13.004  0.4740E+01  0.2930E+01  0.1541E+02
  13.104  0.4620E+01  0.2330E+01  0.1610E+02
  13.204  0.6447E+00  0.2970E+01  0.1646E+02
  13.304  0.3989E+00  0.2807E+01  0.1678E+02
  13.404  0.3322E+00  0.2093E+01  0.1703E+02
  13.504  0.3200E+00  0.2197E+01  0.1728E+02
  13.604  0.3211E+00  0.1495E+01  0.1746E+02
  13.704  0.3183E+00  0.1388E+01  0.1763E+02
  13.804  0.3120E+00  0.1432E+01  0.1781E+02
  13.904  0.3117E+00  0.1499E+01  0.1799E+02
  14.004  0.3007E+00  0.1421E+01  0.1816E+02
  14.104  0.2941E+00  0.1423E+01  0.1833E+02
  14.204  0.2950E+00  0.1460E+01  0.1851E+02
  14.304  0.2980E+00  0.1456E+01  0.1868E+02
  14.404  0.3027E+00  0.1489E+01  0.1886E+02
  14.504  0.3071E+00  0.1594E+01  0.1905E+02
  14.604  0.3175E+00  0.1618E+01  0.1924E+02
  14.704  0.3242E+00  0.2482E+01  0.1953E+02
  14.804  0.3150E+00  0.2577E+01  0.1981E+02
  14.904  0.3265E+00  0.3141E+01  0.2016E+02
  15.004  0.2866E+00  0.3884E+01  0.2058E+02
  15.104  0.2802E+00  0.4433E+01  0.2105E+02
  15.204  0.2647E+00  0.2944E+01  0.2137E+02
  15.304  0.2596E+00  0.5205E+00  0.2145E+02
  15.404  0.2557E+00  0.4934E+00  0.2152E+02
  15.504  0.2541E+00  0.4935E+00  0.2160E+02
  15.604  0.2601E+00  0.4883E+00  0.2167E+02
  15.704  0.2655E+00  0.4526E+00  0.2174E+02
  15.804  0.2484E+00  0.4331E+00  0.2181E+02
  15.904  0.2423E+00  0.4216E+00  0.2188E+02
  16.004  0.2393E+00  0.3983E+00  0.2194E+02
  16.104  0.2367E+00  0.3950E+00  0.2201E+02
  16.204  0.2330E+00  0.3945E+00  0.2207E+02
  16.304  0.2300E+00  0.3991E+00  0.2213E+02
  16.404  0.2289E+00  0.3679E+00  0.2219E+02
  16.504  0.2279E+00  0.3502E+00  0.2225E+02
  16.604  0.2241E+00  0.3283E+00  0.2230E+02
  16.704  0.2227E+00  0.3175E+00  0.2236E+02
  16.804  0.2239E+00  0.3142E+00  0.2241E+02
  16.904  0.2290E+00  0.3119E+00  0.2247E+02
  17.004  0.2369E+00  0.3030E+00  0.2252E+02
  17.104  0.2418E+00  0.2893E+00  0.2257E+02
  17.204  0.2437E+00  0.2804E+00  0.2263E+02
  17.304  0.2597E+00  0.2755E+00  0.2268E+02
  17.404  0.2322E+00  0.2698E+00  0.2273E+02
  17.504  0.2294E+00  0.2637E+00  0.2278E+02
  17.604  0.2262E+00  0.2587E+00  0.2283E+02
  17.704  0.2223E+00  0.2547E+00  0.2288E+02
  17.804  0.2249E+00  0.2536E+00  0.2292E+02
  17.904  0.2618E+00  0.2544E+00  0.2297E+02
  18.004  0.2007E+00  0.2555E+00  0.2302E+02
  18.104  0.1927E+00  0.2617E+00  0.2307E+02
  18.204  0.1854E+00  0.2630E+00  0.2311E+02
  18.304  0.1787E+00  0.2779E+00  0.2316E+02
  18.404  0.1745E+00  0.2528E+00  0.2320E+02
  18.504  0.1708E+00  0.2469E+00  0.2324E+02
  18.604  0.1678E+00  0.2417E+00  0.2328E+02
  18.704  0.1660E+00  0.2382E+00  0.2332E+02
  18.804  0.1693E+00  0.2353E+00  0.2336E+02
  18.904  0.2338E+00  0.2536E+00  0.2341E+02
