#  E (eV)   dos(E)     Int dos(E) EFermi =  13.737 eV
   4.804  0.0000E+00  0.0000E+00
   4.904  0.2885E-01  0.2885E-02
   5.004  0.5342E-01  0.8226E-02
   5.104  0.6607E-01  0.1483E-01
   5.204  0.8169E-01  0.2300E-01
   5.304  0.9176E-01  0.3218E-01
   5.404  0.1018E+00  0.4236E-01
   5.504  0.1129E+00  0.5365E-01
   5.604  0.1218E+00  0.6583E-01
   5.704  0.1298E+00  0.7881E-01
   5.804  0.1390E+00  0.9271E-01
   5.904  0.1490E+00  0.1076E+00
   6.004  0.1574E+00  0.1234E+00
   6.104  0.1663E+00  0.1400E+00
   6.204  0.1736E+00  0.1573E+00
   6.304  0.1819E+00  0.1755E+00
   6.404  0.1904E+00  0.1946E+00
   6.504  0.1990E+00  0.2145E+00
   6.604  0.2088E+00  0.2353E+00
   6.704  0.2413E+00  0.2595E+00
   6.804  0.2441E+00  0.2839E+00
   6.904  0.2510E+00  0.3090E+00
   7.004  0.2522E+00  0.3342E+00
   7.104  0.2566E+00  0.3599E+00
   7.204  0.2628E+00  0.3861E+00
   7.304  0.2673E+00  0.4129E+00
   7.404  0.2728E+00  0.4402E+00
   7.504  0.2787E+00  0.4680E+00
   7.604  0.3355E+00  0.5016E+00
   7.704  0.3328E+00  0.5349E+00
   7.804  0.3516E+00  0.5700E+00
   7.904  0.3671E+00  0.6067E+00
   8.004  0.3871E+00  0.6454E+00
   8.104  0.4085E+00  0.6863E+00
   8.204  0.4289E+00  0.7292E+00
   8.304  0.4577E+00  0.7749E+00
   8.404  0.4934E+00  0.8243E+00
   8.504  0.5337E+00  0.8777E+00
   8.604  0.5803E+00  0.9357E+00
   8.704  0.6339E+00  0.9991E+00
   8.804  0.7076E+00  0.1070E+01
   8.904  0.8124E+00  0.1151E+01
   9.004  0.9561E+00  0.1247E+01
   9.104  0.1304E+01  0.1377E+01
   9.204  0.1870E+01  0.1564E+01
   9.304  0.1708E+01  0.1735E+01
   9.404  0.2028E+01  0.1938E+01
   9.504  0.1865E+01  0.2124E+01
   9.604  0.1929E+01  0.2317E+01
   9.704  0.2651E+01  0.2582E+01
   9.804  0.2610E+01  0.2843E+01
   9.904  0.2599E+01  0.3103E+01
  10.004  0.3237E+01  0.3427E+01
  10.104  0.4085E+01  0.3835E+01
  10.204  0.2698E+01  0.4105E+01
  10.304  0.2525E+01  0.4358E+01
  10.404  0.2852E+01  0.4643E+01
  10.504  0.2812E+01  0.4924E+01
  10.604  0.2987E+01  0.5223E+01
  10.704  0.3186E+01  0.5541E+01
  10.804  0.4332E+01  0.5975E+01
  10.904  0.4362E+01  0.6411E+01
  11.004  0.4091E+01  0.6820E+01
  11.104  0.4443E+01  0.7264E+01
  11.204  0.2218E+01  0.7486E+01
  11.304  0.1447E+01  0.7631E+01
  11.404  0.2555E+01  0.7886E+01
  11.504  0.2199E+01  0.8106E+01
  11.604  0.5311E+01  0.8637E+01
  11.704  0.5806E+01  0.9218E+01
  11.804  0.5198E+01  0.9738E+01
  11.904  0.5128E+01  0.1025E+02
  12.004  0.5109E+01  0.1076E+02
  12.104  0.6435E+01  0.1140E+02
  12.204  0.5764E+01  0.1198E+02
  12.304  0.7900E+01  0.1277E+02
  12.404  0.5051E+01  0.1328E+02
  12.504  0.5025E+01  0.1378E+02
  12.604  0.3619E+01  0.1414E+02
  12.704  0.3021E+01  0.1444E+02
  12.804  0.3686E+01  0.1481E+02
  12.904  0.3399E+01  0.1515E+02
  13.004  0.3306E+01  0.1548E+02
  13.104  0.3284E+01  0.1581E+02
  13.204  0.3277E+01  0.1614E+02
  13.304  0.3180E+01  0.1646E+02
  13.404  0.3220E+01  0.1678E+02
  13.504  0.3558E+01  0.1713E+02
  13.604  0.5298E+01  0.1766E+02
  13.704  0.5533E+01  0.1822E+02
  13.804  0.7106E+01  0.1893E+02
  13.904  0.8109E+01  0.1974E+02
  14.004  0.8546E+01  0.2059E+02
  14.104  0.2170E+01  0.2081E+02
  14.204  0.8650E+00  0.2090E+02
  14.304  0.8117E+00  0.2098E+02
  14.404  0.7765E+00  0.2106E+02
  14.504  0.7630E+00  0.2113E+02
  14.604  0.7656E+00  0.2121E+02
  14.704  0.7408E+00  0.2128E+02
  14.804  0.7220E+00  0.2135E+02
  14.904  0.7199E+00  0.2143E+02
  15.004  0.7269E+00  0.2150E+02
  15.104  0.7313E+00  0.2157E+02
  15.204  0.7032E+00  0.2164E+02
  15.304  0.6903E+00  0.2171E+02
  15.404  0.6918E+00  0.2178E+02
  15.504  0.6449E+00  0.2185E+02
  15.604  0.6072E+00  0.2191E+02
  15.704  0.5935E+00  0.2197E+02
  15.804  0.5861E+00  0.2202E+02
  15.904  0.5808E+00  0.2208E+02
  16.004  0.5726E+00  0.2214E+02
  16.104  0.5560E+00  0.2219E+02
  16.204  0.5556E+00  0.2225E+02
  16.304  0.5350E+00  0.2230E+02
  16.404  0.5205E+00  0.2236E+02
  16.504  0.5095E+00  0.2241E+02
  16.604  0.4983E+00  0.2246E+02
  16.704  0.4921E+00  0.2251E+02
  16.804  0.4884E+00  0.2255E+02
  16.904  0.4788E+00  0.2260E+02
  17.004  0.4730E+00  0.2265E+02
  17.104  0.4680E+00  0.2270E+02
  17.204  0.4676E+00  0.2274E+02
  17.304  0.4749E+00  0.2279E+02
  17.404  0.4817E+00  0.2284E+02
  17.504  0.4961E+00  0.2289E+02
  17.604  0.4982E+00  0.2294E+02
  17.704  0.5387E+00  0.2299E+02
  17.804  0.4809E+00  0.2304E+02
  17.904  0.4725E+00  0.2309E+02
  18.004  0.4637E+00  0.2313E+02
  18.104  0.4552E+00  0.2318E+02
  18.204  0.4565E+00  0.2323E+02
  18.304  0.5063E+00  0.2328E+02
  18.404  0.4088E+00  0.2332E+02
  18.504  0.3909E+00  0.2336E+02
  18.604  0.3770E+00  0.2339E+02
  18.704  0.3654E+00  0.2343E+02
  18.804  0.3573E+00  0.2347E+02
  18.904  0.3504E+00  0.2350E+02
  19.004  0.3456E+00  0.2354E+02
  19.104  0.3513E+00  0.2357E+02
  19.204  0.3423E+00  0.2361E+02
