Energy	Force	Pressure	Ecutwf	Kmesh
-120.73895646	0.000000		10	4
-139.42893918	0.000000		20	4
-147.59870762	0.000000		30	4
-150.74317964	0.000000		40	4
-151.79336804	0.000000		50	4
-152.05252190	0.000000	-429.19	60	4
-152.09671826	0.000000	-28.30	70	4
-152.10113657	0.000000	36.12	80	4
-152.10127156	0.000000	39.43	90	4
-152.10129993	0.000000	39.43	100	4
-152.10130389	0.000000	39.51	110	4
-152.10131551	0.000000	39.41	120	4
-152.10132855	0.000000	39.44	130	4
-152.10133650	0.000000	39.56	140	4
-152.10133933	0.000000	39.52	150	4
-152.10137561	0.000000	39.54	200	4
