Energy		Ecutwf	Alat	Deform
# Dom 22 Apr 2018 16:14:16 CEST
-608.3929887516	70	8.044750	0.0
#	70	8.05049395150	0.000714
-608.3927278075	70	8.05624594775	0.001429
-608.3925769531	70	8.06198989925	0.002143
-608.3926184276	70	8.06773385075	0.002857
-608.3924779217	70	8.07347780225	0.003571
-608.3924595711	70	8.07922979850	0.004286
-608.3924434779	70	8.08497375	0.005
-608.3922736900	70	8.09071770150	0.005714
-608.3920991373	70	8.09646969775	0.006429
-608.3920455236	70	8.10221364925	0.007143
-608.3919073784	70	8.10795760075	0.007857
-608.3917809899	70	8.11370155225	0.008571
-608.3916219037	70	8.11945354850	0.009286
-608.3913888064	70	8.1251975	0.01
