Energy	Force	Pressure	Ecutwf	Kmesh
-151.52151123	0.000000	-117.72	70	4
-151.48034436	0.000000	-89.68	70	4
-151.51882401	0.000000	-115.97	70	4
-151.42033589	0.000000	-54.99	70	4
-151.52033962	0.000000	-116.90	70	4
-151.48251826	0.000000	-90.87	70	4
-151.52180015	0.000000	-117.60	70	4
-151.49307315	0.000000	-97.29	70	4
-151.43433500	0.000000	-62.12	70	4
-151.49427955	0.000000	-97.65	70	4
-151.52915707	0.000000	-122.01	70	4
-151.53002643	0.000000	-122.26	70	4
-151.53064451	0.000000	-122.78	70	4
-151.53152272	0.000000	-123.10	70	4
-151.52797272	0.000000	-120.66	70	4
