7.887	-152.09527004
7.896	-152.09541041
7.904	-152.09570933
7.913	-152.09574596
7.921	-152.09593103
7.929	-152.09600880
7.938	-152.09639701
7.946	-152.09637193
7.955	-152.09645758
7.963	-152.09657883
7.971	-152.09670899
7.980	-152.09684581
7.988	-152.09682938
7.996	-152.09724401
8.005	-152.09722379
8.013	-152.09726947
8.022	-152.09717847
8.030	-152.09729710
8.038	-152.09735623
8.047	-152.09745476
8.055	-152.09729680
8.063	-152.09746086
8.071	-152.09731744
8.079	-152.09732725
8.087	-152.09709644
8.095	-152.09715436
8.103	-152.09705073
8.111	-152.09684476
8.119	-152.09676317
8.127	-152.09657026
8.135	-152.09659632
8.143	-152.09643935
8.151	-152.09635949
8.159	-152.09608386
8.167	-152.09600413