#  E (eV)   dos(E)     Int dos(E) EFermi =   5.359 eV
 -20.000 -0.4642E-83 -0.4642E-84
 -19.900 -0.4809E-83 -0.9451E-84
 -19.800 -0.4976E-83 -0.1443E-83
 -19.700 -0.5143E-83 -0.1957E-83
 -19.600 -0.5310E-83 -0.2488E-83
 -19.500 -0.5477E-83 -0.3036E-83
 -19.400 -0.5644E-83 -0.3600E-83
 -19.300 -0.5811E-83 -0.4181E-83
 -19.200 -0.5978E-83 -0.4779E-83
 -19.100 -0.6145E-83 -0.5393E-83
 -19.000 -0.6312E-83 -0.6025E-83
 -18.900 -0.6479E-83 -0.6673E-83
 -18.800 -0.6646E-83 -0.7337E-83
 -18.700 -0.6813E-83 -0.8018E-83
 -18.600 -0.6980E-83 -0.8716E-83
 -18.500 -0.7147E-83 -0.9431E-83
 -18.400 -0.7314E-83 -0.1016E-82
 -18.300 -0.7481E-83 -0.1091E-82
 -18.200 -0.7648E-83 -0.1168E-82
 -18.100 -0.7815E-83 -0.1246E-82
 -18.000 -0.7982E-83 -0.1326E-82
 -17.900 -0.8149E-83 -0.1407E-82
 -17.800 -0.8316E-83 -0.1490E-82
 -17.700 -0.8483E-83 -0.1575E-82
 -17.600 -0.8650E-83 -0.1662E-82
 -17.500 -0.8817E-83 -0.1750E-82
 -17.400 -0.8984E-83 -0.1840E-82
 -17.300 -0.9151E-83 -0.1931E-82
 -17.200 -0.9318E-83 -0.2024E-82
 -17.100 -0.9485E-83 -0.2119E-82
 -17.000 -0.9652E-83 -0.2216E-82
 -16.900 -0.9819E-83 -0.2314E-82
 -16.800 -0.9986E-83 -0.2414E-82
 -16.700 -0.1015E-82 -0.2515E-82
 -16.600 -0.1032E-82 -0.2618E-82
 -16.500 -0.1049E-82 -0.2723E-82
 -16.400 -0.1065E-82 -0.2830E-82
 -16.300 -0.1082E-82 -0.2938E-82
 -16.200 -0.1099E-82 -0.3048E-82
 -16.100 -0.1116E-82 -0.3159E-82
 -16.000 -0.1132E-82 -0.3273E-82
 -15.900 -0.1149E-82 -0.3388E-82
 -15.800 -0.1166E-82 -0.3504E-82
 -15.700 -0.1182E-82 -0.3622E-82
 -15.600 -0.1199E-82 -0.3742E-82
 -15.500 -0.1216E-82 -0.3864E-82
 -15.400 -0.1232E-82 -0.3987E-82
 -15.300 -0.1249E-82 -0.4112E-82
 -15.200 -0.1266E-82 -0.4239E-82
 -15.100 -0.1283E-82 -0.4367E-82
 -15.000 -0.1299E-82 -0.4497E-82
 -14.900 -0.1316E-82 -0.4628E-82
 -14.800 -0.1333E-82 -0.4762E-82
 -14.700 -0.1349E-82 -0.4897E-82
 -14.600 -0.1366E-82 -0.5033E-82
 -14.500 -0.1383E-82 -0.5171E-82
 -14.400 -0.1399E-82 -0.5311E-82
 -14.300 -0.1416E-82 -0.5453E-82
 -14.200 -0.1433E-82 -0.5596E-82
 -14.100 -0.1450E-82 -0.5741E-82
 -14.000 -0.1466E-82 -0.5888E-82
 -13.900 -0.1483E-82 -0.6036E-82
 -13.800 -0.1500E-82 -0.6186E-82
 -13.700 -0.1516E-82 -0.6338E-82
 -13.600 -0.1533E-82 -0.6491E-82
 -13.500 -0.1550E-82 -0.6646E-82
 -13.400 -0.1566E-82 -0.6803E-82
 -13.300 -0.1583E-82 -0.6961E-82
 -13.200 -0.1600E-82 -0.7121E-82
 -13.100 -0.1617E-82 -0.7283E-82
 -13.000 -0.1633E-82 -0.7446E-82
 -12.900 -0.1650E-82 -0.7611E-82
 -12.800 -0.1667E-82 -0.7778E-82
 -12.700 -0.1683E-82 -0.7946E-82
 -12.600 -0.1700E-82 -0.8116E-82
 -12.500 -0.1717E-82 -0.8288E-82
 -12.400 -0.1734E-82 -0.8461E-82
 -12.300 -0.1750E-82 -0.8636E-82
 -12.200 -0.1767E-82 -0.8813E-82
 -12.100 -0.1784E-82 -0.8991E-82
 -12.000 -0.1800E-82 -0.9171E-82
 -11.900 -0.1817E-82 -0.9353E-82
 -11.800 -0.1834E-82 -0.9536E-82
 -11.700 -0.1850E-82 -0.9721E-82
 -11.600 -0.1867E-82 -0.9908E-82
 -11.500 -0.1884E-82 -0.1010E-81
 -11.400 -0.1901E-82 -0.1029E-81
 -11.300 -0.1917E-82 -0.1048E-81
 -11.200 -0.1934E-82 -0.1067E-81
 -11.100 -0.1951E-82 -0.1087E-81
 -11.000 -0.1967E-82 -0.1106E-81
 -10.900 -0.1984E-82 -0.1126E-81
 -10.800 -0.2001E-82 -0.1146E-81
 -10.700 -0.2017E-82 -0.1166E-81
 -10.600 -0.2034E-82 -0.1187E-81
 -10.500 -0.2051E-82 -0.1207E-81
 -10.400 -0.2068E-82 -0.1228E-81
 -10.300 -0.2084E-82 -0.1249E-81
 -10.200 -0.2101E-82 -0.1270E-81
 -10.100 -0.2118E-82 -0.1291E-81
 -10.000 -0.2134E-82 -0.1312E-81
  -9.900 -0.2151E-82 -0.1334E-81
  -9.800 -0.2168E-82 -0.1355E-81
  -9.700 -0.2184E-82 -0.1377E-81
  -9.600 -0.2201E-82 -0.1399E-81
  -9.500 -0.2218E-82 -0.1421E-81
  -9.400 -0.2235E-82 -0.1444E-81
  -9.300 -0.2251E-82 -0.1466E-81
  -9.200 -0.2268E-82 -0.1489E-81
  -9.100 -0.2285E-82 -0.1512E-81
  -9.000 -0.2301E-82 -0.1535E-81
  -8.900 -0.2318E-82 -0.1558E-81
  -8.800 -0.2335E-82 -0.1581E-81
  -8.700 -0.2351E-82 -0.1605E-81
  -8.600 -0.2368E-82 -0.1629E-81
  -8.500 -0.2385E-82 -0.1652E-81
  -8.400 -0.2402E-82 -0.1676E-81
  -8.300 -0.2418E-82 -0.1701E-81
  -8.200 -0.2435E-82 -0.1725E-81
  -8.100 -0.2452E-82 -0.1750E-81
  -8.000 -0.2468E-82 -0.1774E-81
  -7.900 -0.2485E-82 -0.1799E-81
  -7.800 -0.2502E-82 -0.1824E-81
  -7.700 -0.2518E-82 -0.1849E-81
  -7.600 -0.2535E-82 -0.1875E-81
  -7.500 -0.2552E-82 -0.1900E-81
  -7.400 -0.2569E-82 -0.1926E-81
  -7.300 -0.2585E-82 -0.1952E-81
  -7.200 -0.2602E-82 -0.1978E-81
  -7.100 -0.2619E-82 -0.2004E-81
  -7.000 -0.2635E-82 -0.2030E-81
  -6.900 -0.2652E-82 -0.2057E-81
  -6.800 -0.2669E-82 -0.2083E-81
  -6.700 -0.2686E-82 -0.2110E-81
  -6.600 -0.2702E-82 -0.2137E-81
  -6.500 -0.2719E-82 -0.2165E-81
  -6.400 -0.2736E-82 -0.2192E-81
  -6.300 -0.2752E-82 -0.2219E-81
  -6.200 -0.2769E-82 -0.2247E-81
  -6.100 -0.2786E-82 -0.2275E-81
  -6.000 -0.2802E-82 -0.2303E-81
  -5.900 -0.2819E-82 -0.2331E-81
  -5.800 -0.2836E-82 -0.2360E-81
  -5.700 -0.2853E-82 -0.2388E-81
  -5.600 -0.2869E-82 -0.2417E-81
  -5.500 -0.2886E-82 -0.2446E-81
  -5.400 -0.2903E-82 -0.2475E-81
  -5.300 -0.2919E-82 -0.2504E-81
  -5.200 -0.2936E-82 -0.2533E-81
  -5.100 -0.2953E-82 -0.2563E-81
  -5.000 -0.2969E-82 -0.2592E-81
  -4.900 -0.2986E-82 -0.2622E-81
  -4.800 -0.3003E-82 -0.2652E-81
  -4.700 -0.3020E-82 -0.2682E-81
  -4.600 -0.3036E-82 -0.2713E-81
  -4.500 -0.3053E-82 -0.2743E-81
  -4.400 -0.3070E-82 -0.2774E-81
  -4.300 -0.3086E-82 -0.2805E-81
  -4.200 -0.3103E-82 -0.2836E-81
  -4.100 -0.3120E-82 -0.2867E-81
  -4.000 -0.3136E-82 -0.2899E-81
  -3.900 -0.3153E-82 -0.2930E-81
  -3.800 -0.3170E-82 -0.2962E-81
  -3.700 -0.3187E-82 -0.2994E-81
  -3.600 -0.3203E-82 -0.3026E-81
  -3.500 -0.3220E-82 -0.3058E-81
  -3.400 -0.3237E-82 -0.3090E-81
  -3.300 -0.2859E-82 -0.3119E-81
  -3.200  0.1405E-74  0.1405E-75
  -3.100  0.1697E-66  0.1697E-67
  -3.000  0.6933E-59  0.6933E-60
  -2.900  0.9581E-52  0.9581E-53
  -2.800  0.4476E-45  0.4476E-46
  -2.700  0.7066E-39  0.7066E-40
  -2.600  0.3767E-33  0.3767E-34
  -2.500  0.6774E-28  0.6774E-29
  -2.400  0.4105E-23  0.4105E-24
  -2.300  0.8372E-19  0.8372E-20
  -2.200  0.5734E-15  0.5735E-16
  -2.100  0.1316E-11  0.1317E-12
  -2.000  0.1008E-08  0.1010E-09
  -1.900  0.2569E-06  0.2579E-07
  -1.800  0.2170E-04  0.2196E-05
  -1.700  0.6151E-03  0.6371E-04
  -1.600  0.6379E-02  0.7016E-03
  -1.500  0.3185E-01  0.3886E-02
  -1.400  0.9502E-01  0.1339E-01
  -1.300  0.1568E+00  0.2907E-01
  -1.200  0.1884E+00  0.4791E-01
  -1.100  0.1700E+00  0.6491E-01
  -1.000  0.1976E+00  0.8468E-01
  -0.900  0.3022E+00  0.1149E+00
  -0.800  0.3078E+00  0.1457E+00
  -0.700  0.2364E+00  0.1693E+00
  -0.600  0.1714E+00  0.1865E+00
  -0.500  0.3624E+00  0.2227E+00
  -0.400  0.5515E+00  0.2778E+00
  -0.300  0.4137E+00  0.3192E+00
  -0.200  0.1539E+00  0.3346E+00
  -0.100  0.1865E+00  0.3533E+00
   0.000  0.3660E+00  0.3899E+00
   0.100  0.5314E+00  0.4430E+00
   0.200  0.4394E+00  0.4869E+00
   0.300  0.6323E+00  0.5502E+00
   0.400  0.7031E+00  0.6205E+00
   0.500  0.3176E+00  0.6522E+00
   0.600  0.4852E-01  0.6571E+00
   0.700  0.2762E+00  0.6847E+00
   0.800  0.6949E+00  0.7542E+00
   0.900  0.7278E+00  0.8270E+00
   1.000  0.3370E+00  0.8607E+00
   1.100  0.4728E+00  0.9080E+00
   1.200  0.6569E+00  0.9736E+00
   1.300  0.5625E+00  0.1030E+01
   1.400  0.5359E+00  0.1083E+01
   1.500  0.7036E+00  0.1154E+01
   1.600  0.6999E+00  0.1224E+01
   1.700  0.5316E+00  0.1277E+01
   1.800  0.2962E+00  0.1307E+01
   1.900  0.6413E+00  0.1371E+01
   2.000  0.7703E+00  0.1448E+01
   2.100  0.3942E+00  0.1487E+01
   2.200  0.3871E+00  0.1526E+01
   2.300  0.5655E+00  0.1582E+01
   2.400  0.8186E+00  0.1664E+01
   2.500  0.8082E+00  0.1745E+01
   2.600  0.7108E+00  0.1816E+01
   2.700  0.1180E+01  0.1934E+01
   2.800  0.1125E+01  0.2047E+01
   2.900  0.4703E+00  0.2094E+01
   3.000  0.6816E-01  0.2101E+01
   3.100  0.2632E+00  0.2127E+01
   3.200  0.7152E+00  0.2198E+01
   3.300  0.8292E+00  0.2281E+01
   3.400  0.7678E+00  0.2358E+01
   3.500  0.1111E+01  0.2469E+01
   3.600  0.9909E+00  0.2568E+01
   3.700  0.6574E+00  0.2634E+01
   3.800  0.7261E+00  0.2707E+01
   3.900  0.9486E+00  0.2802E+01
   4.000  0.9851E+00  0.2900E+01
   4.100  0.6574E+00  0.2966E+01
   4.200  0.7476E+00  0.3041E+01
   4.300  0.8845E+00  0.3129E+01
   4.400  0.6008E+00  0.3189E+01
   4.500  0.6089E+00  0.3250E+01
   4.600  0.9808E+00  0.3348E+01
   4.700  0.1077E+01  0.3456E+01
   4.800  0.8225E+00  0.3538E+01
   4.900  0.8365E+00  0.3622E+01
   5.000  0.1017E+01  0.3723E+01
   5.100  0.5970E+00  0.3783E+01
   5.200  0.6552E+00  0.3848E+01
   5.300  0.1401E+01  0.3989E+01
   5.400  0.1045E+01  0.4093E+01
   5.500  0.2410E+00  0.4117E+01
   5.600  0.4731E+00  0.4165E+01
   5.700  0.8806E+00  0.4253E+01
   5.800  0.7670E+00  0.4329E+01
   5.900  0.5587E+00  0.4385E+01
   6.000  0.8987E+00  0.4475E+01
   6.100  0.1370E+01  0.4612E+01
   6.200  0.1159E+01  0.4728E+01
   6.300  0.1064E+01  0.4834E+01
   6.400  0.1572E+01  0.4992E+01
   6.500  0.1078E+01  0.5100E+01
   6.600  0.6395E+00  0.5163E+01
   6.700  0.7619E+00  0.5240E+01
   6.800  0.7123E+00  0.5311E+01
   6.900  0.9038E+00  0.5401E+01
   7.000  0.8253E+00  0.5484E+01
   7.100  0.5617E+00  0.5540E+01
   7.200  0.7767E+00  0.5618E+01
   7.300  0.1757E+01  0.5793E+01
   7.400  0.1952E+01  0.5988E+01
   7.500  0.8227E+00  0.6071E+01
   7.600  0.6448E+00  0.6135E+01
   7.700  0.1156E+01  0.6251E+01
   7.800  0.9579E+00  0.6347E+01
   7.900  0.5954E+00  0.6406E+01
   8.000  0.3605E+00  0.6442E+01
   8.100  0.4135E+00  0.6483E+01
   8.200  0.8821E+00  0.6572E+01
   8.300  0.1613E+01  0.6733E+01
   8.400  0.1537E+01  0.6887E+01
   8.500  0.1540E+01  0.7041E+01
   8.600  0.1527E+01  0.7193E+01
   8.700  0.8941E+00  0.7283E+01
   8.800  0.5472E+00  0.7338E+01
   8.900  0.8947E+00  0.7427E+01
   9.000  0.1646E+01  0.7592E+01
   9.100  0.1615E+01  0.7753E+01
   9.200  0.1498E+01  0.7903E+01
   9.300  0.1408E+01  0.8044E+01
   9.400  0.8111E+00  0.8125E+01
   9.500  0.5838E+00  0.8183E+01
   9.600  0.7928E+00  0.8263E+01
   9.700  0.1073E+01  0.8370E+01
   9.800  0.1190E+01  0.8489E+01
   9.900  0.1012E+01  0.8590E+01
  10.000  0.7774E+00  0.8668E+01
  10.100  0.7861E+00  0.8746E+01
  10.200  0.8471E+00  0.8831E+01
  10.300  0.1056E+01  0.8937E+01
  10.400  0.1264E+01  0.9063E+01
  10.500  0.1357E+01  0.9199E+01
  10.600  0.1265E+01  0.9325E+01
  10.700  0.1272E+01  0.9453E+01
  10.800  0.1263E+01  0.9579E+01
  10.900  0.1090E+01  0.9688E+01
  11.000  0.1494E+01  0.9837E+01
  11.100  0.1253E+01  0.9963E+01
  11.200  0.3969E+00  0.1000E+02
  11.300  0.1420E+00  0.1002E+02
  11.400  0.1965E+00  0.1004E+02
  11.500  0.3803E+00  0.1007E+02
  11.600  0.8255E+00  0.1016E+02
  11.700  0.1054E+01  0.1026E+02
  11.800  0.1364E+01  0.1040E+02
  11.900  0.1567E+01  0.1056E+02
  12.000  0.1523E+01  0.1071E+02
  12.100  0.1130E+01  0.1082E+02
  12.200  0.3190E+00  0.1085E+02
  12.300 -0.6113E-01  0.1085E+02
  12.400  0.1259E+00  0.1086E+02
  12.500  0.3676E+00  0.1090E+02
  12.600  0.2012E+00  0.1092E+02
  12.700  0.1865E+00  0.1093E+02
  12.800  0.6955E+00  0.1100E+02
  12.900  0.1051E+01  0.1111E+02
  13.000  0.6937E+00  0.1118E+02
  13.100  0.5007E+00  0.1123E+02
  13.200  0.5181E+00  0.1128E+02
  13.300  0.5213E+00  0.1133E+02
  13.400  0.5878E+00  0.1139E+02
  13.500  0.4056E+00  0.1143E+02
  13.600  0.9425E-01  0.1144E+02
  13.700  0.3014E+00  0.1147E+02
  13.800  0.4808E+00  0.1152E+02
  13.900  0.4938E+00  0.1157E+02
  14.000  0.5499E+00  0.1162E+02
  14.100  0.3884E+00  0.1166E+02
  14.200  0.2460E+00  0.1169E+02
  14.300  0.7254E-01  0.1169E+02
  14.400  0.6504E-01  0.1170E+02
  14.500  0.1689E+00  0.1172E+02
  14.600  0.1836E+00  0.1174E+02
  14.700  0.1904E+00  0.1176E+02
  14.800  0.5021E-01  0.1176E+02
  14.900 -0.1631E-01  0.1176E+02
  15.000  0.7497E-01  0.1177E+02
  15.100  0.3129E+00  0.1180E+02
  15.200  0.4467E+00  0.1184E+02
  15.300  0.1885E+00  0.1186E+02
  15.400 -0.3218E-01  0.1186E+02
  15.500  0.3033E-01  0.1186E+02
  15.600  0.1597E+00  0.1188E+02
  15.700  0.1811E+00  0.1189E+02
  15.800  0.1856E+00  0.1191E+02
  15.900  0.2136E+00  0.1193E+02
  16.000  0.2006E+00  0.1195E+02
  16.100  0.4907E-01  0.1196E+02
  16.200 -0.1357E-01  0.1196E+02
  16.300  0.3750E-01  0.1196E+02
  16.400  0.7172E-01  0.1197E+02
  16.500  0.4028E-01  0.1197E+02
  16.600  0.1924E-02  0.1197E+02
  16.700  0.3017E-01  0.1198E+02
  16.800  0.5802E-01  0.1198E+02
  16.900  0.6435E-01  0.1199E+02
  17.000  0.8720E-01  0.1200E+02
  17.100  0.3767E-01  0.1200E+02
  17.200 -0.6894E-02  0.1200E+02
  17.300 -0.5344E-02  0.1200E+02
  17.400 -0.6948E-03  0.1200E+02
  17.500 -0.2755E-04  0.1200E+02
  17.600 -0.3512E-06  0.1200E+02
  17.700 -0.1458E-08  0.1200E+02
  17.800 -0.1988E-11  0.1200E+02
  17.900 -0.8971E-15  0.1200E+02
  18.000 -0.1346E-18  0.1200E+02
  18.100 -0.6752E-23  0.1200E+02
  18.200 -0.1135E-27  0.1200E+02
  18.300 -0.6409E-33  0.1200E+02
  18.400 -0.1218E-38  0.1200E+02
  18.500 -0.7803E-45  0.1200E+02
  18.600 -0.1686E-51  0.1200E+02
  18.700 -0.1231E-58  0.1200E+02
  18.800 -0.3035E-66  0.1200E+02
  18.900 -0.2530E-74  0.1200E+02
  19.000 -0.7691E-82  0.1200E+02
  19.100 -0.6995E-82  0.1200E+02
  19.200 -0.7011E-82  0.1200E+02
  19.300 -0.7028E-82  0.1200E+02
  19.400 -0.7045E-82  0.1200E+02
  19.500 -0.7061E-82  0.1200E+02
  19.600 -0.7078E-82  0.1200E+02
  19.700 -0.7095E-82  0.1200E+02
  19.800 -0.7111E-82  0.1200E+02
  19.900 -0.7128E-82  0.1200E+02
  20.000 -0.7145E-82  0.1200E+02
  20.100 -0.7162E-82  0.1200E+02
  20.200 -0.7178E-82  0.1200E+02
  20.300 -0.7195E-82  0.1200E+02
  20.400 -0.7212E-82  0.1200E+02
  20.500 -0.7228E-82  0.1200E+02
  20.600 -0.7245E-82  0.1200E+02
  20.700 -0.7262E-82  0.1200E+02
  20.800 -0.7278E-82  0.1200E+02
  20.900 -0.7295E-82  0.1200E+02
  21.000 -0.7312E-82  0.1200E+02
  21.100 -0.7329E-82  0.1200E+02
  21.200 -0.7345E-82  0.1200E+02
  21.300 -0.7362E-82  0.1200E+02
  21.400 -0.7379E-82  0.1200E+02
  21.500 -0.7395E-82  0.1200E+02
  21.600 -0.7412E-82  0.1200E+02
  21.700 -0.7429E-82  0.1200E+02
  21.800 -0.7445E-82  0.1200E+02
  21.900 -0.7462E-82  0.1200E+02
  22.000 -0.7479E-82  0.1200E+02
  22.100 -0.7496E-82  0.1200E+02
  22.200 -0.7512E-82  0.1200E+02
  22.300 -0.7529E-82  0.1200E+02
  22.400 -0.7546E-82  0.1200E+02
  22.500 -0.7562E-82  0.1200E+02
  22.600 -0.7579E-82  0.1200E+02
  22.700 -0.7596E-82  0.1200E+02
  22.800 -0.7613E-82  0.1200E+02
  22.900 -0.7629E-82  0.1200E+02
  23.000 -0.7646E-82  0.1200E+02
  23.100 -0.7663E-82  0.1200E+02
  23.200 -0.7679E-82  0.1200E+02
  23.300 -0.7696E-82  0.1200E+02
  23.400 -0.7713E-82  0.1200E+02
  23.500 -0.7729E-82  0.1200E+02
  23.600 -0.7746E-82  0.1200E+02
  23.700 -0.7763E-82  0.1200E+02
  23.800 -0.7780E-82  0.1200E+02
  23.900 -0.7796E-82  0.1200E+02
  24.000 -0.7813E-82  0.1200E+02
  24.100 -0.7830E-82  0.1200E+02
  24.200 -0.7846E-82  0.1200E+02
  24.300 -0.7863E-82  0.1200E+02
  24.400 -0.7880E-82  0.1200E+02
  24.500 -0.7896E-82  0.1200E+02
  24.600 -0.7913E-82  0.1200E+02
  24.700 -0.7930E-82  0.1200E+02
  24.800 -0.7947E-82  0.1200E+02
  24.900 -0.7963E-82  0.1200E+02
  25.000 -0.7980E-82  0.1200E+02
  25.100 -0.7997E-82  0.1200E+02
  25.200 -0.8013E-82  0.1200E+02
  25.300 -0.8030E-82  0.1200E+02
  25.400 -0.8047E-82  0.1200E+02
  25.500 -0.8063E-82  0.1200E+02
  25.600 -0.8080E-82  0.1200E+02
  25.700 -0.8097E-82  0.1200E+02
  25.800 -0.8114E-82  0.1200E+02
  25.900 -0.8130E-82  0.1200E+02
  26.000 -0.8147E-82  0.1200E+02
  26.100 -0.8164E-82  0.1200E+02
  26.200 -0.8180E-82  0.1200E+02
  26.300 -0.8197E-82  0.1200E+02
  26.400 -0.8214E-82  0.1200E+02
  26.500 -0.8230E-82  0.1200E+02
  26.600 -0.8247E-82  0.1200E+02
  26.700 -0.8264E-82  0.1200E+02
  26.800 -0.8281E-82  0.1200E+02
  26.900 -0.8297E-82  0.1200E+02
  27.000 -0.8314E-82  0.1200E+02
  27.100 -0.8331E-82  0.1200E+02
  27.200 -0.8347E-82  0.1200E+02
  27.300 -0.8364E-82  0.1200E+02
  27.400 -0.8381E-82  0.1200E+02
  27.500 -0.8397E-82  0.1200E+02
  27.600 -0.8414E-82  0.1200E+02
  27.700 -0.8431E-82  0.1200E+02
  27.800 -0.8448E-82  0.1200E+02
  27.900 -0.8464E-82  0.1200E+02
  28.000 -0.8481E-82  0.1200E+02
  28.100 -0.8498E-82  0.1200E+02
  28.200 -0.8514E-82  0.1200E+02
  28.300 -0.8531E-82  0.1200E+02
  28.400 -0.8548E-82  0.1200E+02
  28.500 -0.8565E-82  0.1200E+02
  28.600 -0.8581E-82  0.1200E+02
  28.700 -0.8598E-82  0.1200E+02
  28.800 -0.8615E-82  0.1200E+02
  28.900 -0.8631E-82  0.1200E+02
  29.000 -0.8648E-82  0.1200E+02
  29.100 -0.8665E-82  0.1200E+02
  29.200 -0.8681E-82  0.1200E+02
  29.300 -0.8698E-82  0.1200E+02
  29.400 -0.8715E-82  0.1200E+02
  29.500 -0.8732E-82  0.1200E+02
  29.600 -0.8748E-82  0.1200E+02
  29.700 -0.8765E-82  0.1200E+02
  29.800 -0.8782E-82  0.1200E+02
  29.900 -0.8798E-82  0.1200E+02
  30.000 -0.8815E-82  0.1200E+02
  30.100 -0.8832E-82  0.1200E+02
  30.200 -0.8848E-82  0.1200E+02
  30.300 -0.8865E-82  0.1200E+02
  30.400 -0.8882E-82  0.1200E+02
  30.500 -0.8899E-82  0.1200E+02
  30.600 -0.8915E-82  0.1200E+02
  30.700 -0.8932E-82  0.1200E+02
  30.800 -0.8949E-82  0.1200E+02
  30.900 -0.8965E-82  0.1200E+02
  31.000 -0.8982E-82  0.1200E+02
  31.100 -0.8999E-82  0.1200E+02
  31.200 -0.9015E-82  0.1200E+02
  31.300 -0.9032E-82  0.1200E+02
  31.400 -0.9049E-82  0.1200E+02
  31.500 -0.9066E-82  0.1200E+02
  31.600 -0.9082E-82  0.1200E+02
  31.700 -0.9099E-82  0.1200E+02
  31.800 -0.9116E-82  0.1200E+02
  31.900 -0.9132E-82  0.1200E+02
  32.000 -0.9149E-82  0.1200E+02
  32.100 -0.9166E-82  0.1200E+02
  32.200 -0.9182E-82  0.1200E+02
  32.300 -0.9199E-82  0.1200E+02
  32.400 -0.9216E-82  0.1200E+02
  32.500 -0.9233E-82  0.1200E+02
  32.600 -0.9249E-82  0.1200E+02
  32.700 -0.9266E-82  0.1200E+02
  32.800 -0.9283E-82  0.1200E+02
  32.900 -0.9299E-82  0.1200E+02
  33.000 -0.9316E-82  0.1200E+02
  33.100 -0.9333E-82  0.1200E+02
  33.200 -0.9349E-82  0.1200E+02
  33.300 -0.9366E-82  0.1200E+02
  33.400 -0.9383E-82  0.1200E+02
  33.500 -0.9400E-82  0.1200E+02
  33.600 -0.9416E-82  0.1200E+02
  33.700 -0.9433E-82  0.1200E+02
  33.800 -0.9450E-82  0.1200E+02
  33.900 -0.9466E-82  0.1200E+02
  34.000 -0.9483E-82  0.1200E+02
  34.100 -0.9500E-82  0.1200E+02
  34.200 -0.9517E-82  0.1200E+02
  34.300 -0.9533E-82  0.1200E+02
  34.400 -0.9550E-82  0.1200E+02
  34.500 -0.9567E-82  0.1200E+02
  34.600 -0.9583E-82  0.1200E+02
  34.700 -0.9600E-82  0.1200E+02
  34.800 -0.9617E-82  0.1200E+02
  34.900 -0.9633E-82  0.1200E+02
  35.000 -0.9650E-82  0.1200E+02
  35.100 -0.9667E-82  0.1200E+02
  35.200 -0.9684E-82  0.1200E+02
  35.300 -0.9700E-82  0.1200E+02
  35.400 -0.9717E-82  0.1200E+02
  35.500 -0.9734E-82  0.1200E+02
  35.600 -0.9750E-82  0.1200E+02
  35.700 -0.9767E-82  0.1200E+02
  35.800 -0.9784E-82  0.1200E+02
  35.900 -0.9800E-82  0.1200E+02
  36.000 -0.9817E-82  0.1200E+02
  36.100 -0.9834E-82  0.1200E+02
  36.200 -0.9851E-82  0.1200E+02
  36.300 -0.9867E-82  0.1200E+02
  36.400 -0.9884E-82  0.1200E+02
  36.500 -0.9901E-82  0.1200E+02
  36.600 -0.9917E-82  0.1200E+02
  36.700 -0.9934E-82  0.1200E+02
  36.800 -0.9951E-82  0.1200E+02
  36.900 -0.9967E-82  0.1200E+02
  37.000 -0.9984E-82  0.1200E+02
  37.100 -0.1000E-81  0.1200E+02
  37.200 -0.1002E-81  0.1200E+02
  37.300 -0.1003E-81  0.1200E+02
  37.400 -0.1005E-81  0.1200E+02
  37.500 -0.1007E-81  0.1200E+02
  37.600 -0.1008E-81  0.1200E+02
  37.700 -0.1010E-81  0.1200E+02
  37.800 -0.1012E-81  0.1200E+02
  37.900 -0.1013E-81  0.1200E+02
  38.000 -0.1015E-81  0.1200E+02
  38.100 -0.1017E-81  0.1200E+02
  38.200 -0.1018E-81  0.1200E+02
  38.300 -0.1020E-81  0.1200E+02
  38.400 -0.1022E-81  0.1200E+02
  38.500 -0.1023E-81  0.1200E+02
  38.600 -0.1025E-81  0.1200E+02
  38.700 -0.1027E-81  0.1200E+02
  38.800 -0.1028E-81  0.1200E+02
  38.900 -0.1030E-81  0.1200E+02
  39.000 -0.1032E-81  0.1200E+02
  39.100 -0.1033E-81  0.1200E+02
  39.200 -0.1035E-81  0.1200E+02
  39.300 -0.1037E-81  0.1200E+02
  39.400 -0.1038E-81  0.1200E+02
  39.500 -0.1040E-81  0.1200E+02
  39.600 -0.1042E-81  0.1200E+02
  39.700 -0.1044E-81  0.1200E+02
  39.800 -0.1045E-81  0.1200E+02
  39.900 -0.1047E-81  0.1200E+02
  40.000 -0.1049E-81  0.1200E+02
