Energy	 Ecutwf 	 Deform
	70	-0.000714
	70	-0.002143
	70	-0.003571
	70	-0.005
	70	-0.006429
	70	-0.007857
	70	-0.009286
	70	-0.01
-608.3929887516	70	0.0
-608.3929258524	70	0.000714
-608.3928806433	70	0.002143
-608.3928234020	70	0.003571
-608.3928104146	70	0.005
-608.3927495196	70	0.006429
-608.3926935167	70	0.007857
-608.3926278993	70	0.009286
Energy	 Ecutwf 	 Deform
-608.3929258616	70	-0.000714
-608.3928806436	70	-0.002143
-608.3928234017	70	-0.003571
-608.3928104142	70	-0.005
-608.3927495197	70	-0.006429
-608.3926935167	70	-0.007857
-608.3926278994	70	-0.009286
-608.3925640986	70	-0.01
