Energy	Force	Pressure	Ecutwf	Kmesh
-120.69499720	0.197610		10	4
-139.44503630	0.012956		20	4
-147.53394289	0.185469		30	4
-150.73137768	0.079881		40	4
-151.76266086	0.105995		50	4
-152.02763639	0.101939	-305.10	60	4
-152.07119552	0.101072	90.57	70	4
-152.07558009	0.101021	154.58	80	4
-152.07573276	0.101030	158.23	90	4
-152.07575925	0.101038	158.27	100	4
-152.07577568	0.101078	158.38	110	4
-152.07578663	0.101079	158.30	120	4
-152.07579570	0.101096	158.30	130	4
-152.07580276	0.101099	158.36	140	4
-152.07580540	0.101100	158.36	150	4
-152.07584009	0.101106	158.36	200	4
