2.088 2.72605363 -10.40540873
2.088 2.79454022 -10.58985245
2.088 2.86350574 -10.75448942
2.088 2.93199233 -10.90408578
2.088 3.00095785 -11.03667145
2.088 3.06944444 -11.15844269
2.088 3.13840996 -11.26680444
2.088 3.20689655 -11.36375169
2.088 3.27538314 -11.45565417
2.088 3.34434865 -11.53985194
2.088 3.41283524 -11.61529622
2.088 3.48180076 -11.68570460
2.088 3.55028735 -11.75032240
2.088 3.61925287 -11.81099362
2.088 3.68773946 -11.86636363
2.140 2.65981308 -13.25826407
2.140 2.72663551 -13.43723198
2.140 2.79392523 -13.59803947
2.140 2.86074766 -13.73745974
2.140 2.92803738 -13.86672555
2.140 2.99485981 -13.98296360
2.140 3.06214953 -14.08722521
2.140 3.12897196 -14.18156934
2.140 3.19579439 -14.26652310
2.140 3.26308411 -14.34584088
2.140 3.32990654 -14.41499770
2.140 3.39719626 -14.48088414
2.140 3.46401869 -14.53997108
2.140 3.53130841 -14.59649032
2.140 3.59813084 -14.64805691
2.193 2.59553123 -16.00501608
2.193 2.66073871 -16.17833388
2.193 2.72640218 -16.33248130
2.193 2.79160966 -16.46948396
2.193 2.85727314 -16.59317207
2.193 2.92248062 -16.70421753
2.193 2.98814409 -16.80608246
2.193 3.05335157 -16.89510275
2.193 3.11855905 -16.97582731
2.193 3.18422252 -17.05034751
2.193 3.24943000 -17.11635785
2.193 3.31509347 -17.17729571
2.193 3.38030095 -17.23362216
2.193 3.44596443 -17.28432163
2.193 3.51117191 -17.32941629
2.245 2.53541202 -18.53107782
2.245 2.59910913 -18.70322537
2.245 2.66325167 -18.85447994
2.245 2.72694877 -18.98638628
2.245 2.79109131 -19.10663617
2.245 2.85478841 -19.21368920
2.245 2.91893095 -19.30956765
2.245 2.98262806 -19.39581233
2.245 3.04632516 -19.47364266
2.245 3.11046770 -19.54435894
2.245 3.17416481 -19.60681124
2.245 3.23830734 -19.66327696
2.245 3.30200445 -19.71590742
2.245 3.36614699 -19.76298972
2.245 3.42984409 -19.80522582
2.298 2.47693646 -20.92887502
2.298 2.53916449 -21.09714179
2.298 2.60182767 -21.24511519
2.298 2.66405570 -21.37434076
2.298 2.72671888 -21.49077500
2.298 2.78894691 -21.59463231
2.298 2.85161009 -21.68803129
2.298 2.91383812 -21.76962691
2.298 2.97606614 -21.84456728
2.298 3.03872932 -21.91236384
2.298 3.10095735 -21.97281834
2.298 3.16362053 -22.02719752
2.298 3.22584856 -22.07655396
2.298 3.28851174 -22.12093291
2.298 3.35073977 -22.15987492
2.351 2.42109740 -23.14420280
2.351 2.48192258 -23.31099648
2.351 2.54317311 -23.45750414
2.351 2.60399829 -23.58499346
2.351 2.66524883 -23.69878703
2.351 2.72607401 -23.80002654
2.351 2.78732454 -23.89140046
2.351 2.84814972 -23.97073263
2.351 2.90897490 -24.04251512
2.351 2.97022543 -24.10706196
2.351 3.03105061 -24.16452249
2.351 3.09230114 -24.21601220
2.351 3.15312632 -24.26392134
2.351 3.21437686 -24.30598445
2.351 3.27520204 -24.34307120
2.403 2.36870578 -25.14807739
2.403 2.42821473 -25.31584027
2.403 2.48813982 -25.46123899
2.403 2.54764877 -25.58771227
2.403 2.60757386 -25.70022575
2.403 2.66708281 -25.80025741
2.403 2.72700790 -25.88903255
2.403 2.78651685 -25.96676334
2.403 2.84602580 -26.03645926
2.403 2.90595089 -26.09909590
2.403 2.96545984 -26.15423669
2.403 3.02538493 -26.20377565
2.403 3.08489388 -26.24882659
2.403 3.14481897 -26.29024234
2.403 3.20432792 -26.32569495
2.456 2.31758957 -27.02589942
2.456 2.37581433 -27.19359809
2.456 2.43444625 -27.33894231
2.456 2.49267100 -27.46505161
2.456 2.55130293 -27.57654359
2.456 2.60952768 -27.67591822
2.456 2.66815960 -27.76357371
2.456 2.72638436 -27.84075677
2.456 2.78460912 -27.90831813
2.456 2.84324104 -27.97004918
2.456 2.90146579 -28.02323975
2.456 2.96009771 -28.07125699
2.456 3.01832247 -28.11479101
2.456 3.07695439 -28.15356861
2.456 3.13517915 -28.18755851
2.509 2.26863292 -28.74799451
2.509 2.32562774 -28.91625883
2.509 2.38302112 -29.06247024
2.509 2.44001594 -29.18900243
2.509 2.49740932 -29.30109984
2.509 2.55440414 -29.39984796
2.509 2.61179752 -29.48682970
2.509 2.66879234 -29.56228233
2.509 2.72578716 -29.62960616
2.509 2.78318055 -29.69069280
2.509 2.84017536 -29.74279878
2.509 2.89756875 -29.79002101
2.509 2.95456357 -29.83165120
2.509 3.01195695 -29.86944052
2.509 3.06895177 -29.90181403
2.561 2.22256930 -30.29796534
2.561 2.27840687 -30.46777750
2.561 2.33463490 -30.61473648
2.561 2.39047247 -30.74150309
2.561 2.44670050 -30.85419576
2.561 2.50253807 -30.95302527
2.561 2.55876610 -31.03980306
2.561 2.61460367 -31.11565181
2.561 2.67044123 -31.18303726
2.561 2.72666926 -31.24306142
2.561 2.78250683 -31.29493688
2.561 2.83873486 -31.34100892
2.561 2.89457243 -31.38254150
2.561 2.95080046 -31.41990576
2.561 3.00663803 -31.45154167
2.614 2.17750573 -31.74818028
2.614 2.23221117 -31.91909167
2.614 2.28729915 -32.06666219
2.614 2.34200459 -32.19479877
2.614 2.39709257 -32.30752723
2.614 2.45179801 -32.40769631
2.614 2.50688599 -32.49478991
2.614 2.56159143 -32.57045509
2.614 2.61629686 -32.63818419
2.614 2.67138485 -32.69808429
2.614 2.72609028 -32.75010927
2.614 2.78117827 -32.79595951
2.614 2.83588370 -32.83713655
2.614 2.89097169 -32.87318941
2.614 2.94567712 -32.90419999
2.667 2.13423322 -33.07782927
2.667 2.18785151 -33.24990797
2.667 2.24184476 -33.39962718
2.667 2.29546306 -33.52939377
2.667 2.34945631 -33.64364807
2.667 2.40307461 -33.74356498
2.667 2.45706786 -33.83126815
2.667 2.51068616 -33.90787634
2.667 2.56430446 -33.97530007
2.667 2.61829771 -34.03602207
2.667 2.67191601 -34.08834582
2.667 2.72590926 -34.13448405
2.667 2.77952755 -34.17528143
2.667 2.83352080 -34.21126877
2.667 2.88713910 -34.24206627
2.719 2.09341669 -34.27514242
2.719 2.14600956 -34.44931183
2.719 2.19897020 -34.60048790
2.719 2.25156307 -34.73109473
2.719 2.30452372 -34.84664747
2.719 2.35711658 -34.94744031
2.719 2.41007723 -35.03548524
2.719 2.46267009 -35.11321303
2.719 2.51526296 -35.18193527
2.719 2.56822361 -35.24225119
2.719 2.62081647 -35.29459730
2.719 2.67377712 -35.34146527
2.719 2.72636998 -35.38250886
2.719 2.77933063 -35.41849312
2.719 2.83192350 -35.44927260
2.772 2.05339105 -35.39586447
2.772 2.10497835 -35.57190057
2.772 2.15692640 -35.72347854
2.772 2.20851370 -35.85554869
2.772 2.26046176 -35.97309411
2.772 2.31204906 -36.07478740
2.772 2.36399711 -36.16405615
2.772 2.41558441 -36.24235520
2.772 2.46717171 -36.31227955
2.772 2.51911976 -36.37281751
2.772 2.57070707 -36.42571581
2.772 2.62265512 -36.47285422
2.772 2.67424242 -36.51510428
2.772 2.72619047 -36.55055172
2.772 2.77777777 -36.58178191
2.824 2.01558073 -36.40464712
2.824 2.06621813 -36.58107899
2.824 2.11720963 -36.73502409
2.824 2.16784702 -36.86921094
2.824 2.21883852 -36.98718709
2.824 2.26947592 -37.08988469
2.824 2.32046742 -37.18035909
2.824 2.37110481 -37.25914620
2.824 2.42174220 -37.32903272
2.824 2.47273371 -37.39082916
2.824 2.52337110 -37.44491565
2.824 2.57436260 -37.49286748
2.824 2.62500000 -37.53478298
2.824 2.67599150 -37.57104848
2.824 2.72662889 -37.60245814
