# 	 t 	 T	E	K
5.02	3094.54524411	-79.6351845638	12.4000410668
5.04	3086.79834207	-79.6057394119	12.368998734
5.06	2657.57402752	-77.8824807709	10.6490694043
5.08	2835.68292196	-78.5978741387	11.3627631561
5.1	3345.35002936	-80.6427835262	13.4050319109
5.12	3239.7587693	-80.2177107005	12.9819209663
5.14	3213.04011839	-80.1119747856	12.8748576203
5.16	3389.32759271	-80.8172072253	13.5812528249
5.18	3287.11934906	-80.4119761664	13.1716978439
5.2	2536.4203571	-77.3955835849	10.1635988844
5.22	3109.80454529	-79.699794105	12.4611860643
5.24	3231.01386137	-80.1843742135	12.94687956
5.26	3018.36105621	-79.329292251	12.0947661446
5.28	3021.17353978	-79.3431337055	12.1060359465
5.3	2698.96509763	-78.0514472556	10.8149260743
5.32	2522.41034911	-77.3417039506	10.1074598847
5.34	2897.47313948	-78.8478199881	11.6103605167
5.36	3010.09804718	-79.2968596611	12.061655738
5.38	3017.21588065	-79.3277086917	12.0901773528
5.4	2734.87176877	-78.1919030266	10.9588064061
5.42	2978.21910837	-79.172996513	11.9339147876
5.44	2775.47199373	-78.3546249876	11.1214941089
5.46	3098.0419119	-79.6508973013	12.4140524387
5.48	3124.70923907	-79.7572892797	12.5209101273
5.5	3050.11586533	-79.4550365986	12.2220096993
5.52	3384.21034813	-80.8001184932	13.560747698
5.54	2816.00737162	-78.5168266532	11.2839219653
5.56	3069.90583736	-79.5377656241	12.3013093852
5.58	3398.78413951	-80.8569868686	13.6191458138
5.6	3128.01731852	-79.7705631896	12.5341658136
5.62	3129.7892414	-79.7753039472	12.5412660221
5.64	3675.38640975	-81.9667357872	14.7275088332
5.66	3271.90829549	-80.3484203557	13.1107461777
5.68	2740.37454344	-78.2152447821	10.9808563768
5.7	2757.12363234	-78.284499248	11.0479710492
5.72	2797.2479056	-78.4460778525	11.208751583
5.74	2809.20370575	-78.4930563315	11.2566592402
5.76	2856.64241984	-78.681426143	11.4467492071
5.78	3242.16667874	-80.2268181026	12.9915696138
5.8	3542.4665211	-81.4324531782	14.1948903229
5.82	3142.49843813	-79.8273492819	12.5921925877
5.84	2893.90169346	-78.8313192855	11.5960495037
5.86	3098.94927013	-79.6530915339	12.4176882812
5.88	3361.79116842	-80.7098055209	13.4709126085
5.9	3202.50983012	-80.0663768986	12.8326620804
5.92	3499.41652378	-81.2594728451	14.0223862253
5.94	3549.24170946	-81.4572653035	14.2220389368
5.96	3520.7322737	-81.3463758072	14.107799801
5.98	2771.72746763	-78.3386454908	11.1064895529
6.0	3000.43596328	-79.2610216365	12.0229391488
6.02	3161.15411579	-79.9054170703	12.6669470834
6.04	2699.33516466	-78.0507547686	10.8164089566
6.06	2678.37157343	-77.968918878	10.7324065033
6.08	2802.11264178	-78.4654290186	11.2282448925
6.1	2999.58034453	-79.2558942918	12.0195106296
6.12	3305.1554697	-80.485098974	13.243969735
6.14	2828.81300391	-78.5725164858	11.3352349543
6.16	2721.55750579	-78.1397845668	10.9054553013
6.18	3455.82899788	-81.0873527942	13.8477282163
6.2	3588.92995173	-81.6158856439	14.3810722664
6.22	3694.63138197	-82.0434544284	14.8046246699
6.24	3213.76765089	-80.1108011968	12.8777728896
6.26	3410.55731126	-80.9041268708	13.6663216674
6.28	3508.21311496	-81.2931924042	14.0576347298
6.3	3500.09654467	-81.2638836906	14.0251111126
6.32	3075.69716087	-79.5607272729	12.3245155896
6.34	2837.71982869	-78.6065217049	11.3709251719
6.36	2915.16861836	-78.917295351	11.6812674344
6.38	3031.87368295	-79.3874846229	12.1489121058
6.4	2830.33731305	-78.5751923356	11.3413429587
6.42	3258.62693068	-80.2936617987	13.0575268979
6.44	3367.71887444	-80.7324078584	13.4946653063
6.46	2829.60519333	-78.5719839607	11.3384093081
6.48	2921.27723936	-78.9417924663	11.7057450702
6.5	3219.76310207	-80.1390362089	12.9017970466
6.52	3156.07033341	-79.8858399889	12.6465760417
6.54	2484.24088696	-77.1853005088	9.95451240428
6.56	3170.06269154	-79.9399250728	12.7026443172
6.58	3690.88372218	-82.0291303074	14.789607557
6.6	3013.29797299	-79.3075019705	12.0744780458
6.62	3031.4466499	-79.3832445089	12.147200957
6.64	3243.58008544	-80.2356003864	12.997233225
6.66	2757.38984174	-78.2813903074	11.0490377673
6.68	2928.9932305	-78.9741735313	11.736663541
6.7	2755.90594964	-78.2798926822	11.0430917166
6.72	2270.03962611	-76.3288058281	9.09619422775
6.74	3016.26629415	-79.3248459765	12.0863722988
6.76	3457.10745718	-81.0901730741	13.8528510846
6.78	3175.03284008	-79.9563055174	12.7225600209
6.8	3152.81766558	-79.8711088137	12.6335423933
6.82	2634.1714271	-77.7895792438	10.555293685
6.84	2441.11329122	-77.0164357379	9.78169736489
6.86	2775.25216509	-78.3540365783	11.1206132414
6.88	3538.88831684	-81.4194162413	14.1805522292
6.9	3335.64587618	-80.6022486899	13.3661467473
6.92	2865.9974562	-78.7204000482	11.4842354371
6.94	2376.86491327	-76.757681201	9.52424999794
6.96	2574.95498903	-77.5517988941	10.3180096235
6.98	3373.67334858	-80.7563594592	13.5185252657
7.0	3307.52428954	-80.4893739189	13.2534617478
7.02	3135.82596814	-79.8001444243	12.5654555729
7.04	3318.5063749	-80.5356368536	13.2974676675
7.06	3326.58025684	-80.5646501111	13.3298202298
7.08	3394.58500982	-80.8426234717	13.6023196322
7.1	2326.56317227	-76.5547117778	9.3226876988
7.12	2341.74192696	-76.6201869073	9.38350994138
7.14	2795.98436978	-78.4391984063	11.203688514
7.16	3383.53454807	-80.7935011303	13.5580397239
7.18	3608.22177551	-81.6988027133	14.4583758404
7.2	2713.51078156	-78.1031029863	10.8732115617
7.22	3149.91310052	-79.858954613	12.621903615
7.24	3456.25546525	-81.0877201347	13.8494370984
7.26	3059.64161009	-79.4932914743	12.2601799689
7.28	3256.52863613	-80.2865165709	13.0491188972
7.3	3078.50044593	-79.5723834263	12.3357485325
7.32	2870.51268914	-78.7382234796	11.5023282648
7.34	3047.03670095	-79.4473831508	12.2096712904
7.36	2810.3012545	-78.495963449	11.2610571884
7.38	2769.04829213	-78.3327403839	11.095753925
7.4	2750.71404693	-78.2577859764	11.0222874298
7.42	2895.85839766	-78.8411843301	11.6038901428
7.44	3144.51466243	-79.8375101443	12.6002717277
7.46	3300.7778068	-80.4639120938	13.2264281592
7.48	3116.11200334	-79.7228214203	12.4864604528
7.5	2987.20375731	-79.2082047077	11.9699168516
7.52	2859.52786798	-78.6935223504	11.4583113826
7.54	3094.19646111	-79.6369998894	12.398643471
7.56	3097.44901978	-79.6481607378	12.411676682
7.58	3232.23671403	-80.1900577409	12.951779609
7.6	2832.28590653	-78.5835589041	11.3491510976
7.62	2938.35914826	-79.0115943215	11.7741933736
7.64	3049.99258252	-79.4588995102	12.2215156972
7.66	2922.1261907	-78.9449691653	11.7091468726
7.68	3212.34495176	-80.1097886625	12.872072043
7.7	3306.8899887	-80.487923595	13.2509200637
7.72	2962.76232718	-79.1100199901	11.8719784751
7.74	2410.65816824	-76.8917735662	9.65966173578
7.76	3018.44079921	-79.3342339071	12.0950856799
7.78	3142.4179745	-79.8273547538	12.5918701648
7.8	3230.09432313	-80.1807188984	12.9431949113
7.82	3062.41971283	-79.5065185595	12.2713120046
7.84	3076.25069818	-79.5627380721	12.3267336491
7.86	3162.85710093	-79.9111492981	12.673771054
7.88	2764.52808707	-78.3126466715	11.0776411737
7.9	2873.26419384	-78.7492693946	11.5133537205
7.92	3297.00039704	-80.4493834478	13.2112918363
7.94	3216.32685315	-80.1242405161	12.888027777
7.96	2835.55959672	-78.5989599984	11.362268984
7.98	2560.13761195	-77.493051773	10.2586354442
8.0	2862.54847827	-78.7077280212	11.4704151616
8.02	2995.29340452	-79.2381111071	12.0023325863
8.04	3378.51575751	-80.77519931	13.5379291085
8.06	3452.37914482	-81.0724798011	13.8339044341
8.08	2913.75715435	-78.9101700452	11.6756116077
8.1	2853.0989973	-78.6677562946	11.4325504859
8.12	3080.40404391	-79.579498031	12.3433763716
8.14	3304.66984224	-80.4771848048	13.2420237946
8.16	3576.34876783	-81.5691160273	14.3306586564
8.18	3269.54581271	-80.3348546593	13.1012795578
8.2	3407.774402	-80.8921988913	13.6551703717
8.22	3364.2746426	-80.7162029108	13.4808640486
8.24	3321.89669131	-80.5467770617	13.3110528826
8.26	3258.49613074	-80.2935905986	13.0570027742
8.28	3140.447711	-79.8206095822	12.5839751927
8.3	2922.42533478	-78.9470250794	11.7103455621
8.32	2727.88299165	-78.1653736667	10.9308019284
8.34	3241.38167929	-80.2279042279	12.9884240707
8.36	2997.46893523	-79.2452415097	12.0110500773
8.38	3342.03976857	-80.6307762717	13.3917674838
8.4	3395.94102532	-80.8458940929	13.6077532732
8.42	2879.44924221	-78.7735143451	11.5381376056
8.44	2820.65842987	-78.5380850189	11.3025590537
8.46	3273.20616786	-80.3522098275	13.1159468354
8.48	3569.05650928	-81.5407255875	14.3014381092
8.5	2857.60048224	-78.6850024223	11.4505882245
8.52	2544.48199381	-77.4311757612	10.1959023792
8.54	2697.59520961	-78.0451189395	10.8094368452
8.56	3075.01485222	-79.5592152587	12.3217815351
8.58	3069.90441551	-79.5347778572	12.3013036878
8.6	3531.78802137	-81.3894980377	14.1521008903
8.62	3503.79685568	-81.2780156149	14.0399384959
8.64	2659.62881896	-77.891777134	10.6573030853
8.66	2474.43578023	-77.1478232626	9.91522271341
8.68	3309.44021721	-80.500378487	13.2611389928
8.7	3385.00838332	-80.7987398734	13.5639454762
8.72	3585.81660616	-81.6068343903	14.3685968913
8.74	3353.76029652	-80.6733657385	13.4387323902
8.76	3074.51975918	-79.5577555522	12.3197976656
8.78	2625.26107679	-77.7530080261	10.5195893404
8.8	3095.83887525	-79.6417392815	12.4052247297
8.82	3453.54669694	-81.0789255057	13.8385828902
8.84	2577.24458448	-77.5587973577	10.3271841792
8.86	2884.39376183	-78.796535076	11.5579506125
8.88	3016.71156087	-79.3254144218	12.0881565111
8.9	2595.77276589	-77.6349647636	10.4014277892
8.92	2767.75562523	-78.327572894	11.0905741259
8.94	2856.35157972	-78.6806515575	11.4455837921
8.96	2905.6033473	-78.8802192733	11.6429387804
8.98	2747.88739133	-78.2440019717	11.0109608397
9.0	3164.02062298	-79.9165460454	12.6784333614
9.02	3040.99097166	-79.4208287471	12.1854456658
9.04	3126.17593205	-79.7657756797	12.52678726
9.06	2984.77083645	-79.1940274909	11.9601679818
9.08	3210.13144693	-80.1031924415	12.8632023874
9.1	2660.69128766	-77.8953440384	10.6615604654
9.12	2934.02946715	-78.9954629824	11.756844064
9.14	3140.9592798	-79.8238515115	12.5860250817
9.16	2924.56236578	-78.9517780628	11.7189087822
9.18	3384.36824391	-80.7995424014	13.5613803965
9.2	3306.9803191	-80.4869032371	13.2512820234
9.22	3344.96207113	-80.6406596662	13.4034773374
9.24	3180.99876219	-79.9836346786	12.746465853
9.26	2666.88494723	-77.9211116215	10.6863788562
9.28	2813.91757557	-78.5108587228	11.2755480186
9.3	3152.04616181	-79.8688493871	12.6304509282
9.32	2740.27156817	-78.214184034	10.9804437483
9.34	2840.48111906	-78.6176541573	11.3819898393
9.36	3034.02374439	-79.395499672	12.1575275397
9.38	2730.64974763	-78.1761602893	10.9418884969
9.4	2736.90612063	-78.2039673451	10.9669581844
9.42	2704.98726579	-78.0732327407	10.8390572879
9.44	3069.24328537	-79.5348148517	12.298654497
9.46	3239.18676588	-80.2150999159	12.979628912
9.48	3155.73568348	-79.8843394185	12.645235078
9.5	2329.94403942	-76.5682006361	9.33623505009
9.52	2674.81608749	-77.9545676802	10.7181594434
9.54	3253.57012661	-80.2746250738	13.03726396
9.56	3144.21163707	-79.834583256	12.5990574856
9.58	2812.44841771	-78.5045339834	11.2696610089
9.6	2609.95085062	-77.693188138	10.4582402831
9.62	2605.16155953	-77.6739867982	10.4390492869
9.64	3204.02402858	-80.0757253394	12.8387295707
9.66	3553.79943782	-81.4789380682	14.2403020463
9.68	3035.6036814	-79.3967275592	12.1638584485
9.7	3125.58702519	-79.7607076228	12.5244274725
9.72	3130.55835762	-79.7795953602	12.5443479201
9.74	3117.93450928	-79.7300184515	12.4937633509
9.76	2940.66565193	-79.0189184548	11.7834356816
9.78	2704.0029765	-78.0703255232	10.8351131777
9.8	2648.58042554	-77.8490168178	10.6130314649
9.82	2830.68060845	-78.5778689849	11.3427185654
9.84	3225.58245448	-80.1625514633	12.9251155646
9.86	3436.8731355	-81.0112823883	13.7717708612
9.88	3182.74601136	-79.987129102	12.7534671924
9.9	3412.47499259	-80.9147167497	13.6740059394
9.92	3046.89894697	-79.4424311593	12.2091193014
9.94	3363.01097273	-80.7174664873	13.4758004425
9.96	2773.91264192	-78.347978799	11.1152456863
9.98	2879.56201846	-78.777382789	11.5385895072
10.0	2875.97814376	-78.7598284564	11.5242286917
10.02	3121.82053917	-79.7463198462	12.5093349217
10.04	3187.41396342	-80.0132225032	12.7721719754
10.06	2410.14587725	-76.8890836662	9.65760895298
10.08	2961.39230485	-79.1044869157	11.8664887078
10.1	3292.79658712	-80.4350786464	13.1944469006
10.12	2621.15551193	-77.7365446548	10.5031380789
10.14	2836.78767043	-78.6025038979	11.367189954
10.16	3347.59182457	-80.6534480672	13.4140149279
10.18	3025.82731477	-79.3580935398	12.1246839211
10.2	3090.81002406	-79.6220821289	12.3850738007
10.22	2934.27166699	-78.9958541661	11.7578145742
10.24	2450.54115075	-77.0533352489	9.81947540211
10.26	2696.28223522	-78.0423853997	10.8041756727
10.28	2670.75026391	-77.9372951603	10.7018674278
10.3	2936.87172235	-79.0046717225	11.7682331627
10.32	3198.03695166	-80.0536603221	12.8147389699
10.34	2855.28378608	-78.6747709173	11.4413050745
10.36	3197.49150279	-80.0487932354	12.8125533213
10.38	3481.46207957	-81.1878305331	13.950441617
10.4	3411.6460953	-80.9062308516	13.6706844948
10.42	3323.90447052	-80.5549408278	13.3190981825
10.44	3227.07238784	-80.1665828994	12.931085823
10.46	3344.71183397	-80.6382062526	13.402474621
10.48	3232.18122389	-80.1888783476	12.9515572564
10.5	2584.15099048	-77.5900094479	10.3548585905
10.52	2190.47991983	-76.010002009	8.77739338714
10.54	2810.80567559	-78.4997560011	11.263078436
10.56	3151.33904588	-79.8667300434	12.6276174694
10.58	2632.21570333	-77.7806819714	10.5474569745
10.6	2873.19448844	-78.7486108845	11.5130744065
10.62	3038.60424784	-79.4150420867	12.1758819105
10.64	2745.4884244	-78.2370098444	11.0013480254
10.66	2862.00351878	-78.703651825	11.468231474
10.68	2973.29115132	-79.1518268332	11.914168148
10.7	2631.86573733	-77.7822682731	10.5460546383
10.72	2372.81757238	-76.7405346419	9.50803204367
10.74	3043.3177861	-79.4321981393	12.1947693603
10.76	3335.72936085	-80.6045406101	13.3664812757
10.78	2797.39976625	-78.4456344886	11.2093600983
10.8	2481.07586454	-77.1745571464	9.94182995665
10.82	3213.78803762	-80.1151803938	12.8778545805
10.84	3500.97204808	-81.267714738	14.0286193109
10.86	2833.54611023	-78.5885510693	11.3542008146
10.88	2552.10537068	-77.46152386	10.2264497388
10.9	2864.47853379	-78.7157515124	11.4781490177
10.92	2966.89742229	-79.1236781723	11.8885480661
10.94	3056.71639062	-79.4863236759	12.2484584271
10.96	2894.03587112	-78.8318018723	11.5965871622
10.98	3065.00431186	-79.5152338405	12.2816686585
11.0	3948.47954351	-83.0619896498	15.8218105178
11.02	3716.88372258	-82.1311934893	14.8937912245
11.04	2969.79959164	-79.1356542269	11.9001772446
11.06	2995.18937865	-79.2380380326	12.001915748
11.08	3564.8709035	-81.522301714	14.2846661187
11.1	3828.97009304	-82.5815439552	15.3429284925
11.12	3267.91540887	-80.3297936428	13.0947464252
11.14	2862.85059679	-78.7061865354	11.4716257699
11.16	2998.56330733	-79.2509080091	12.0154352964
11.18	3167.71990144	-79.9293859808	12.6932566072
11.2	3180.92062748	-79.9815072509	12.7461527622
11.22	3061.5709545	-79.5053472477	12.2679109756
11.24	2861.26782533	-78.6995210777	11.4652835032
11.26	2983.17072577	-79.1925874148	11.9537562358
11.28	2564.56786351	-77.509373087	10.276387746
11.3	2835.54820329	-78.6003366355	11.3622233298
11.32	2740.60241543	-78.2173577312	10.9817694745
11.34	2753.72153781	-78.2716917904	11.0343386384
11.36	2740.05424866	-78.2136996778	10.9795729351
11.38	3100.32067166	-79.6595120333	12.423183575
11.4	3310.88021901	-80.5021797889	13.2669091723
11.42	3342.39325721	-80.6304876057	13.3931839354
11.44	3060.39802231	-79.4987748474	12.2632109612
11.46	2947.45810449	-79.0463582418	11.8106534742
11.48	3128.23997292	-79.7706756448	12.535058004
11.5	3490.47796907	-81.2249201623	13.9865688639
11.52	3004.35970923	-79.2726926943	12.0386618502
11.54	2758.55104838	-78.2893725868	11.0536907967
11.56	2927.51274982	-78.9667842036	11.7307311601
11.58	3093.66927735	-79.6332810827	12.3965310119
11.6	3100.92259449	-79.6613474576	12.4255955184
11.62	3213.88671698	-80.1139167516	12.878249995
11.64	3176.53565472	-79.9646995847	12.7285818954
11.66	2978.36840888	-79.168782776	11.9345130444
11.68	3017.11108613	-79.3266355569	12.0897574344
11.7	2807.29335601	-78.4841997484	11.2490043464
11.72	2780.25284111	-78.3766809043	11.1406512707
11.74	2888.34026729	-78.8106562336	11.5737645127
11.76	2800.65514273	-78.458693049	11.2224046004
11.78	2739.57786542	-78.213636607	10.9776640369
11.8	2854.91962105	-78.6764137567	11.4398458419
11.82	2902.94742439	-78.8673362984	11.6322963271
11.84	3238.41213701	-80.2128940961	12.9765249245
11.86	3317.61647503	-80.5321599709	13.2939017817
11.88	3026.72083708	-79.3624592032	12.1282643222
11.9	3298.8629148	-80.4554282741	13.2187550643
11.92	3351.38950117	-80.6664160806	13.4292324614
11.94	2950.84507736	-79.0596354735	11.8242252915
11.96	2863.56486821	-78.7107560289	11.4744879012
11.98	2905.57933191	-78.8805634084	11.6428425492
12.0	2622.68404333	-77.743203131	10.5092630022
12.02	2810.71636553	-78.4992255268	11.2627205648
12.04	2800.50082865	-78.4565876399	11.2217862541
12.06	2872.91536785	-78.747184186	11.5119559524
12.08	3000.89087	-79.2609576916	12.0247619891
12.1	2939.7206057	-79.0157762244	11.7796488208
12.12	2720.40593729	-78.137063736	10.9008408925
12.14	2719.03927466	-78.1308612352	10.8953645878
12.16	3189.17938376	-80.0162503767	12.7792461278
12.18	3302.38246138	-80.4703752575	13.232858113
12.2	2994.08073914	-79.2324052377	11.9974733584
12.22	2856.01300733	-78.6801436225	11.4442271108
12.24	3155.87839969	-79.8804880036	12.6458069509
12.26	3967.32298954	-83.1345673844	15.8973174133
12.28	4019.46298921	-83.3450137286	16.1062457327
12.3	3512.59456752	-81.3097679057	14.075191491
12.32	3186.85946612	-80.0079438258	12.7699500692
12.34	2515.42162586	-77.3127002395	10.0794556229
12.36	2801.84981782	-78.4639948683	11.2271917401
12.38	3208.78879072	-80.0950039069	12.8578222779
12.4	3099.2483086	-79.6549852896	12.4188865475
12.42	3185.41798974	-80.0000355253	12.764173981
12.44	3523.92034228	-81.35882869	14.1205745961
12.46	3186.43171423	-80.0037729978	12.7682360399
12.48	2992.25097356	-79.2254984494	11.9901413705
12.5	3220.06952599	-80.1420495488	12.9030249069
12.52	3109.89689546	-79.6950008928	12.4615561174
12.54	3272.53622798	-80.3517073755	13.1132623434
12.56	2958.86561281	-79.0912096016	11.8563640909
12.58	3027.84290927	-79.3718746193	12.1327605373
12.6	3075.84875641	-79.5613600001	12.3251230427
12.62	3124.32500817	-79.7542651852	12.5193704895
12.64	3239.0645077	-80.2159557792	12.9791390157
12.66	3610.68848382	-81.7077475106	14.4682600986
12.68	3326.97007672	-80.5677727935	13.331382263
12.7	2891.31031048	-78.8218901725	11.5856656661
12.72	2928.88828869	-78.9723924613	11.7362430325
12.74	2909.8991379	-78.8977481407	11.6601522886
12.76	2687.68541929	-78.00485627	10.7697276804
12.78	2920.28924418	-78.9376536373	11.7017861102
12.8	3212.77732911	-80.1114189086	12.8738046068
12.82	3095.81306319	-79.6404286978	12.4051212991
12.84	3080.61781075	-79.5810419261	12.344232949
12.86	3283.18246876	-80.3949623907	13.1559225123
12.88	3178.82754126	-79.9739086992	12.7377656316
12.9	3291.30629458	-80.4272823063	13.1884752029
12.92	3091.24837866	-79.621763398	12.3868303157
12.94	3548.18461555	-81.4563463134	14.2178030937
12.96	3710.97455184	-82.1093801743	14.8701127987
12.98	2919.60108334	-78.9326519594	11.6990286056
13.0	2997.90534646	-79.2492529707	12.012798805
13.02	3429.16878527	-80.9794887716	13.7408990362
13.04	3280.27736886	-80.3802154	13.1442815909
13.06	3009.89504654	-79.2961151399	12.0608423014
13.08	2888.88982126	-78.8135422098	11.5759666107
13.1	2663.04534735	-77.9044292123	10.6709933334
13.12	2881.09370244	-78.7839676982	11.5447270631
13.14	2558.64010853	-77.4857167841	10.252634852
13.16	2907.12422771	-78.8843077944	11.6490330457
13.18	3414.11109697	-80.9195015425	13.6805619144
13.2	2981.52915336	-79.1833440348	11.94717835
13.22	2602.57798128	-77.6620881794	10.4286967233
13.24	3037.91283622	-79.4107960255	12.1731113798
13.26	3109.64775861	-79.6991999215	12.46055781
13.28	3023.11574581	-79.350748463	12.1138184905
13.3	3180.30693759	-79.9828559247	12.7436936675
13.32	2806.62355552	-78.4804297384	11.2463204129
13.34	2820.6209446	-78.5401976934	11.3024088478
13.36	2727.88551327	-78.1683687404	10.9308120327
13.38	2556.11938572	-77.4776946427	10.2425341542
13.4	2534.64329396	-77.3937338835	10.1564780785
13.42	2272.61899626	-76.3398458409	9.10652992921
13.44	2421.11989695	-76.9385046173	9.70158255302
13.46	2527.13262925	-77.3620432553	10.1263823638
13.48	2759.74448859	-78.2944154057	11.0584729881
13.5	2834.89748254	-78.5953119871	11.35961585
13.52	2921.68637644	-78.9436665846	11.7073845087
13.54	3012.54569194	-79.3069771147	12.0714636074
13.56	2961.38510732	-79.1039634832	11.8664598669
13.58	2720.93551336	-78.1397961041	10.9029629378
13.6	2667.72495389	-77.9254465376	10.6897448167
13.62	2706.51736243	-78.0820338733	10.8451884832
13.64	2668.67775526	-77.9269806566	10.6935627528
13.66	3120.06542163	-79.7416869084	12.5023020533
13.68	2658.12411733	-77.887094539	10.6512736494
13.7	2501.72668853	-77.2582716215	10.0245791315
13.72	3249.59508028	-80.2597937335	13.0213356947
13.74	3061.78511559	-79.5038541808	12.2687691328
13.76	2946.9964159	-79.0447969558	11.8088034584
13.78	2967.99835302	-79.1282830992	11.8929595661
13.8	3047.13386623	-79.446088735	12.2100606379
13.82	3088.33122931	-79.6113222851	12.3751411114
13.84	2950.91833549	-79.0609956628	11.8245188415
13.86	3003.69443798	-79.2720251009	12.0359960656
13.88	2997.58841827	-79.2486793668	12.0115288535
13.9	2618.07188135	-77.7264953201	10.4907817736
13.92	2416.0505409	-76.9156205815	9.68126931854
13.94	2688.21211239	-78.0068723209	10.7718381734
13.96	3116.01119208	-79.7234604876	12.4860564957
13.98	2877.32891174	-78.7652881276	11.5296413055
14.0	2834.69168076	-78.5936534736	11.3587911891
14.02	2989.40623685	-79.2169508136	11.9787423283
14.04	2587.34018389	-77.6001908057	10.3676378929
14.06	2887.18440857	-78.8063851507	11.5691329128
14.08	2931.03933706	-78.9805433572	11.7448624211
14.1	2991.37969562	-79.2223529398	11.986650104
14.12	2946.28370715	-79.0425275681	11.8059475888
14.14	2776.29330774	-78.3592605015	11.1247851667
14.16	2828.33526875	-78.5694726093	11.3333206389
14.18	2868.14771004	-78.7273747891	11.492851642
14.2	3126.57618464	-79.764536516	12.5283910978
14.22	3082.24483248	-79.5865382112	12.3507525293
14.24	3061.27806519	-79.5012327053	12.2667373494
14.26	3184.59003025	-79.9983207651	12.7608562942
14.28	2739.57571313	-78.213410743	10.9776554126
14.3	2811.44921686	-78.5019700011	11.2656571471
14.32	3293.92729681	-80.4385954682	13.1989777268
14.34	2813.74884836	-78.5119020935	11.2748719179
14.36	2470.63091109	-77.1323992154	9.89997635898
14.38	3258.9072249	-80.296790683	13.0586500548
14.4	3480.27253586	-81.1815992934	13.9456750392
14.42	3371.40446192	-80.7449050263	13.5094336915
14.44	3123.23256756	-79.7512381295	12.5149930099
14.46	2672.7880107	-77.9434249925	10.7100328097
14.48	2687.76982938	-78.0068321825	10.7700659171
14.5	2696.06927422	-78.0379481032	10.8033223243
14.52	2878.28221769	-78.7689916501	11.5334612635
14.54	3019.07969381	-79.333877087	12.0976457715
14.56	3034.81263014	-79.3961767968	12.1606886554
14.58	2920.62971997	-78.9372372431	11.7031504184
14.6	3088.8182073	-79.6126124854	12.3770924634
14.62	3202.50468189	-80.0692065055	12.8326414511
14.64	2802.14639432	-78.4628321313	11.2283801411
14.66	2693.20852878	-78.0271745351	10.791859134
14.68	2972.05667777	-79.145616113	11.9092215334
14.7	3216.69294033	-80.1244462715	12.8894947118
14.72	3390.47195053	-80.8248607893	13.58583834
14.74	2692.48925307	-78.0225490457	10.7889769502
14.76	2756.22878874	-78.279812753	11.0443853535
14.78	3199.38640048	-80.0572488615	12.8201462978
14.8	3113.30574782	-79.7125819941	12.4752156072
14.82	2900.61642696	-78.855442398	11.6229558711
14.84	3474.44384214	-81.1603521496	13.92231909
14.86	3391.09686461	-80.8260039834	13.5883424108
14.88	2879.31062146	-78.7713029903	11.5375821433
14.9	3076.4105421	-79.5647586699	12.3273741539
14.92	2947.55329682	-79.0489928318	11.8110349159
14.94	2574.43117122	-77.548211921	10.315910652
14.96	3057.27045992	-79.490365982	12.2506786183
14.98	2853.78464935	-78.670096701	11.4352979376
15.0	2747.986707	-78.2470313582	11.0113588039
