# 	 t 	 T	E	K
5.02	2693.72431076	-83.6998879045	12.021192216
5.04	2753.53115169	-82.6811804791	11.033575749
5.06	2665.54547664	-81.8125420863	10.6810115117
5.08	3458.42160141	-85.7266106466	13.8581169448
5.1	3449.78065419	-85.3301711736	13.8234921156
5.12	3179.84079336	-84.4978392162	12.7418257977
5.14	2803.32163725	-82.6386300225	11.2330894149
5.16	2504.91533542	-81.9332739525	10.0373562439
5.18	2072.7332515	-79.418403234	8.30557494289
5.2	2507.07690622	-81.7798377121	10.0460177966
5.22	3016.33658442	-83.6847203619	12.0866539564
5.24	3022.4311453	-83.9674241105	12.1110752524
5.26	2853.85790193	-82.9145773982	11.4355914654
5.28	3157.90053977	-84.5498291324	12.6539097958
5.3	3038.35635409	-84.0208307921	12.1748885844
5.32	2702.12392244	-82.1337827246	10.8275836877
5.34	3266.95040936	-85.1807776437	13.0908796103
5.36	3347.51024157	-85.3429219406	13.4136880196
5.38	2919.65170753	-83.2716298247	11.69923146
5.4	2467.29232056	-81.8062505938	9.8865984128
5.42	2194.77828612	-80.6942622158	8.79461721629
5.44	2506.64235124	-82.0379246199	10.044276507
5.46	2614.52234521	-82.3070400718	10.4765585549
5.48	2701.86705424	-82.9334921933	10.8265544003
5.5	2716.04898111	-82.6350837217	10.8833822899
5.52	2987.34581963	-84.1272266322	11.9704861044
5.54	2888.94903654	-83.6719048323	11.5762038901
5.56	2633.85396544	-82.4233421826	10.5540215958
5.58	2708.11824768	-82.8112051319	10.851603333
5.6	3025.52646861	-84.2306313101	12.1234784112
5.62	3035.56123821	-84.1377244786	12.1636883759
5.64	3005.74494107	-83.8724591758	12.0442125629
5.66	3304.50484409	-85.6732969097	13.2413626365
5.68	3152.7457072	-84.3948386523	12.6332540514
5.7	3020.76167552	-84.0397461377	12.10438558
5.72	2590.69493166	-82.1412718232	10.3810805821
5.74	2450.05641497	-81.8855081929	9.81753303477
5.76	2678.36328129	-83.1261887419	10.7323732762
5.78	2756.88026708	-83.4648878226	11.046995869
5.8	2602.05219311	-82.79259208	10.4265898564
5.82	2663.97651695	-82.7421758947	10.6747245897
5.84	3040.82782944	-84.8368046798	12.1847919444
5.86	2787.59079544	-82.9691376521	11.1700549238
5.88	3131.08223184	-85.0746035536	12.5464471176
5.9	2755.31852206	-83.2801952552	11.0407378566
5.92	2464.12839111	-81.7252383415	9.87392034478
5.94	2829.35987499	-83.7431898903	11.3374263018
5.96	2494.56044978	-81.9483756604	9.99586355369
5.98	2512.50905825	-82.2068878919	10.0677847778
6.0	2662.42866796	-82.857496104	10.6685222596
6.02	2602.02627193	-82.4559276417	10.4264859886
6.04	2541.30740457	-82.4336705309	10.1831815967
6.06	2178.1696655	-80.6262548041	8.72806540933
6.08	2118.58890217	-80.6272479998	8.48932147317
6.1	2196.63043804	-80.7029699849	8.80203890769
6.12	2611.38893206	-82.7253918895	10.4640027676
6.14	2676.27264696	-82.9865633746	10.7239959705
6.16	2275.94848598	-80.8977430543	9.11987140784
6.18	2548.9256311	-82.5279955442	10.2137083185
6.2	2849.91495687	-83.4910380569	11.4197918319
6.22	3110.79820228	-84.7080680031	12.4651677116
6.24	3157.02942008	-84.9385163027	12.6504191634
6.26	2840.21923033	-83.4756237729	11.3809404344
6.28	2695.17210035	-83.1217133976	10.7997272911
6.3	2308.00790746	-81.4674778997	9.24833556386
6.32	2497.71400019	-81.9793145606	10.0085000323
6.34	3500.10758715	-86.6593945488	14.0251553605
6.36	3466.79362743	-86.2951565014	13.8916641894
6.38	2980.84458859	-83.7594819467	11.9444352551
6.4	3002.52236814	-84.3855774007	12.0312995067
6.42	2970.87021756	-84.0690038359	11.9044673113
6.44	2751.29187814	-83.3527185649	11.0246028364
6.46	2273.67199886	-80.8065410564	9.11074937811
6.48	2698.43928578	-83.2757686862	10.8128191125
6.5	2570.58862511	-82.4684450693	10.3005133235
6.52	2318.64749789	-81.1762370458	9.29096908438
6.54	2645.18599411	-82.834862135	10.5994297607
6.56	2890.30334173	-83.7550170204	11.5816306778
6.58	3095.11935076	-84.6378845116	12.4023415489
6.6	3077.68311988	-84.5035171235	12.3324734546
6.62	3016.42202505	-84.2561634471	12.0869963225
6.64	2663.37957669	-83.0294952963	10.6723326118
6.66	2409.50228104	-81.5740761	9.6550300217
6.68	2929.97581072	-84.0734662199	11.7406008029
6.7	2856.75163776	-83.9111953079	11.4471868502
6.72	2253.27085871	-81.1480003835	9.0290007024
6.74	2533.80934179	-82.299915955	10.1531363787
6.76	3019.30362569	-84.204108242	12.0985430809
6.78	2891.76484085	-83.7386130856	11.5874869984
6.8	2770.85163703	-82.9880286749	11.1029800435
6.82	3040.24586025	-84.557950682	12.1824599566
6.84	2605.14193683	-82.5369079927	10.4389706575
6.86	2252.80043584	-80.7558258804	9.02711568781
6.88	2871.05800859	-83.2183137791	11.5045133948
6.9	3290.14579566	-85.2829744475	13.1838250094
6.92	2508.36375136	-81.4367346501	10.0511742675
6.94	2408.3196655	-81.258529045	9.65029120549
6.96	2804.72371752	-82.7737719918	11.2387076403
6.98	3137.11486576	-84.0969906968	12.5706202683
7.0	3366.37021058	-85.218845807	13.4892611238
7.02	3041.11260051	-83.8820978514	12.1859330404
7.04	2906.01780229	-83.2587365693	11.6445995281
7.06	3109.36165855	-84.4595977315	12.4594113888
7.08	2595.85294091	-82.0776883753	10.4017490557
7.1	2129.36303286	-79.74071297	8.53249410519
7.12	2847.0503404	-83.3272750871	11.4083131302
7.14	3035.14943031	-84.0920224492	12.1620382353
7.16	2726.83930817	-82.5898796609	10.9266198218
7.18	2661.21081798	-82.6073522149	10.6636422567
7.2	2382.74487717	-81.2058847149	9.54781139001
7.22	2476.50279851	-81.4783320244	9.92350538807
7.24	3012.26423734	-83.7973794758	12.0703358008
7.26	3275.463831	-84.8825831351	13.1249934363
7.28	3098.65938748	-84.0922287635	12.4165267029
7.3	2757.190519	-82.8016777799	11.0482390683
7.32	2519.93019601	-81.5751912834	10.0975217523
7.34	2622.28538468	-81.9967632711	10.5076655515
7.36	2768.01316803	-82.5174785918	11.0916061164
7.38	2786.78847229	-82.6796798339	11.1668399635
7.4	2706.8627703	-82.2524195295	10.8465725547
7.42	2932.71639478	-83.1280559677	11.7515824988
7.44	3075.89587117	-83.8459444541	12.3253118345
7.46	2842.30834881	-82.5954089543	11.389311666
7.48	2981.09589019	-83.500378764	11.9454422367
7.5	3069.61446742	-83.7458331777	12.3001418472
7.52	3075.60351625	-83.7941585133	12.3241403496
7.54	2875.53386979	-83.0405614335	11.5224484574
7.56	2538.50438594	-81.520702467	10.1719497215
7.58	2561.62051368	-81.6732933238	10.2645775264
7.6	2673.01557901	-82.1384867858	10.7109446905
7.62	2502.02392451	-81.3516472765	10.0257701751
7.64	2406.82058886	-80.8883668785	9.64428430934
7.66	2597.53315055	-81.9394022316	10.4084817634
7.68	2771.93516652	-82.4643028703	11.1073218156
7.7	2865.76470491	-83.1137665463	11.4833027878
7.72	2710.01876637	-81.8111268943	10.8592188331
7.74	3022.23838247	-83.0888166719	12.1103028394
7.76	3029.72360765	-83.3542318778	12.1402966163
7.78	2695.74941337	-81.7755924129	10.8020406214
7.8	2437.35159105	-80.6965739276	9.76662399129
7.82	2583.34856457	-81.1129548205	10.3516432185
7.84	3149.41860158	-83.7832500467	12.619922126
7.86	3068.18613097	-83.3654511757	12.2944184116
7.88	2501.99058548	-80.9421621609	10.0256365835
7.9	2215.47588405	-79.4290130668	8.87755381734
7.92	3001.45633273	-83.6524717782	12.0270278345
7.94	3062.15597077	-83.3233131444	12.2702551733
7.96	3255.23859573	-84.2810104501	13.0439496227
7.98	3346.63077896	-84.8043206907	13.4101639566
8.0	2915.53709612	-82.974270991	11.6827439484
8.02	2452.1923632	-81.0549109565	9.82609191617
8.04	2270.86157655	-80.2681126528	9.09948783586
8.06	2275.49622808	-80.2505470479	9.11805918148
8.08	2628.42757736	-81.7174560469	10.5322777111
8.1	3065.94571479	-83.5743291918	12.2854409204
8.12	3072.42381722	-83.3274118984	12.3113990919
8.14	2966.84393969	-83.1453284471	11.8883337579
8.16	2664.83328606	-81.4566551913	10.6781577184
8.18	2827.46412718	-82.412373429	11.3298299188
8.2	2848.46366713	-82.3756038035	11.4139764209
8.22	2908.89771871	-82.6791802253	11.6561395377
8.24	2916.54448781	-82.6087761738	11.6867806315
8.26	2816.7490156	-82.4790027657	11.2868937802
8.28	2552.51073337	-80.8212243422	10.228074053
8.3	2890.25033591	-82.3859236609	11.5814182801
8.32	3259.65826313	-83.9348810665	13.0616595131
8.34	3033.16066254	-83.2207643146	12.1540691154
8.36	2966.80965352	-83.6424739841	11.8881963711
8.38	2638.33280954	-81.6715111371	10.571968611
8.4	2715.41316791	-82.4819055366	10.8808345457
8.42	2740.3059028	-82.3700201047	10.9805813294
8.44	2734.66888282	-81.8912869311	10.9579934291
8.46	3286.86981417	-84.5875221092	13.1706979416
8.48	3147.12303896	-83.9777219449	12.6107236595
8.5	2780.40605098	-82.0590345284	11.1412651924
8.52	3016.24761612	-83.1954502361	12.0862974548
8.54	3055.14949892	-83.7104397378	12.2421797917
8.56	2337.57076683	-80.1817682666	9.36679583549
8.58	2709.88418912	-82.3729221377	10.8586795735
8.6	2979.10573863	-83.5041764644	11.9374675719
8.62	2759.37582973	-82.4505398329	11.0569957484
8.64	2749.16471966	-82.2461193971	11.0160791761
8.66	2844.99142181	-82.6533506365	11.4000629114
8.68	3123.02919475	-83.8206379459	12.5141780821
8.7	3052.73969323	-83.6752170131	12.2325235459
8.72	2734.04990939	-81.8107287261	10.9555131629
8.74	3180.21921631	-84.1395937335	12.7433421627
8.76	3344.8208838	-84.8279408998	13.4029115907
8.78	3086.56407233	-83.7336645644	12.3680600001
8.8	2482.25306715	-80.8208314652	9.94654708294
8.82	2534.94845654	-81.5979996918	10.1577008845
8.84	2816.05088422	-82.6718787375	11.284096323
8.86	2981.594078	-83.2262534719	11.9474385072
8.88	2804.20312715	-82.7484712994	11.2366216014
8.9	2539.6399	-81.2785438682	10.1764997991
8.92	3008.77279613	-83.3055354432	12.0563453722
8.94	3367.9483929	-85.0141688509	13.4955850015
8.96	2916.85611242	-82.9667586842	11.6880293312
8.98	2896.41250183	-82.7939452119	11.6061104738
9.0	3351.51122301	-85.0879673093	13.4297202086
9.02	2900.91891983	-82.818622362	11.6241679794
9.04	2783.40438932	-82.2715716295	11.1532797262
9.06	3065.05204072	-83.9419467909	12.2818599111
9.08	2610.26600863	-81.5688638708	10.4595031415
9.1	2557.55629783	-81.7715905448	10.2482919531
9.12	2486.07033788	-81.0879431188	9.96184313133
9.14	2544.65119781	-81.4735196113	10.1965803905
9.16	2865.45197058	-82.6587961113	11.4820496413
9.18	3326.9746395	-84.5833703037	13.3314005464
9.2	3679.81262974	-86.3003624741	14.7452449803
9.22	3203.12554181	-84.2116906411	12.8351292766
9.24	2734.21253028	-82.2616641559	10.9561647952
9.26	2445.3900475	-81.1069414664	9.79883460134
9.28	2974.31386669	-83.4107802033	11.918266234
9.3	3348.28732867	-84.4545797816	13.4168018574
9.32	3046.787882	-83.0862595163	12.2086742569
9.34	2993.89110256	-82.932361585	11.9967134725
9.36	3007.39319514	-83.0247645493	12.0508172226
9.38	2896.62436076	-82.4421830507	11.606959406
9.4	3021.08246202	-83.1261607158	12.1056709921
9.42	3057.18228514	-83.1987474087	12.2503252963
9.44	2779.80734909	-82.2411680855	11.1388661556
9.46	2483.14488014	-80.3398044556	9.95012063473
9.48	3038.10414794	-83.0062910833	12.1738779782
9.5	3580.51441201	-85.3285496602	14.3473506596
9.52	3439.97125024	-84.5389988714	13.7841852055
9.54	2929.41108779	-82.2381846968	11.738337922
9.56	2985.18255164	-82.809390443	11.961817751
9.58	2856.21149256	-82.0184505949	11.4450224538
9.6	2813.65130856	-81.8482725817	11.2744810696
9.62	3014.03879633	-82.5376616338	12.0774465723
9.64	3180.05819375	-83.4147404981	12.742696935
9.66	3004.41438743	-82.5739761489	12.0388809492
9.68	2899.80390661	-82.1178240594	11.61970005
9.7	2860.88577826	-81.7754247189	11.4637526161
9.72	2877.28631926	-81.8794168716	11.5294706347
9.74	2861.35173017	-81.8874820863	11.4656197153
9.76	2712.00330497	-80.6366412848	10.8671710064
9.78	3251.87683262	-83.2705976883	13.0304788225
9.8	3426.60584776	-84.0398688456	13.7306291814
9.82	2891.75542235	-81.6366876837	11.5874492579
9.84	2861.24846266	-81.5824649377	11.4652059157
9.86	3263.05651363	-83.2067620499	13.0752765206
9.88	3320.06800609	-83.6345343969	13.3037252238
9.9	2629.03079869	-80.4218437127	10.5346948576
9.92	2657.49277584	-80.6413098778	10.6487438236
9.94	3299.6126359	-83.4896170811	13.2217592448
9.96	3444.52072718	-84.0128443674	13.8024152511
9.98	3065.26349252	-82.5418755454	12.282707212
10.0	2980.40757838	-82.1247940584	11.9426841272
10.02	3285.25698476	-83.5577973365	13.1642352309
10.04	3161.444728	-82.8350062737	12.6681115852
10.06	3195.93766431	-82.861457458	12.8063269909
10.08	3195.79603207	-83.1976718045	12.8057594615
10.1	2680.0733401	-80.8014827099	10.7392255914
10.12	2775.8477902	-81.4042272646	11.1229999494
10.14	3079.4162224	-82.9969242147	12.3394181075
10.16	2889.21359262	-81.5318569806	11.5772639833
10.18	3112.3743834	-82.9125656153	12.4714835703
10.2	3129.70988239	-82.7184880878	12.5409480255
10.22	3045.60808059	-82.4514497975	12.2039467171
10.24	2849.84690777	-81.7920260119	11.4195191548
10.26	2872.34282347	-81.2836704644	11.5096617303
10.28	3435.37339237	-83.8126338483	13.7657612944
10.3	3281.67522102	-83.5033416949	13.1498828741
10.32	2696.82836873	-80.6991897878	10.8063640646
10.34	3019.39204115	-82.5117901662	12.0988973673
10.36	2758.85740728	-81.2253538817	11.0549183964
10.38	2514.25260646	-79.8722529408	10.0747712872
10.4	3130.12145754	-82.8054322612	12.5425972334
10.42	3056.83486717	-81.9553235862	12.2489331702
10.44	2985.73458163	-81.683702512	11.9640297705
10.46	2729.51116911	-81.2101609134	10.9373261398
10.48	2522.81106907	-79.3073702389	10.1090655953
10.5	3099.74042692	-82.4678560257	12.4208584972
10.52	2425.42067286	-79.1905212229	9.71881603767
10.54	2547.29055692	-79.7059263616	10.2071564715
10.56	3356.9960189	-83.1100410883	13.4516981371
10.58	3502.76915513	-83.8021948267	14.035820434
10.6	3299.98143455	-82.5128437775	13.2232370446
10.62	3450.33452001	-83.4736184127	13.8257114915
10.64	3413.16416356	-82.8258875585	13.6767674916
10.66	3631.32848397	-84.0888529294	14.5509659017
10.68	3177.5710784	-82.138577902	12.7327309044
10.7	2762.13052912	-79.9731115678	11.0680340054
10.72	3233.15840964	-82.201567806	12.9554729023
10.74	3178.46648539	-81.5929995114	12.7363188576
10.76	2990.10837894	-80.9718569396	11.9815558566
10.78	2548.58290291	-78.992561612	10.2123349847
10.8	2765.47483373	-80.009857445	11.0814348482
10.82	3243.57209223	-82.0028544145	12.9972011957
10.84	3254.98343094	-82.4515901386	13.042927161
10.86	2779.49882716	-79.6673374262	11.1376298884
10.88	2777.82990157	-79.8669192573	11.1309423967
10.9	2958.53159186	-80.857864501	11.8550256476
10.92	3091.7824581	-80.9880371748	12.3889704062
10.94	3229.07622353	-82.0459087157	12.939115321
10.96	3248.72466863	-81.7509138713	13.0178478994
10.98	3500.95325797	-83.1010420316	14.0285440177
11.0	3540.17578341	-82.9708223073	14.1857111902
11.02	3641.08660007	-83.7272789254	14.5900672981
11.04	3351.42785483	-82.3565901621	13.4293861469
11.06	3195.11841399	-81.7523616811	12.8030442024
11.08	3345.08775415	-82.2336166192	13.4039809573
11.1	3429.68627206	-83.0972466921	13.7429726389
11.12	2783.86695631	-79.913329767	11.1551332618
11.14	2728.46865645	-79.7549078816	10.9331487248
11.16	3211.82866741	-82.2541784638	12.8700032585
11.18	2863.47104672	-80.3640018664	11.4741119525
11.2	2677.49045068	-79.6973710948	10.728875788
11.22	2978.11547638	-80.9464421073	11.9334995276
11.24	3064.68183533	-81.3049010983	12.2803764744
11.26	2861.08435968	-80.5361775123	11.4645483446
11.28	2492.50982691	-78.5944106343	9.98764657649
11.3	2689.75140195	-79.8069328689	10.7780062053
11.32	2853.08063073	-80.664357562	11.4324768899
11.34	2719.68177504	-79.0655622679	10.897939128
11.36	3231.58061028	-81.7993867629	12.9491505592
11.38	3042.26575307	-80.6600559839	12.1905537965
11.4	2901.32670086	-80.1913024027	11.6258019841
11.42	2764.34412168	-79.5022723261	11.0769040126
11.44	2897.69039326	-80.2313265031	11.6112310666
11.46	2959.58678033	-80.3535242925	11.8592538554
11.48	3126.14515555	-81.0643813406	12.5266639366
11.5	3480.11275477	-82.5618204662	13.9450347861
11.52	3493.11919221	-82.6949206757	13.9971524143
11.54	3048.3464721	-80.6773903726	12.2149196273
11.56	2900.11206309	-80.0925879897	11.6209348528
11.58	3150.35365142	-81.1737313272	12.6236689307
11.6	3295.75454916	-82.1127826874	13.206299644
11.62	2955.00059149	-80.2836178388	11.8408767028
11.64	3071.06510463	-80.5485726221	12.3059546435
11.66	3359.97067803	-82.0115061123	13.4636177869
11.68	3446.39813618	-81.6329935294	13.8099381492
11.7	4030.1553537	-84.4746754845	16.1490907223
11.72	3788.64305763	-82.8911419171	15.1813354778
11.74	3217.85125327	-80.4481975294	12.894136146
11.76	3230.61815215	-80.2911393509	12.9452939278
11.78	3652.95972191	-82.4961004916	14.6376436581
11.8	2990.85656521	-78.7876633012	11.9845538869
11.82	3144.8172769	-80.0739266512	12.6014843232
11.84	3540.98763735	-81.5234267993	14.188964341
11.86	3819.84443317	-82.9819919879	15.3063613887
11.88	3099.59613346	-79.7438796936	12.4202803041
11.9	2682.27042438	-77.3127242045	10.7480294489
11.92	3153.07608058	-78.7029785003	12.6345778787
11.94	3065.39662211	-78.0958449296	12.2832406708
11.96	3267.87649862	-78.9352166055	13.0945905093
11.98	3865.09002853	-81.6787881733	15.4876633883
12.0	4054.53626189	-82.449555887	16.2467865836
12.02	3305.91587706	-79.2217693032	13.247016736
12.04	3165.76203408	-78.4578828575	12.6854113072
12.06	4014.46724172	-82.532235235	16.0862274525
12.08	3755.70873635	-80.7051764999	15.0493655423
12.1	3527.89499647	-80.2337647057	14.1365012901
12.12	3202.88109375	-79.177597587	12.8341497576
12.14	3031.5546513	-76.2009443377	12.1476337255
12.16	4403.4635076	-79.7756851642	17.6449604136
12.18	4310.14274176	-79.4200432193	17.2710181257
12.2	3965.52530583	-77.7500094101	15.8901139795
12.22	3863.85124888	-77.962537568	15.4826995189
12.24	3844.08620044	-77.4736339787	15.4034997034
12.26	4085.08239987	-78.7614143233	16.3691869156
12.28	3803.61224542	-76.984247009	15.2413179724
12.3	3640.5330402	-76.5804410476	14.5878491483
12.32	3416.05091617	-75.3755505611	13.6883348943
12.34	3771.72092429	-77.1224002588	15.1135274053
12.36	4026.00725656	-78.2860456973	16.1324690313
12.38	3523.48774079	-75.7585689162	14.1188411342
12.4	3345.30203506	-74.7771513263	13.4048395946
12.42	4025.37044467	-77.5585051858	16.1299172853
12.44	4552.6278926	-79.9628166976	18.2426716615
12.46	3678.18189135	-75.3445041882	14.738710507
12.48	3831.27404072	-76.8805890751	15.3521605585
12.5	4065.47010726	-77.2312219244	16.2905992025
12.52	4161.36446194	-76.6385423702	16.6748540259
12.54	4537.90634395	-78.0753028528	18.1836814729
12.56	4647.36291849	-78.519056397	18.6222809802
12.58	4611.39932464	-77.9275914135	18.4781725553
12.6	4468.0246268	-77.7758973299	17.9036609548
12.62	4126.8744057	-76.2167850829	16.5366501607
12.64	3687.12451427	-73.9378288364	14.77454417
12.66	3886.09586503	-74.7039269249	15.5718351211
12.68	4285.03059501	-76.6631802123	17.1703921446
12.7	3802.66613835	-74.0632502547	15.2375268607
12.72	3874.71622593	-74.691802162	15.5262361781
12.74	4069.87210256	-75.4566148978	16.3082382797
12.76	4402.46682954	-76.843858875	17.6409666608
12.78	4179.56327939	-75.1793528975	16.7477778534
12.8	4052.58755363	-75.2754247169	16.2389779847
12.82	3967.28133879	-74.2358561154	15.8971505161
12.84	4003.00065763	-74.5560193698	16.0402801153
12.86	4207.91526036	-75.2768320311	16.8613860578
12.88	3869.75343895	-73.3219439845	15.5063499726
12.9	4184.48071479	-75.03211943	16.7674823322
12.92	3668.25834615	-71.4245787996	14.6989462256
12.94	4197.54734586	-74.5181593929	16.8198411601
12.96	3742.50856304	-71.2516895532	14.996471602
12.98	4086.08367797	-73.1110444563	16.3731991011
13.0	4413.39089273	-74.4645580903	17.6847400819
13.02	3714.05577295	-71.3890630116	14.8824594491
13.04	3034.62979372	-69.20789003	12.1599560182
13.06	3357.41255047	-70.2117204508	13.4533672058
13.08	4329.61650284	-74.2732591358	17.349050734
13.1	3929.82969593	-70.8362926744	15.7470793836
13.12	4516.53789554	-72.7780264463	18.098056731
13.14	4510.44117469	-71.704153784	18.0736267799
13.16	5127.33025759	-74.9028536463	20.5455408604
13.18	4725.6426732	-73.6621723786	18.9359529728
13.2	3444.44671961	-67.8920143855	13.802118698
13.22	3400.79454633	-64.3389380119	13.6272016428
13.24	5480.85106657	-63.4572300991	21.9621213928
13.26	7440.51991352	-61.3951507338	29.8146400224
13.28	10451.5464011	-53.1935319184	41.8800160806
13.3	17374.5069032	-63.1527177494	69.6207623801
13.32	14087.3303333	-32.6495964751	56.4488352487
13.34	179416.289178	74.3978443737	718.932566296
