Energy	Force	Pressure	Ecutwf	Kmesh	F1	F2	F3
-151.34537716	0.105932	744.63	80	1	0.04324665	0.04324665	0.04324665
-152.01680458	0.089324	193.46	80	2	-0.03646629	-0.03646629	-0.03646629
-152.07035499	0.099494	157.94	80	3	-0.04061816	-0.04061816	-0.04061816
-152.07558009	0.101021	154.58	80	4	-0.04124179	-0.04124179	-0.04124179
-152.07625982	0.101257	154.22	80	5	-0.04133800	-0.04133800	-0.04133800
-152.07637154	0.101299	154.28	80	6	-0.04135519	-0.04135519	-0.04135519
-152.07639319	0.101306	154.36	80	7	-0.04135795	-0.04135795	-0.04135795
-152.07639577	0.101308	154.32	80	8	-0.04135879	-0.04135879	-0.04135879









