# Time t    MSD(t)    d/dt MSD(t)
0.000000   0.000000   0.000000
0.249792   0.186462   0.380944
0.499583   0.190313   -0.029225
0.749375   0.171861   -0.027741
0.999167   0.176454   0.017766
1.248958   0.180737   0.013603
1.498750   0.183250   -0.004786
1.748542   0.178346   0.003420
1.998333   0.184959   0.015973
2.248125   0.186326   -0.011979
2.497917   0.178974   -0.008197
2.747708   0.182231   0.013251
2.997500   0.185594   0.003035
3.247292   0.183747   -0.010778
3.497083   0.180209   -0.009986
3.746875   0.178758   0.010107
3.996667   0.185259   0.005673
4.246458   0.181592   -0.009291
4.496250   0.180617   0.010425
4.746042   0.186800   -0.001707
4.995833   0.179764   -0.010817
5.245625   0.181396   0.006526
5.495417   0.183024   0.004804
5.745208   0.183796   0.007122
5.995000   0.186582   -0.010233
6.244792   0.178684   -0.015908
6.494583   0.178635   0.010835
6.744375   0.184097   0.007296
6.994167   0.182280   -0.000879
7.243958   0.183658   -0.000375
7.493750   0.182093   -0.010525
7.743542   0.178399   0.001741
7.993333   0.182963   0.005489
8.243125   0.181142   -0.009737
8.492917   0.178098   0.004590
8.742708   0.183435   0.002970
8.992500   0.179582   -0.004621
9.242292   0.181126   0.001339
9.492083   0.180251   0.006753
9.741875   0.184499   -0.008909
9.991667   0.175800   -0.007329
10.241458   0.180838   0.014916
10.491250   0.183252   0.002284
10.741042   0.181979   -0.011548
10.990833   0.177482   -0.012535
11.240625   0.175717   0.008616
11.490417   0.181786   0.005618
11.740208   0.178523   -0.006610
11.990000   0.178484   0.003984
12.239792   0.180513   -0.012660
12.489583   0.172160   0.003349
12.739375   0.182187   0.032414
12.989167   0.188353   -0.012218
13.238958   0.176083   -0.025031
13.488750   0.175848   0.023044
13.738542   0.187595   0.003351
13.988333   0.177522   -0.013041
14.238125   0.181080   0.022452
14.487917   0.188738   -0.000511
14.737708   0.180825   -0.023224
14.987500   0.177136   0.003086
15.237292   0.182367   0.022485
15.487083   0.188369   0.012017
15.736875   0.188370   -0.024596
15.986667   0.176082   -0.010924
16.236458   0.182913   0.018638
16.486250   0.185393   -0.017130
16.736042   0.174355   -0.018737
16.985833   0.176033   0.018862
17.235625   0.183778   0.024202
17.485417   0.188123   -0.002526
17.735208   0.182516   -0.023324
17.985000   0.176471   -0.000325
18.234792   0.182354   0.013696
18.484583   0.183313   -0.003573
18.734375   0.180569   -0.004603
18.984167   0.181014   -0.003857
19.233958   0.178642   -0.003599
19.483750   0.179216   0.005202
19.733542   0.181241   0.012107
19.983333   0.185264   -0.014380
20.233125   0.174056   -0.004278
20.482917   0.183127   0.019364
20.732708   0.183730   -0.001057
20.982500   0.182599   -0.001599
21.232292   0.182932   0.002531
21.482083   0.183863   0.008135
21.731875   0.186996   -0.011933
21.981667   0.177902   -0.008272
22.231458   0.182863   0.027481
22.481250   0.191631   -0.004762
22.731042   0.180484   -0.011058
22.980833   0.186107   0.024752
23.230625   0.192850   0.004667
23.480417   0.188439   -0.018702
23.730208   0.183507   0.007714
23.980000   0.192293   0.021385
24.229792   0.194190   -0.002846
24.479583   0.190871   -0.012559
24.729375   0.187916   -0.009074
24.979167   0.186338   -0.001239
25.228958   0.187297   0.003468
25.478750   0.188070   0.009369
25.728542   0.191978   0.001285
25.978333   0.188712   -0.019057
26.228125   0.182457   0.001321
26.477917   0.189372   0.008980
26.727708   0.186944   -0.016119
26.977500   0.181320   -0.004534
27.227292   0.184678   -0.002020
27.477083   0.180311   -0.016361
27.726875   0.176505   -0.003325
27.976667   0.178650   0.006908
28.226458   0.179955   0.001538
28.476250   0.179418   -0.013595
28.726042   0.173164   0.000674
28.975833   0.179755   0.016185
29.225625   0.181250   -0.017120
29.475417   0.171202   -0.014979
29.725208   0.173766   0.000614
29.975000   0.171509   0.003473
30.224792   0.175501   0.005841
30.474583   0.174427   0.000861
30.724375   0.175932   0.010446
30.974167   0.179646   0.000150
31.223958   0.176007   -0.005190
31.473750   0.177053   -0.006199
31.723542   0.172910   -0.001149
31.973333   0.176478   0.007727
32.223125   0.176770   0.007224
32.472917   0.180087   0.000295
32.722708   0.176917   -0.004905
32.972500   0.177637   -0.003382
33.222292   0.175228   0.010355
33.472083   0.182810   0.002451
33.721875   0.176452   -0.007548
33.971667   0.179039   0.013359
34.221458   0.183126   0.008438
34.471250   0.183254   -0.011381
34.721042   0.177440   -0.008485
34.970833   0.179015   0.005229
35.220625   0.180052   0.013060
35.470417   0.185540   0.019028
35.720208   0.189559   -0.015302
35.970000   0.177895   -0.015850
36.219792   0.181640   0.016143
36.469583   0.185960   0.004066
36.719375   0.183672   -0.022126
36.969167   0.174906   -0.011113
37.218958   0.178120   0.019615
37.468750   0.184705   0.008892
37.718542   0.182562   -0.007593
37.968333   0.180912   -0.008450
38.218125   0.178341   0.006259
38.467917   0.184039   0.019996
38.717708   0.188331   -0.006080
38.967500   0.181001   -0.036792
39.217292   0.169950   0.007450
39.467083   0.184723   0.028656
39.716875   0.184266   -0.013095
39.966667   0.178181   -0.018050
40.216458   0.175248   0.012730
40.466250   0.184541   0.021405
40.716042   0.185942   -0.021461
40.965833   0.173819   -0.002523
41.215625   0.184682   0.023094
41.465417   0.185357   -0.009919
41.715208   0.179726   -0.007027
41.965000   0.181846   0.010787
42.214792   0.185115   0.003262
42.464583   0.183476   -0.021029
42.714375   0.174609   -0.009733
42.964167   0.178613   0.018453
43.213958   0.183828   -0.022023
43.463750   0.167611   -0.017077
43.713542   0.175297   0.025684
43.963333   0.180443   0.005689
44.213125   0.178139   -0.007353
44.462917   0.176769   -0.008871
44.712708   0.173707   -0.004217
44.962500   0.174663   0.007528
45.212292   0.177468   0.009863
45.462083   0.179590   -0.004221
45.711875   0.175360   0.014011
45.961667   0.186590   -0.001304
46.211458   0.174708   -0.024354
46.461250   0.174423   0.014078
46.711042   0.181741   0.013362
46.960833   0.181098   0.005079
47.210625   0.184279   -0.023733
47.460417   0.169241   -0.009883
47.710208   0.179342   0.030538
47.960000   0.184498   -0.005100
48.209792   0.176794   -0.026499
48.459583   0.171259   -0.000483
48.709375   0.176553   0.010694
48.959167   0.176602   0.002604
49.208958   0.177854   -0.000437
49.458750   0.176384   0.001491
49.708542   0.178598   0.000967
49.958333   0.176867   -0.019350
50.208125   0.168931   0.001287
50.457917   0.177510   0.028091
50.707708   0.182965   0.004397
50.957500   0.179707   -0.018962
51.207292   0.173492   -0.004690
51.457083   0.177364   0.011126
51.706875   0.179050   -0.006094
51.956667   0.174319   -0.003239
52.206458   0.177432   0.007511
52.456250   0.178072   -0.001033
52.706042   0.176916   0.004594
52.955833   0.180367   0.007180
53.205625   0.180503   0.004693
53.455417   0.182711   -0.002417
53.705208   0.179295   -0.015909
53.955000   0.174763   -0.009393
54.204792   0.174603   0.007363
54.454583   0.178442   0.003181
54.704375   0.176192   -0.009007
