# Time t    MSD(t)    d/dt MSD(t)
0.000000   0.000000   0.000000
0.249792   0.281479   1.031135
0.499583   0.515138   0.926352
0.749375   0.744269   0.924182
0.999167   0.976844   0.913838
1.248958   1.200808   0.892697
1.498750   1.422820   0.912694
1.748542   1.656775   0.977485
1.998333   1.911156   1.035797
2.248125   2.174241   1.056855
2.497917   2.439142   1.066599
2.747708   2.707096   1.105201
2.997500   2.991282   1.127128
3.247292   3.270190   1.116932
3.497083   3.549283   1.139937
3.746875   3.839684   1.146012
3.996667   4.121811   1.101911
4.246458   4.390180   1.069296
4.496250   4.656014   1.064026
4.746042   4.921750   1.073487
4.995833   5.192310   1.114112
5.245625   5.478342   1.157994
5.495417   5.770825   1.150334
5.745208   6.053030   1.116823
5.995000   6.328771   1.116267
6.244792   6.610698   1.127791
6.494583   6.892197   1.158287
6.744375   7.189359   1.153782
6.994167   7.468607   1.119232
7.243958   7.748509   1.148196
7.493750   8.042226   1.201736
7.743542   8.348876   1.206584
7.993333   8.645016   1.152531
8.243125   8.924661   1.107190
8.492917   9.198149   1.086120
8.742708   9.467268   1.038574
8.992500   9.717003   0.983978
9.242292   9.958847   0.955090
9.492083   10.194151   0.939638
9.741875   10.428275   0.949029
9.991667   10.668270   0.923541
10.241458   10.889660   0.878579
10.491250   11.107193   0.841994
10.741042   11.310307   0.842894
10.990833   11.528289   0.869250
11.240625   11.744570   0.857729
11.490417   11.956796   0.820324
11.740208   12.154390   0.784841
11.990000   12.348890   0.746384
12.239792   12.527271   0.720783
12.489583   12.708981   0.743690
12.739375   12.898806   0.731931
12.989167   13.074641   0.715557
13.238958   13.256286   0.718930
13.488750   13.433807   0.722709
13.738542   13.617340   0.764527
13.988333   13.815752   0.776292
14.238125   14.005162   0.780121
14.487917   14.205487   0.760778
14.737708   14.385234   0.730721
14.987500   14.570543   0.752387
15.237292   14.761114   0.770615
15.487083   14.955529   0.813844
15.736875   15.167697   0.819163
15.986667   15.364770   0.784921
16.236458   15.559830   0.782757
16.486250   15.755822   0.813399
16.736042   15.966191   0.846719
16.985833   16.178829   0.893138
17.235625   16.412388   0.935598
17.485417   16.646238   0.941485
17.735208   16.882738   1.007971
17.985000   17.149803   1.077675
18.234792   17.421127   1.078236
18.484583   17.688472   1.102846
18.734375   17.972090   1.104672
18.984167   18.240348   1.114909
19.233958   18.529081   1.134144
19.483750   18.806947   1.148223
19.733542   19.102714   1.165784
19.983333   19.389353   1.141873
20.233125   19.673175   1.115649
20.482917   19.946713   1.170062
20.732708   20.257718   1.260577
20.982500   20.576476   1.320516
21.232292   20.917426   1.366544
21.482083   21.259179   1.335589
21.731875   21.584664   1.228119
21.981667   21.872727   1.149834
22.231458   22.159102   1.125116
22.481250   22.434816   1.065783
22.731042   22.691549   1.019439
22.980833   22.944110   1.024018
23.230625   23.203132   1.034496
23.480417   23.460927   1.093163
23.730208   23.749258   1.178321
23.980000   24.049597   1.111443
24.229792   24.304516   0.968524
24.479583   24.533455   0.887867
24.729375   24.748079   0.822837
24.979167   24.944531   0.820335
25.228958   25.157905   0.951408
25.478750   25.419838   1.034927
25.728542   25.674937   1.039059
25.978333   25.938935   1.091137
26.228125   26.220051   1.149178
26.477917   26.513045   1.139780
26.727708   26.789466   1.073203
26.977500   27.049199   1.039382
27.227292   27.308724   0.999542
27.477083   27.548554   1.023149
27.726875   27.819872   0.988960
27.976667   28.042622   0.813499
28.226458   28.226282   0.750539
28.476250   28.417578   0.773440
28.726042   28.612680   0.785683
28.975833   28.810092   0.846469
29.225625   29.035562   0.913051
29.475417   29.266238   0.933343
29.725208   29.501845   0.972835
29.975000   29.752250   0.974844
30.224792   29.988861   0.845376
30.474583   30.174586   0.736050
30.724375   30.356579   0.715599
30.974167   30.532087   0.662575
31.223958   30.687590   0.665821
31.473750   30.864720   0.775666
31.723542   31.075100   0.880673
31.973333   31.304690   0.986993
32.223125   31.568185   1.156402
32.472917   31.882409   1.227837
32.722708   32.181592   1.322617
32.972500   32.543167   1.470726
33.222292   32.916342   1.385148
33.472083   33.235163   1.252581
33.721875   33.542111   1.208579
33.971667   33.838949   1.168607
34.221458   34.125927   1.109687
34.471250   34.393331   1.004242
34.721042   34.627630   0.965285
34.970833   34.875571   1.099460
35.220625   35.176902   1.271982
35.470417   35.511032   1.337802
35.720208   35.845245   1.321124
35.970000   36.171044   1.274741
36.219792   36.482085   1.257385
36.469583   36.799212   1.246883
36.719375   37.105007   1.200770
36.969167   37.399097   1.158299
37.218958   37.683674   1.069110
37.468750   37.933206   0.951951
37.718542   38.159253   0.824634
37.968333   38.345180   0.771543
38.218125   38.544703   0.853208
38.467917   38.771428   0.932470
38.717708   39.010549   0.992991
38.967500   39.267510   1.090631
39.217292   39.555410   1.144199
39.467083   39.839133   1.179202
39.716875   40.144520   1.180732
39.966667   40.429007   1.005612
40.216458   40.646907   0.746427
40.466250   40.801910   0.619534
40.716042   40.956416   0.605754
40.965833   41.104534   0.599776
41.215625   41.256054   0.561141
41.465417   41.384871   0.440085
41.715208   41.475913   0.346895
41.965000   41.558174   0.352900
42.214792   41.652217   0.344108
42.464583   41.730084   0.366141
42.714375   41.835135   0.495371
42.964167   41.977563   0.536455
43.213958   42.103139   0.591958
43.463750   42.273296   0.714275
43.713542   42.459978   0.720127
43.963333   42.633059   0.690874
44.213125   42.805128   0.694919
44.462917   42.980229   0.680540
44.712708   43.145114   0.739996
44.962500   43.349919   0.797634
45.212292   43.543599   0.773413
45.462083   43.736303   0.787700
45.711875   43.937121   0.850173
45.961667   44.161036   0.985802
46.211458   44.429611   1.090371
46.461250   44.705767   1.165480
46.711042   45.011866   1.258554
46.960833   45.334520   1.270540
47.210625   45.646606   1.326573
47.460417   45.997253   1.366977
47.710208   46.329525   1.303807
47.960000   46.648614   1.227809
48.209792   46.942918   1.144255
48.459583   47.220264   1.096737
48.709375   47.490830   1.119784
48.959167   47.779690   1.089068
49.208958   48.034910   1.034244
49.458750   48.296381   1.057360
49.708542   48.563149   1.011659
49.958333   48.801789   0.933007
50.208125   49.029264   0.959793
50.457917   49.281286   0.997718
50.707708   49.527707   0.939021
50.957500   49.750405   0.746481
51.207292   49.900637   0.577115
51.457083   50.038722   0.467521
51.706875   50.134203   0.375073
51.956667   50.226102   0.387217
52.206458   50.327650   0.381964
52.456250   50.416925   0.388916
52.706042   50.521946   0.352021
52.955833   50.592789   0.351496
53.205625   50.697547   0.394757
53.455417   50.790003   0.325526
53.705208   50.860175   0.205627
53.955000   50.892731   0.137180
54.204792   50.928708   0.097514
54.454583   50.941447   0.127145
54.704375   50.992227   0.203289
